2.1333333333333333;0.0;7.422222222222222;0.9777777777777779;2.9111111111111114;5.096666666666667;0.0;14.0;2.1;0.0;8.233333333333333;0.9444444444444443;2.8444444444444446;4.166666666666666;0.0;15.0;2.1222222222222222;0.0;7.411111111111111;0.9111111111111111;2.8666666666666667;4.293333333333334;0.0;15.0;2.111111111111111;0.0;8.177777777777779;0.8777777777777778;2.8222222222222224;4.375;0.0;16.0;2.111111111111111;0.0;7.400000000000001;0.8444444444444444;2.8222222222222224;4.638333333333333;0.0;16.0;2.1222222222222222;0.0;8.200000000000001;0.8444444444444444;2.8555555555555556;4.41;0.0;17.0;2.1444444444444444;0.0;7.2555555555555555;0.9;2.8333333333333335;3.9033333333333338;0.0;17.0;2.1888888888888887;0.0;8.088888888888889;0.8555555555555556;2.8666666666666667;4.546666666666666;0.0;18.0;2.1444444444444444;0.0;7.222222222222222;0.8555555555555556;2.8222222222222224;4.821666666666666;0.0;18.0;2.1666666666666665;0.0;8.644444444444444;0.9444444444444443;2.8333333333333335;4.123333333333333;0.0;19.0;0.0
2.1;0.0;8.233333333333333;0.9444444444444443;2.8444444444444446;4.166666666666666;0.0;15.0;2.1222222222222222;0.0;7.411111111111111;0.9111111111111111;2.8666666666666667;4.293333333333334;0.0;15.0;2.111111111111111;0.0;8.177777777777779;0.8777777777777778;2.8222222222222224;4.375;0.0;16.0;2.111111111111111;0.0;7.400000000000001;0.8444444444444444;2.8222222222222224;4.638333333333333;0.0;16.0;2.1222222222222222;0.0;8.200000000000001;0.8444444444444444;2.8555555555555556;4.41;0.0;17.0;2.1444444444444444;0.0;7.2555555555555555;0.9;2.8333333333333335;3.9033333333333338;0.0;17.0;2.1888888888888887;0.0;8.088888888888889;0.8555555555555556;2.8666666666666667;4.546666666666666;0.0;18.0;2.1444444444444444;0.0;7.222222222222222;0.8555555555555556;2.8222222222222224;4.821666666666666;0.0;18.0;2.1666666666666665;0.0;8.644444444444444;0.9444444444444443;2.8333333333333335;4.123333333333333;0.0;19.0;2.1888888888888887;0.0;7.311111111111111;0.8777777777777779;2.788888888888889;4.28;0.0;19.0;0.0
2.1222222222222222;0.0;7.411111111111111;0.9111111111111111;2.8666666666666667;4.293333333333334;0.0;15.0;2.111111111111111;0.0;8.177777777777779;0.8777777777777778;2.8222222222222224;4.375;0.0;16.0;2.111111111111111;0.0;7.400000000000001;0.8444444444444444;2.8222222222222224;4.638333333333333;0.0;16.0;2.1222222222222222;0.0;8.200000000000001;0.8444444444444444;2.8555555555555556;4.41;0.0;17.0;2.1444444444444444;0.0;7.2555555555555555;0.9;2.8333333333333335;3.9033333333333338;0.0;17.0;2.1888888888888887;0.0;8.088888888888889;0.8555555555555556;2.8666666666666667;4.546666666666666;0.0;18.0;2.1444444444444444;0.0;7.222222222222222;0.8555555555555556;2.8222222222222224;4.821666666666666;0.0;18.0;2.1666666666666665;0.0;8.644444444444444;0.9444444444444443;2.8333333333333335;4.123333333333333;0.0;19.0;2.1888888888888887;0.0;7.311111111111111;0.8777777777777779;2.788888888888889;4.28;0.0;19.0;2.1555555555555554;0.0;8.533333333333333;0.9111111111111111;2.8666666666666667;3.983333333333334;0.0;20.0;0.0
2.111111111111111;0.0;8.177777777777779;0.8777777777777778;2.8222222222222224;4.375;0.0;16.0;2.111111111111111;0.0;7.400000000000001;0.8444444444444444;2.8222222222222224;4.638333333333333;0.0;16.0;2.1222222222222222;0.0;8.200000000000001;0.8444444444444444;2.8555555555555556;4.41;0.0;17.0;2.1444444444444444;0.0;7.2555555555555555;0.9;2.8333333333333335;3.9033333333333338;0.0;17.0;2.1888888888888887;0.0;8.088888888888889;0.8555555555555556;2.8666666666666667;4.546666666666666;0.0;18.0;2.1444444444444444;0.0;7.222222222222222;0.8555555555555556;2.8222222222222224;4.821666666666666;0.0;18.0;2.1666666666666665;0.0;8.644444444444444;0.9444444444444443;2.8333333333333335;4.123333333333333;0.0;19.0;2.1888888888888887;0.0;7.311111111111111;0.8777777777777779;2.788888888888889;4.28;0.0;19.0;2.1555555555555554;0.0;8.533333333333333;0.9111111111111111;2.8666666666666667;3.983333333333334;0.0;20.0;2.1666666666666665;0.0;7.3;0.8666666666666666;2.8666666666666667;4.283333333333333;0.0;20.0;0.0
2.111111111111111;0.0;7.400000000000001;0.8444444444444444;2.8222222222222224;4.638333333333333;0.0;16.0;2.1222222222222222;0.0;8.200000000000001;0.8444444444444444;2.8555555555555556;4.41;0.0;17.0;2.1444444444444444;0.0;7.2555555555555555;0.9;2.8333333333333335;3.9033333333333338;0.0;17.0;2.1888888888888887;0.0;8.088888888888889;0.8555555555555556;2.8666666666666667;4.546666666666666;0.0;18.0;2.1444444444444444;0.0;7.222222222222222;0.8555555555555556;2.8222222222222224;4.821666666666666;0.0;18.0;2.1666666666666665;0.0;8.644444444444444;0.9444444444444443;2.8333333333333335;4.123333333333333;0.0;19.0;2.1888888888888887;0.0;7.311111111111111;0.8777777777777779;2.788888888888889;4.28;0.0;19.0;2.1555555555555554;0.0;8.533333333333333;0.9111111111111111;2.8666666666666667;3.983333333333334;0.0;20.0;2.1666666666666665;0.0;7.3;0.8666666666666666;2.8666666666666667;4.283333333333333;0.0;20.0;2.1333333333333333;0.0;8.011111111111111;0.8777777777777778;2.888888888888889;3.81;0.0;21.0;0.0
2.1222222222222222;0.0;8.200000000000001;0.8444444444444444;2.8555555555555556;4.41;0.0;17.0;2.1444444444444444;0.0;7.2555555555555555;0.9;2.8333333333333335;3.9033333333333338;0.0;17.0;2.1888888888888887;0.0;8.088888888888889;0.8555555555555556;2.8666666666666667;4.546666666666666;0.0;18.0;2.1444444444444444;0.0;7.222222222222222;0.8555555555555556;2.8222222222222224;4.821666666666666;0.0;18.0;2.1666666666666665;0.0;8.644444444444444;0.9444444444444443;2.8333333333333335;4.123333333333333;0.0;19.0;2.1888888888888887;0.0;7.311111111111111;0.8777777777777779;2.788888888888889;4.28;0.0;19.0;2.1555555555555554;0.0;8.533333333333333;0.9111111111111111;2.8666666666666667;3.983333333333334;0.0;20.0;2.1666666666666665;0.0;7.3;0.8666666666666666;2.8666666666666667;4.283333333333333;0.0;20.0;2.1333333333333333;0.0;8.011111111111111;0.8777777777777778;2.888888888888889;3.81;0.0;21.0;2.1555555555555554;0.0;7.644444444444445;0.8555555555555555;2.8111111111111113;4.055000000000001;0.0;21.0;0.0
2.1444444444444444;0.0;7.2555555555555555;0.9;2.8333333333333335;3.9033333333333338;0.0;17.0;2.1888888888888887;0.0;8.088888888888889;0.8555555555555556;2.8666666666666667;4.546666666666666;0.0;18.0;2.1444444444444444;0.0;7.222222222222222;0.8555555555555556;2.8222222222222224;4.821666666666666;0.0;18.0;2.1666666666666665;0.0;8.644444444444444;0.9444444444444443;2.8333333333333335;4.123333333333333;0.0;19.0;2.1888888888888887;0.0;7.311111111111111;0.8777777777777779;2.788888888888889;4.28;0.0;19.0;2.1555555555555554;0.0;8.533333333333333;0.9111111111111111;2.8666666666666667;3.983333333333334;0.0;20.0;2.1666666666666665;0.0;7.3;0.8666666666666666;2.8666666666666667;4.283333333333333;0.0;20.0;2.1333333333333333;0.0;8.011111111111111;0.8777777777777778;2.888888888888889;3.81;0.0;21.0;2.1555555555555554;0.0;7.644444444444445;0.8555555555555555;2.8111111111111113;4.055000000000001;0.0;21.0;2.1444444444444444;0.0;8.21111111111111;0.8555555555555555;2.8666666666666667;4.328333333333333;0.0;22.0;0.0
2.1888888888888887;0.0;8.088888888888889;0.8555555555555556;2.8666666666666667;4.546666666666666;0.0;18.0;2.1444444444444444;0.0;7.222222222222222;0.8555555555555556;2.8222222222222224;4.821666666666666;0.0;18.0;2.1666666666666665;0.0;8.644444444444444;0.9444444444444443;2.8333333333333335;4.123333333333333;0.0;19.0;2.1888888888888887;0.0;7.311111111111111;0.8777777777777779;2.788888888888889;4.28;0.0;19.0;2.1555555555555554;0.0;8.533333333333333;0.9111111111111111;2.8666666666666667;3.983333333333334;0.0;20.0;2.1666666666666665;0.0;7.3;0.8666666666666666;2.8666666666666667;4.283333333333333;0.0;20.0;2.1333333333333333;0.0;8.011111111111111;0.8777777777777778;2.888888888888889;3.81;0.0;21.0;2.1555555555555554;0.0;7.644444444444445;0.8555555555555555;2.8111111111111113;4.055000000000001;0.0;21.0;2.1444444444444444;0.0;8.21111111111111;0.8555555555555555;2.8666666666666667;4.328333333333333;0.0;22.0;2.0999999999999996;0.0;7.322222222222223;0.8444444444444444;2.888888888888889;3.948333333333333;0.0;22.0;0.0
2.1444444444444444;0.0;7.222222222222222;0.8555555555555556;2.8222222222222224;4.821666666666666;0.0;18.0;2.1666666666666665;0.0;8.644444444444444;0.9444444444444443;2.8333333333333335;4.123333333333333;0.0;19.0;2.1888888888888887;0.0;7.311111111111111;0.8777777777777779;2.788888888888889;4.28;0.0;19.0;2.1555555555555554;0.0;8.533333333333333;0.9111111111111111;2.8666666666666667;3.983333333333334;0.0;20.0;2.1666666666666665;0.0;7.3;0.8666666666666666;2.8666666666666667;4.283333333333333;0.0;20.0;2.1333333333333333;0.0;8.011111111111111;0.8777777777777778;2.888888888888889;3.81;0.0;21.0;2.1555555555555554;0.0;7.644444444444445;0.8555555555555555;2.8111111111111113;4.055000000000001;0.0;21.0;2.1444444444444444;0.0;8.21111111111111;0.8555555555555555;2.8666666666666667;4.328333333333333;0.0;22.0;2.0999999999999996;0.0;7.322222222222223;0.8444444444444444;2.888888888888889;3.948333333333333;0.0;22.0;2.0999999999999996;0.0;8.411111111111111;0.7999999999999999;2.8666666666666667;4.1433333333333335;0.0;23.0;0.0
2.1666666666666665;0.0;8.644444444444444;0.9444444444444443;2.8333333333333335;4.123333333333333;0.0;19.0;2.1888888888888887;0.0;7.311111111111111;0.8777777777777779;2.788888888888889;4.28;0.0;19.0;2.1555555555555554;0.0;8.533333333333333;0.9111111111111111;2.8666666666666667;3.983333333333334;0.0;20.0;2.1666666666666665;0.0;7.3;0.8666666666666666;2.8666666666666667;4.283333333333333;0.0;20.0;2.1333333333333333;0.0;8.011111111111111;0.8777777777777778;2.888888888888889;3.81;0.0;21.0;2.1555555555555554;0.0;7.644444444444445;0.8555555555555555;2.8111111111111113;4.055000000000001;0.0;21.0;2.1444444444444444;0.0;8.21111111111111;0.8555555555555555;2.8666666666666667;4.328333333333333;0.0;22.0;2.0999999999999996;0.0;7.322222222222223;0.8444444444444444;2.888888888888889;3.948333333333333;0.0;22.0;2.0999999999999996;0.0;8.411111111111111;0.7999999999999999;2.8666666666666667;4.1433333333333335;0.0;23.0;2.0999999999999996;0.0;7.977777777777778;0.8111111111111112;2.8666666666666667;4.685;0.0;23.0;0.0
2.1888888888888887;0.0;7.311111111111111;0.8777777777777779;2.788888888888889;4.28;0.0;19.0;2.1555555555555554;0.0;8.533333333333333;0.9111111111111111;2.8666666666666667;3.983333333333334;0.0;20.0;2.1666666666666665;0.0;7.3;0.8666666666666666;2.8666666666666667;4.283333333333333;0.0;20.0;2.1333333333333333;0.0;8.011111111111111;0.8777777777777778;2.888888888888889;3.81;0.0;21.0;2.1555555555555554;0.0;7.644444444444445;0.8555555555555555;2.8111111111111113;4.055000000000001;0.0;21.0;2.1444444444444444;0.0;8.21111111111111;0.8555555555555555;2.8666666666666667;4.328333333333333;0.0;22.0;2.0999999999999996;0.0;7.322222222222223;0.8444444444444444;2.888888888888889;3.948333333333333;0.0;22.0;2.0999999999999996;0.0;8.411111111111111;0.7999999999999999;2.8666666666666667;4.1433333333333335;0.0;23.0;2.0999999999999996;0.0;7.977777777777778;0.8111111111111112;2.8666666666666667;4.685;0.0;23.0;2.1222222222222222;0.0;8.41904761904762;0.7333333333333334;2.8555555555555556;3.7883333333333336;1.0;0.0;0.0
2.1555555555555554;0.0;8.533333333333333;0.9111111111111111;2.8666666666666667;3.983333333333334;0.0;20.0;2.1666666666666665;0.0;7.3;0.8666666666666666;2.8666666666666667;4.283333333333333;0.0;20.0;2.1333333333333333;0.0;8.011111111111111;0.8777777777777778;2.888888888888889;3.81;0.0;21.0;2.1555555555555554;0.0;7.644444444444445;0.8555555555555555;2.8111111111111113;4.055000000000001;0.0;21.0;2.1444444444444444;0.0;8.21111111111111;0.8555555555555555;2.8666666666666667;4.328333333333333;0.0;22.0;2.0999999999999996;0.0;7.322222222222223;0.8444444444444444;2.888888888888889;3.948333333333333;0.0;22.0;2.0999999999999996;0.0;8.411111111111111;0.7999999999999999;2.8666666666666667;4.1433333333333335;0.0;23.0;2.0999999999999996;0.0;7.977777777777778;0.8111111111111112;2.8666666666666667;4.685;0.0;23.0;2.1222222222222222;0.0;8.41904761904762;0.7333333333333334;2.8555555555555556;3.7883333333333336;1.0;0.0;2.1;0.0;7.922222222222222;0.7888888888888889;2.8222222222222224;3.973333333333333;1.0;0.0;0.0
2.1666666666666665;0.0;7.3;0.8666666666666666;2.8666666666666667;4.283333333333333;0.0;20.0;2.1333333333333333;0.0;8.011111111111111;0.8777777777777778;2.888888888888889;3.81;0.0;21.0;2.1555555555555554;0.0;7.644444444444445;0.8555555555555555;2.8111111111111113;4.055000000000001;0.0;21.0;2.1444444444444444;0.0;8.21111111111111;0.8555555555555555;2.8666666666666667;4.328333333333333;0.0;22.0;2.0999999999999996;0.0;7.322222222222223;0.8444444444444444;2.888888888888889;3.948333333333333;0.0;22.0;2.0999999999999996;0.0;8.411111111111111;0.7999999999999999;2.8666666666666667;4.1433333333333335;0.0;23.0;2.0999999999999996;0.0;7.977777777777778;0.8111111111111112;2.8666666666666667;4.685;0.0;23.0;2.1222222222222222;0.0;8.41904761904762;0.7333333333333334;2.8555555555555556;3.7883333333333336;1.0;0.0;2.1;0.0;7.922222222222222;0.7888888888888889;2.8222222222222224;3.973333333333333;1.0;0.0;2.1444444444444444;0.0;8.311111111111112;0.8333333333333334;2.8777777777777778;3.823333333333333;1.0;1.0;0.0
2.1333333333333333;0.0;8.011111111111111;0.8777777777777778;2.888888888888889;3.81;0.0;21.0;2.1555555555555554;0.0;7.644444444444445;0.8555555555555555;2.8111111111111113;4.055000000000001;0.0;21.0;2.1444444444444444;0.0;8.21111111111111;0.8555555555555555;2.8666666666666667;4.328333333333333;0.0;22.0;2.0999999999999996;0.0;7.322222222222223;0.8444444444444444;2.888888888888889;3.948333333333333;0.0;22.0;2.0999999999999996;0.0;8.411111111111111;0.7999999999999999;2.8666666666666667;4.1433333333333335;0.0;23.0;2.0999999999999996;0.0;7.977777777777778;0.8111111111111112;2.8666666666666667;4.685;0.0;23.0;2.1222222222222222;0.0;8.41904761904762;0.7333333333333334;2.8555555555555556;3.7883333333333336;1.0;0.0;2.1;0.0;7.922222222222222;0.7888888888888889;2.8222222222222224;3.973333333333333;1.0;0.0;2.1444444444444444;0.0;8.311111111111112;0.8333333333333334;2.8777777777777778;3.823333333333333;1.0;1.0;2.1333333333333333;0.0;7.466666666666666;0.811111111111111;2.8111111111111113;3.5933333333333333;1.0;1.0;0.0
2.1555555555555554;0.0;7.644444444444445;0.8555555555555555;2.8111111111111113;4.055000000000001;0.0;21.0;2.1444444444444444;0.0;8.21111111111111;0.8555555555555555;2.8666666666666667;4.328333333333333;0.0;22.0;2.0999999999999996;0.0;7.322222222222223;0.8444444444444444;2.888888888888889;3.948333333333333;0.0;22.0;2.0999999999999996;0.0;8.411111111111111;0.7999999999999999;2.8666666666666667;4.1433333333333335;0.0;23.0;2.0999999999999996;0.0;7.977777777777778;0.8111111111111112;2.8666666666666667;4.685;0.0;23.0;2.1222222222222222;0.0;8.41904761904762;0.7333333333333334;2.8555555555555556;3.7883333333333336;1.0;0.0;2.1;0.0;7.922222222222222;0.7888888888888889;2.8222222222222224;3.973333333333333;1.0;0.0;2.1444444444444444;0.0;8.311111111111112;0.8333333333333334;2.8777777777777778;3.823333333333333;1.0;1.0;2.1333333333333333;0.0;7.466666666666666;0.811111111111111;2.8111111111111113;3.5933333333333333;1.0;1.0;2.1666666666666665;0.0;8.366666666666667;0.8444444444444446;2.8333333333333335;4.581666666666666;1.0;2.0;0.0
2.1444444444444444;0.0;8.21111111111111;0.8555555555555555;2.8666666666666667;4.328333333333333;0.0;22.0;2.0999999999999996;0.0;7.322222222222223;0.8444444444444444;2.888888888888889;3.948333333333333;0.0;22.0;2.0999999999999996;0.0;8.411111111111111;0.7999999999999999;2.8666666666666667;4.1433333333333335;0.0;23.0;2.0999999999999996;0.0;7.977777777777778;0.8111111111111112;2.8666666666666667;4.685;0.0;23.0;2.1222222222222222;0.0;8.41904761904762;0.7333333333333334;2.8555555555555556;3.7883333333333336;1.0;0.0;2.1;0.0;7.922222222222222;0.7888888888888889;2.8222222222222224;3.973333333333333;1.0;0.0;2.1444444444444444;0.0;8.311111111111112;0.8333333333333334;2.8777777777777778;3.823333333333333;1.0;1.0;2.1333333333333333;0.0;7.466666666666666;0.811111111111111;2.8111111111111113;3.5933333333333333;1.0;1.0;2.1666666666666665;0.0;8.366666666666667;0.8444444444444446;2.8333333333333335;4.581666666666666;1.0;2.0;2.3000000000000003;0.0;15.655555555555557;1.7666666666666664;2.877777777777778;5.523333333333333;1.0;2.0;0.0
2.0999999999999996;0.0;7.322222222222223;0.8444444444444444;2.888888888888889;3.948333333333333;0.0;22.0;2.0999999999999996;0.0;8.411111111111111;0.7999999999999999;2.8666666666666667;4.1433333333333335;0.0;23.0;2.0999999999999996;0.0;7.977777777777778;0.8111111111111112;2.8666666666666667;4.685;0.0;23.0;2.1222222222222222;0.0;8.41904761904762;0.7333333333333334;2.8555555555555556;3.7883333333333336;1.0;0.0;2.1;0.0;7.922222222222222;0.7888888888888889;2.8222222222222224;3.973333333333333;1.0;0.0;2.1444444444444444;0.0;8.311111111111112;0.8333333333333334;2.8777777777777778;3.823333333333333;1.0;1.0;2.1333333333333333;0.0;7.466666666666666;0.811111111111111;2.8111111111111113;3.5933333333333333;1.0;1.0;2.1666666666666665;0.0;8.366666666666667;0.8444444444444446;2.8333333333333335;4.581666666666666;1.0;2.0;2.3000000000000003;0.0;15.655555555555557;1.7666666666666664;2.877777777777778;5.523333333333333;1.0;2.0;2.1333333333333333;0.0;8.266666666666667;0.8555555555555556;2.788888888888889;3.8699999999999997;1.0;3.0;0.0
2.0999999999999996;0.0;8.411111111111111;0.7999999999999999;2.8666666666666667;4.1433333333333335;0.0;23.0;2.0999999999999996;0.0;7.977777777777778;0.8111111111111112;2.8666666666666667;4.685;0.0;23.0;2.1222222222222222;0.0;8.41904761904762;0.7333333333333334;2.8555555555555556;3.7883333333333336;1.0;0.0;2.1;0.0;7.922222222222222;0.7888888888888889;2.8222222222222224;3.973333333333333;1.0;0.0;2.1444444444444444;0.0;8.311111111111112;0.8333333333333334;2.8777777777777778;3.823333333333333;1.0;1.0;2.1333333333333333;0.0;7.466666666666666;0.811111111111111;2.8111111111111113;3.5933333333333333;1.0;1.0;2.1666666666666665;0.0;8.366666666666667;0.8444444444444446;2.8333333333333335;4.581666666666666;1.0;2.0;2.3000000000000003;0.0;15.655555555555557;1.7666666666666664;2.877777777777778;5.523333333333333;1.0;2.0;2.1333333333333333;0.0;8.266666666666667;0.8555555555555556;2.788888888888889;3.8699999999999997;1.0;3.0;2.1;0.0;7.311111111111113;0.8222222222222221;2.8111111111111113;3.2733333333333334;1.0;3.0;0.0
2.0999999999999996;0.0;7.977777777777778;0.8111111111111112;2.8666666666666667;4.685;0.0;23.0;2.1222222222222222;0.0;8.41904761904762;0.7333333333333334;2.8555555555555556;3.7883333333333336;1.0;0.0;2.1;0.0;7.922222222222222;0.7888888888888889;2.8222222222222224;3.973333333333333;1.0;0.0;2.1444444444444444;0.0;8.311111111111112;0.8333333333333334;2.8777777777777778;3.823333333333333;1.0;1.0;2.1333333333333333;0.0;7.466666666666666;0.811111111111111;2.8111111111111113;3.5933333333333333;1.0;1.0;2.1666666666666665;0.0;8.366666666666667;0.8444444444444446;2.8333333333333335;4.581666666666666;1.0;2.0;2.3000000000000003;0.0;15.655555555555557;1.7666666666666664;2.877777777777778;5.523333333333333;1.0;2.0;2.1333333333333333;0.0;8.266666666666667;0.8555555555555556;2.788888888888889;3.8699999999999997;1.0;3.0;2.1;0.0;7.311111111111113;0.8222222222222221;2.8111111111111113;3.2733333333333334;1.0;3.0;2.1222222222222222;0.0;8.177777777777779;0.8222222222222221;2.8000000000000003;4.008333333333334;1.0;4.0;0.0
2.1222222222222222;0.0;8.41904761904762;0.7333333333333334;2.8555555555555556;3.7883333333333336;1.0;0.0;2.1;0.0;7.922222222222222;0.7888888888888889;2.8222222222222224;3.973333333333333;1.0;0.0;2.1444444444444444;0.0;8.311111111111112;0.8333333333333334;2.8777777777777778;3.823333333333333;1.0;1.0;2.1333333333333333;0.0;7.466666666666666;0.811111111111111;2.8111111111111113;3.5933333333333333;1.0;1.0;2.1666666666666665;0.0;8.366666666666667;0.8444444444444446;2.8333333333333335;4.581666666666666;1.0;2.0;2.3000000000000003;0.0;15.655555555555557;1.7666666666666664;2.877777777777778;5.523333333333333;1.0;2.0;2.1333333333333333;0.0;8.266666666666667;0.8555555555555556;2.788888888888889;3.8699999999999997;1.0;3.0;2.1;0.0;7.311111111111113;0.8222222222222221;2.8111111111111113;3.2733333333333334;1.0;3.0;2.1222222222222222;0.0;8.177777777777779;0.8222222222222221;2.8000000000000003;4.008333333333334;1.0;4.0;2.1;0.0;7.544444444444443;0.811111111111111;2.744444444444445;3.8816666666666664;1.0;4.0;0.0
2.1;0.0;7.922222222222222;0.7888888888888889;2.8222222222222224;3.973333333333333;1.0;0.0;2.1444444444444444;0.0;8.311111111111112;0.8333333333333334;2.8777777777777778;3.823333333333333;1.0;1.0;2.1333333333333333;0.0;7.466666666666666;0.811111111111111;2.8111111111111113;3.5933333333333333;1.0;1.0;2.1666666666666665;0.0;8.366666666666667;0.8444444444444446;2.8333333333333335;4.581666666666666;1.0;2.0;2.3000000000000003;0.0;15.655555555555557;1.7666666666666664;2.877777777777778;5.523333333333333;1.0;2.0;2.1333333333333333;0.0;8.266666666666667;0.8555555555555556;2.788888888888889;3.8699999999999997;1.0;3.0;2.1;0.0;7.311111111111113;0.8222222222222221;2.8111111111111113;3.2733333333333334;1.0;3.0;2.1222222222222222;0.0;8.177777777777779;0.8222222222222221;2.8000000000000003;4.008333333333334;1.0;4.0;2.1;0.0;7.544444444444443;0.811111111111111;2.744444444444445;3.8816666666666664;1.0;4.0;2.1222222222222222;0.0;8.277777777777777;0.8666666666666667;2.8000000000000003;4.066666666666666;1.0;5.0;0.0
2.1444444444444444;0.0;8.311111111111112;0.8333333333333334;2.8777777777777778;3.823333333333333;1.0;1.0;2.1333333333333333;0.0;7.466666666666666;0.811111111111111;2.8111111111111113;3.5933333333333333;1.0;1.0;2.1666666666666665;0.0;8.366666666666667;0.8444444444444446;2.8333333333333335;4.581666666666666;1.0;2.0;2.3000000000000003;0.0;15.655555555555557;1.7666666666666664;2.877777777777778;5.523333333333333;1.0;2.0;2.1333333333333333;0.0;8.266666666666667;0.8555555555555556;2.788888888888889;3.8699999999999997;1.0;3.0;2.1;0.0;7.311111111111113;0.8222222222222221;2.8111111111111113;3.2733333333333334;1.0;3.0;2.1222222222222222;0.0;8.177777777777779;0.8222222222222221;2.8000000000000003;4.008333333333334;1.0;4.0;2.1;0.0;7.544444444444443;0.811111111111111;2.744444444444445;3.8816666666666664;1.0;4.0;2.1222222222222222;0.0;8.277777777777777;0.8666666666666667;2.8000000000000003;4.066666666666666;1.0;5.0;2.1;0.0;7.711111111111111;0.7777777777777778;2.744444444444444;3.5816666666666666;1.0;5.0;0.0
2.1333333333333333;0.0;7.466666666666666;0.811111111111111;2.8111111111111113;3.5933333333333333;1.0;1.0;2.1666666666666665;0.0;8.366666666666667;0.8444444444444446;2.8333333333333335;4.581666666666666;1.0;2.0;2.3000000000000003;0.0;15.655555555555557;1.7666666666666664;2.877777777777778;5.523333333333333;1.0;2.0;2.1333333333333333;0.0;8.266666666666667;0.8555555555555556;2.788888888888889;3.8699999999999997;1.0;3.0;2.1;0.0;7.311111111111113;0.8222222222222221;2.8111111111111113;3.2733333333333334;1.0;3.0;2.1222222222222222;0.0;8.177777777777779;0.8222222222222221;2.8000000000000003;4.008333333333334;1.0;4.0;2.1;0.0;7.544444444444443;0.811111111111111;2.744444444444445;3.8816666666666664;1.0;4.0;2.1222222222222222;0.0;8.277777777777777;0.8666666666666667;2.8000000000000003;4.066666666666666;1.0;5.0;2.1;0.0;7.711111111111111;0.7777777777777778;2.744444444444444;3.5816666666666666;1.0;5.0;2.111111111111111;0.0;8.433333333333332;0.8333333333333334;2.8111111111111113;3.285;1.0;6.0;0.0
2.1666666666666665;0.0;8.366666666666667;0.8444444444444446;2.8333333333333335;4.581666666666666;1.0;2.0;2.3000000000000003;0.0;15.655555555555557;1.7666666666666664;2.877777777777778;5.523333333333333;1.0;2.0;2.1333333333333333;0.0;8.266666666666667;0.8555555555555556;2.788888888888889;3.8699999999999997;1.0;3.0;2.1;0.0;7.311111111111113;0.8222222222222221;2.8111111111111113;3.2733333333333334;1.0;3.0;2.1222222222222222;0.0;8.177777777777779;0.8222222222222221;2.8000000000000003;4.008333333333334;1.0;4.0;2.1;0.0;7.544444444444443;0.811111111111111;2.744444444444445;3.8816666666666664;1.0;4.0;2.1222222222222222;0.0;8.277777777777777;0.8666666666666667;2.8000000000000003;4.066666666666666;1.0;5.0;2.1;0.0;7.711111111111111;0.7777777777777778;2.744444444444444;3.5816666666666666;1.0;5.0;2.111111111111111;0.0;8.433333333333332;0.8333333333333334;2.8111111111111113;3.285;1.0;6.0;2.1;0.0;7.533333333333332;0.7888888888888889;2.755555555555556;3.3183333333333334;1.0;6.0;0.0
2.3000000000000003;0.0;15.655555555555557;1.7666666666666664;2.877777777777778;5.523333333333333;1.0;2.0;2.1333333333333333;0.0;8.266666666666667;0.8555555555555556;2.788888888888889;3.8699999999999997;1.0;3.0;2.1;0.0;7.311111111111113;0.8222222222222221;2.8111111111111113;3.2733333333333334;1.0;3.0;2.1222222222222222;0.0;8.177777777777779;0.8222222222222221;2.8000000000000003;4.008333333333334;1.0;4.0;2.1;0.0;7.544444444444443;0.811111111111111;2.744444444444445;3.8816666666666664;1.0;4.0;2.1222222222222222;0.0;8.277777777777777;0.8666666666666667;2.8000000000000003;4.066666666666666;1.0;5.0;2.1;0.0;7.711111111111111;0.7777777777777778;2.744444444444444;3.5816666666666666;1.0;5.0;2.111111111111111;0.0;8.433333333333332;0.8333333333333334;2.8111111111111113;3.285;1.0;6.0;2.1;0.0;7.533333333333332;0.7888888888888889;2.755555555555556;3.3183333333333334;1.0;6.0;2.1222222222222222;0.0;8.222222222222223;0.8222222222222223;2.744444444444445;3.8799999999999994;1.0;7.0;0.0
2.1333333333333333;0.0;8.266666666666667;0.8555555555555556;2.788888888888889;3.8699999999999997;1.0;3.0;2.1;0.0;7.311111111111113;0.8222222222222221;2.8111111111111113;3.2733333333333334;1.0;3.0;2.1222222222222222;0.0;8.177777777777779;0.8222222222222221;2.8000000000000003;4.008333333333334;1.0;4.0;2.1;0.0;7.544444444444443;0.811111111111111;2.744444444444445;3.8816666666666664;1.0;4.0;2.1222222222222222;0.0;8.277777777777777;0.8666666666666667;2.8000000000000003;4.066666666666666;1.0;5.0;2.1;0.0;7.711111111111111;0.7777777777777778;2.744444444444444;3.5816666666666666;1.0;5.0;2.111111111111111;0.0;8.433333333333332;0.8333333333333334;2.8111111111111113;3.285;1.0;6.0;2.1;0.0;7.533333333333332;0.7888888888888889;2.755555555555556;3.3183333333333334;1.0;6.0;2.1222222222222222;0.0;8.222222222222223;0.8222222222222223;2.744444444444445;3.8799999999999994;1.0;7.0;2.1;0.0;7.411111111111111;0.7999999999999999;2.788888888888889;4.0633333333333335;1.0;7.0;0.0
2.1;0.0;7.311111111111113;0.8222222222222221;2.8111111111111113;3.2733333333333334;1.0;3.0;2.1222222222222222;0.0;8.177777777777779;0.8222222222222221;2.8000000000000003;4.008333333333334;1.0;4.0;2.1;0.0;7.544444444444443;0.811111111111111;2.744444444444445;3.8816666666666664;1.0;4.0;2.1222222222222222;0.0;8.277777777777777;0.8666666666666667;2.8000000000000003;4.066666666666666;1.0;5.0;2.1;0.0;7.711111111111111;0.7777777777777778;2.744444444444444;3.5816666666666666;1.0;5.0;2.111111111111111;0.0;8.433333333333332;0.8333333333333334;2.8111111111111113;3.285;1.0;6.0;2.1;0.0;7.533333333333332;0.7888888888888889;2.755555555555556;3.3183333333333334;1.0;6.0;2.1222222222222222;0.0;8.222222222222223;0.8222222222222223;2.744444444444445;3.8799999999999994;1.0;7.0;2.1;0.0;7.411111111111111;0.7999999999999999;2.788888888888889;4.0633333333333335;1.0;7.0;2.1333333333333333;0.0;9.077777777777778;0.8666666666666667;2.788888888888889;3.641666666666667;1.0;8.0;0.0
2.1222222222222222;0.0;8.177777777777779;0.8222222222222221;2.8000000000000003;4.008333333333334;1.0;4.0;2.1;0.0;7.544444444444443;0.811111111111111;2.744444444444445;3.8816666666666664;1.0;4.0;2.1222222222222222;0.0;8.277777777777777;0.8666666666666667;2.8000000000000003;4.066666666666666;1.0;5.0;2.1;0.0;7.711111111111111;0.7777777777777778;2.744444444444444;3.5816666666666666;1.0;5.0;2.111111111111111;0.0;8.433333333333332;0.8333333333333334;2.8111111111111113;3.285;1.0;6.0;2.1;0.0;7.533333333333332;0.7888888888888889;2.755555555555556;3.3183333333333334;1.0;6.0;2.1222222222222222;0.0;8.222222222222223;0.8222222222222223;2.744444444444445;3.8799999999999994;1.0;7.0;2.1;0.0;7.411111111111111;0.7999999999999999;2.788888888888889;4.0633333333333335;1.0;7.0;2.1333333333333333;0.0;9.077777777777778;0.8666666666666667;2.788888888888889;3.641666666666667;1.0;8.0;2.1;0.0;8.022222222222222;0.8555555555555556;2.6777777777777776;3.353333333333333;1.0;8.0;0.0
2.1;0.0;7.544444444444443;0.811111111111111;2.744444444444445;3.8816666666666664;1.0;4.0;2.1222222222222222;0.0;8.277777777777777;0.8666666666666667;2.8000000000000003;4.066666666666666;1.0;5.0;2.1;0.0;7.711111111111111;0.7777777777777778;2.744444444444444;3.5816666666666666;1.0;5.0;2.111111111111111;0.0;8.433333333333332;0.8333333333333334;2.8111111111111113;3.285;1.0;6.0;2.1;0.0;7.533333333333332;0.7888888888888889;2.755555555555556;3.3183333333333334;1.0;6.0;2.1222222222222222;0.0;8.222222222222223;0.8222222222222223;2.744444444444445;3.8799999999999994;1.0;7.0;2.1;0.0;7.411111111111111;0.7999999999999999;2.788888888888889;4.0633333333333335;1.0;7.0;2.1333333333333333;0.0;9.077777777777778;0.8666666666666667;2.788888888888889;3.641666666666667;1.0;8.0;2.1;0.0;8.022222222222222;0.8555555555555556;2.6777777777777776;3.353333333333333;1.0;8.0;2.1;0.0;8.277777777777777;1.288888888888889;6.344444444444445;3.936666666666666;1.0;9.0;0.0
2.1222222222222222;0.0;8.277777777777777;0.8666666666666667;2.8000000000000003;4.066666666666666;1.0;5.0;2.1;0.0;7.711111111111111;0.7777777777777778;2.744444444444444;3.5816666666666666;1.0;5.0;2.111111111111111;0.0;8.433333333333332;0.8333333333333334;2.8111111111111113;3.285;1.0;6.0;2.1;0.0;7.533333333333332;0.7888888888888889;2.755555555555556;3.3183333333333334;1.0;6.0;2.1222222222222222;0.0;8.222222222222223;0.8222222222222223;2.744444444444445;3.8799999999999994;1.0;7.0;2.1;0.0;7.411111111111111;0.7999999999999999;2.788888888888889;4.0633333333333335;1.0;7.0;2.1333333333333333;0.0;9.077777777777778;0.8666666666666667;2.788888888888889;3.641666666666667;1.0;8.0;2.1;0.0;8.022222222222222;0.8555555555555556;2.6777777777777776;3.353333333333333;1.0;8.0;2.1;0.0;8.277777777777777;1.288888888888889;6.344444444444445;3.936666666666666;1.0;9.0;2.1;0.0;7.722222222222221;0.8444444444444444;3.1444444444444444;3.4566666666666666;1.0;9.0;0.0
2.1;0.0;7.711111111111111;0.7777777777777778;2.744444444444444;3.5816666666666666;1.0;5.0;2.111111111111111;0.0;8.433333333333332;0.8333333333333334;2.8111111111111113;3.285;1.0;6.0;2.1;0.0;7.533333333333332;0.7888888888888889;2.755555555555556;3.3183333333333334;1.0;6.0;2.1222222222222222;0.0;8.222222222222223;0.8222222222222223;2.744444444444445;3.8799999999999994;1.0;7.0;2.1;0.0;7.411111111111111;0.7999999999999999;2.788888888888889;4.0633333333333335;1.0;7.0;2.1333333333333333;0.0;9.077777777777778;0.8666666666666667;2.788888888888889;3.641666666666667;1.0;8.0;2.1;0.0;8.022222222222222;0.8555555555555556;2.6777777777777776;3.353333333333333;1.0;8.0;2.1;0.0;8.277777777777777;1.288888888888889;6.344444444444445;3.936666666666666;1.0;9.0;2.1;0.0;7.722222222222221;0.8444444444444444;3.1444444444444444;3.4566666666666666;1.0;9.0;2.1333333333333333;0.0;8.38888888888889;1.2;3.5333333333333337;4.075;1.0;10.0;0.0
2.111111111111111;0.0;8.433333333333332;0.8333333333333334;2.8111111111111113;3.285;1.0;6.0;2.1;0.0;7.533333333333332;0.7888888888888889;2.755555555555556;3.3183333333333334;1.0;6.0;2.1222222222222222;0.0;8.222222222222223;0.8222222222222223;2.744444444444445;3.8799999999999994;1.0;7.0;2.1;0.0;7.411111111111111;0.7999999999999999;2.788888888888889;4.0633333333333335;1.0;7.0;2.1333333333333333;0.0;9.077777777777778;0.8666666666666667;2.788888888888889;3.641666666666667;1.0;8.0;2.1;0.0;8.022222222222222;0.8555555555555556;2.6777777777777776;3.353333333333333;1.0;8.0;2.1;0.0;8.277777777777777;1.288888888888889;6.344444444444445;3.936666666666666;1.0;9.0;2.1;0.0;7.722222222222221;0.8444444444444444;3.1444444444444444;3.4566666666666666;1.0;9.0;2.1333333333333333;0.0;8.38888888888889;1.2;3.5333333333333337;4.075;1.0;10.0;2.1;0.0;7.633333333333334;0.8555555555555555;2.8444444444444446;3.02;1.0;10.0;0.0
2.1;0.0;7.533333333333332;0.7888888888888889;2.755555555555556;3.3183333333333334;1.0;6.0;2.1222222222222222;0.0;8.222222222222223;0.8222222222222223;2.744444444444445;3.8799999999999994;1.0;7.0;2.1;0.0;7.411111111111111;0.7999999999999999;2.788888888888889;4.0633333333333335;1.0;7.0;2.1333333333333333;0.0;9.077777777777778;0.8666666666666667;2.788888888888889;3.641666666666667;1.0;8.0;2.1;0.0;8.022222222222222;0.8555555555555556;2.6777777777777776;3.353333333333333;1.0;8.0;2.1;0.0;8.277777777777777;1.288888888888889;6.344444444444445;3.936666666666666;1.0;9.0;2.1;0.0;7.722222222222221;0.8444444444444444;3.1444444444444444;3.4566666666666666;1.0;9.0;2.1333333333333333;0.0;8.38888888888889;1.2;3.5333333333333337;4.075;1.0;10.0;2.1;0.0;7.633333333333334;0.8555555555555555;2.8444444444444446;3.02;1.0;10.0;2.1;0.0;8.344444444444443;0.8222222222222223;2.8000000000000003;3.7766666666666673;1.0;11.0;0.0
2.1222222222222222;0.0;8.222222222222223;0.8222222222222223;2.744444444444445;3.8799999999999994;1.0;7.0;2.1;0.0;7.411111111111111;0.7999999999999999;2.788888888888889;4.0633333333333335;1.0;7.0;2.1333333333333333;0.0;9.077777777777778;0.8666666666666667;2.788888888888889;3.641666666666667;1.0;8.0;2.1;0.0;8.022222222222222;0.8555555555555556;2.6777777777777776;3.353333333333333;1.0;8.0;2.1;0.0;8.277777777777777;1.288888888888889;6.344444444444445;3.936666666666666;1.0;9.0;2.1;0.0;7.722222222222221;0.8444444444444444;3.1444444444444444;3.4566666666666666;1.0;9.0;2.1333333333333333;0.0;8.38888888888889;1.2;3.5333333333333337;4.075;1.0;10.0;2.1;0.0;7.633333333333334;0.8555555555555555;2.8444444444444446;3.02;1.0;10.0;2.1;0.0;8.344444444444443;0.8222222222222223;2.8000000000000003;3.7766666666666673;1.0;11.0;2.1;0.0;7.388888888888888;0.8666666666666667;2.8222222222222224;4.1433333333333335;1.0;11.0;0.0
2.1;0.0;7.411111111111111;0.7999999999999999;2.788888888888889;4.0633333333333335;1.0;7.0;2.1333333333333333;0.0;9.077777777777778;0.8666666666666667;2.788888888888889;3.641666666666667;1.0;8.0;2.1;0.0;8.022222222222222;0.8555555555555556;2.6777777777777776;3.353333333333333;1.0;8.0;2.1;0.0;8.277777777777777;1.288888888888889;6.344444444444445;3.936666666666666;1.0;9.0;2.1;0.0;7.722222222222221;0.8444444444444444;3.1444444444444444;3.4566666666666666;1.0;9.0;2.1333333333333333;0.0;8.38888888888889;1.2;3.5333333333333337;4.075;1.0;10.0;2.1;0.0;7.633333333333334;0.8555555555555555;2.8444444444444446;3.02;1.0;10.0;2.1;0.0;8.344444444444443;0.8222222222222223;2.8000000000000003;3.7766666666666673;1.0;11.0;2.1;0.0;7.388888888888888;0.8666666666666667;2.8222222222222224;4.1433333333333335;1.0;11.0;2.111111111111111;0.0;8.333333333333334;0.9222222222222224;2.8444444444444446;4.595;1.0;12.0;0.0
2.1333333333333333;0.0;9.077777777777778;0.8666666666666667;2.788888888888889;3.641666666666667;1.0;8.0;2.1;0.0;8.022222222222222;0.8555555555555556;2.6777777777777776;3.353333333333333;1.0;8.0;2.1;0.0;8.277777777777777;1.288888888888889;6.344444444444445;3.936666666666666;1.0;9.0;2.1;0.0;7.722222222222221;0.8444444444444444;3.1444444444444444;3.4566666666666666;1.0;9.0;2.1333333333333333;0.0;8.38888888888889;1.2;3.5333333333333337;4.075;1.0;10.0;2.1;0.0;7.633333333333334;0.8555555555555555;2.8444444444444446;3.02;1.0;10.0;2.1;0.0;8.344444444444443;0.8222222222222223;2.8000000000000003;3.7766666666666673;1.0;11.0;2.1;0.0;7.388888888888888;0.8666666666666667;2.8222222222222224;4.1433333333333335;1.0;11.0;2.111111111111111;0.0;8.333333333333334;0.9222222222222224;2.8444444444444446;4.595;1.0;12.0;2.1333333333333333;0.0;7.555555555555556;0.8999999999999999;2.8444444444444446;4.513333333333333;1.0;12.0;0.0
2.1;0.0;8.022222222222222;0.8555555555555556;2.6777777777777776;3.353333333333333;1.0;8.0;2.1;0.0;8.277777777777777;1.288888888888889;6.344444444444445;3.936666666666666;1.0;9.0;2.1;0.0;7.722222222222221;0.8444444444444444;3.1444444444444444;3.4566666666666666;1.0;9.0;2.1333333333333333;0.0;8.38888888888889;1.2;3.5333333333333337;4.075;1.0;10.0;2.1;0.0;7.633333333333334;0.8555555555555555;2.8444444444444446;3.02;1.0;10.0;2.1;0.0;8.344444444444443;0.8222222222222223;2.8000000000000003;3.7766666666666673;1.0;11.0;2.1;0.0;7.388888888888888;0.8666666666666667;2.8222222222222224;4.1433333333333335;1.0;11.0;2.111111111111111;0.0;8.333333333333334;0.9222222222222224;2.8444444444444446;4.595;1.0;12.0;2.1333333333333333;0.0;7.555555555555556;0.8999999999999999;2.8444444444444446;4.513333333333333;1.0;12.0;2.1333333333333333;0.0;8.066666666666666;0.8888888888888888;2.8333333333333335;3.7083333333333335;1.0;13.0;0.0
2.1;0.0;8.277777777777777;1.288888888888889;6.344444444444445;3.936666666666666;1.0;9.0;2.1;0.0;7.722222222222221;0.8444444444444444;3.1444444444444444;3.4566666666666666;1.0;9.0;2.1333333333333333;0.0;8.38888888888889;1.2;3.5333333333333337;4.075;1.0;10.0;2.1;0.0;7.633333333333334;0.8555555555555555;2.8444444444444446;3.02;1.0;10.0;2.1;0.0;8.344444444444443;0.8222222222222223;2.8000000000000003;3.7766666666666673;1.0;11.0;2.1;0.0;7.388888888888888;0.8666666666666667;2.8222222222222224;4.1433333333333335;1.0;11.0;2.111111111111111;0.0;8.333333333333334;0.9222222222222224;2.8444444444444446;4.595;1.0;12.0;2.1333333333333333;0.0;7.555555555555556;0.8999999999999999;2.8444444444444446;4.513333333333333;1.0;12.0;2.1333333333333333;0.0;8.066666666666666;0.8888888888888888;2.8333333333333335;3.7083333333333335;1.0;13.0;2.1;0.0;7.5888888888888895;0.9333333333333332;3.1999999999999997;3.671666666666667;1.0;13.0;0.0
2.1;0.0;7.722222222222221;0.8444444444444444;3.1444444444444444;3.4566666666666666;1.0;9.0;2.1333333333333333;0.0;8.38888888888889;1.2;3.5333333333333337;4.075;1.0;10.0;2.1;0.0;7.633333333333334;0.8555555555555555;2.8444444444444446;3.02;1.0;10.0;2.1;0.0;8.344444444444443;0.8222222222222223;2.8000000000000003;3.7766666666666673;1.0;11.0;2.1;0.0;7.388888888888888;0.8666666666666667;2.8222222222222224;4.1433333333333335;1.0;11.0;2.111111111111111;0.0;8.333333333333334;0.9222222222222224;2.8444444444444446;4.595;1.0;12.0;2.1333333333333333;0.0;7.555555555555556;0.8999999999999999;2.8444444444444446;4.513333333333333;1.0;12.0;2.1333333333333333;0.0;8.066666666666666;0.8888888888888888;2.8333333333333335;3.7083333333333335;1.0;13.0;2.1;0.0;7.5888888888888895;0.9333333333333332;3.1999999999999997;3.671666666666667;1.0;13.0;2.1;0.0;8.3;0.8666666666666667;2.8555555555555556;4.086666666666667;1.0;14.0;0.0
2.1333333333333333;0.0;8.38888888888889;1.2;3.5333333333333337;4.075;1.0;10.0;2.1;0.0;7.633333333333334;0.8555555555555555;2.8444444444444446;3.02;1.0;10.0;2.1;0.0;8.344444444444443;0.8222222222222223;2.8000000000000003;3.7766666666666673;1.0;11.0;2.1;0.0;7.388888888888888;0.8666666666666667;2.8222222222222224;4.1433333333333335;1.0;11.0;2.111111111111111;0.0;8.333333333333334;0.9222222222222224;2.8444444444444446;4.595;1.0;12.0;2.1333333333333333;0.0;7.555555555555556;0.8999999999999999;2.8444444444444446;4.513333333333333;1.0;12.0;2.1333333333333333;0.0;8.066666666666666;0.8888888888888888;2.8333333333333335;3.7083333333333335;1.0;13.0;2.1;0.0;7.5888888888888895;0.9333333333333332;3.1999999999999997;3.671666666666667;1.0;13.0;2.1;0.0;8.3;0.8666666666666667;2.8555555555555556;4.086666666666667;1.0;14.0;2.1333333333333333;0.0;7.6000000000000005;0.8333333333333331;2.8111111111111113;3.5950000000000006;1.0;14.0;0.0
2.1;0.0;7.633333333333334;0.8555555555555555;2.8444444444444446;3.02;1.0;10.0;2.1;0.0;8.344444444444443;0.8222222222222223;2.8000000000000003;3.7766666666666673;1.0;11.0;2.1;0.0;7.388888888888888;0.8666666666666667;2.8222222222222224;4.1433333333333335;1.0;11.0;2.111111111111111;0.0;8.333333333333334;0.9222222222222224;2.8444444444444446;4.595;1.0;12.0;2.1333333333333333;0.0;7.555555555555556;0.8999999999999999;2.8444444444444446;4.513333333333333;1.0;12.0;2.1333333333333333;0.0;8.066666666666666;0.8888888888888888;2.8333333333333335;3.7083333333333335;1.0;13.0;2.1;0.0;7.5888888888888895;0.9333333333333332;3.1999999999999997;3.671666666666667;1.0;13.0;2.1;0.0;8.3;0.8666666666666667;2.8555555555555556;4.086666666666667;1.0;14.0;2.1333333333333333;0.0;7.6000000000000005;0.8333333333333331;2.8111111111111113;3.5950000000000006;1.0;14.0;2.1;0.0;8.422222222222222;0.8555555555555556;2.8111111111111113;3.9599999999999995;1.0;15.0;0.0
2.1;0.0;8.344444444444443;0.8222222222222223;2.8000000000000003;3.7766666666666673;1.0;11.0;2.1;0.0;7.388888888888888;0.8666666666666667;2.8222222222222224;4.1433333333333335;1.0;11.0;2.111111111111111;0.0;8.333333333333334;0.9222222222222224;2.8444444444444446;4.595;1.0;12.0;2.1333333333333333;0.0;7.555555555555556;0.8999999999999999;2.8444444444444446;4.513333333333333;1.0;12.0;2.1333333333333333;0.0;8.066666666666666;0.8888888888888888;2.8333333333333335;3.7083333333333335;1.0;13.0;2.1;0.0;7.5888888888888895;0.9333333333333332;3.1999999999999997;3.671666666666667;1.0;13.0;2.1;0.0;8.3;0.8666666666666667;2.8555555555555556;4.086666666666667;1.0;14.0;2.1333333333333333;0.0;7.6000000000000005;0.8333333333333331;2.8111111111111113;3.5950000000000006;1.0;14.0;2.1;0.0;8.422222222222222;0.8555555555555556;2.8111111111111113;3.9599999999999995;1.0;15.0;2.1666666666666665;0.0;28.066666666666674;15.91111111111111;2.988888888888889;3.5483333333333333;1.0;15.0;0.0
2.1;0.0;7.388888888888888;0.8666666666666667;2.8222222222222224;4.1433333333333335;1.0;11.0;2.111111111111111;0.0;8.333333333333334;0.9222222222222224;2.8444444444444446;4.595;1.0;12.0;2.1333333333333333;0.0;7.555555555555556;0.8999999999999999;2.8444444444444446;4.513333333333333;1.0;12.0;2.1333333333333333;0.0;8.066666666666666;0.8888888888888888;2.8333333333333335;3.7083333333333335;1.0;13.0;2.1;0.0;7.5888888888888895;0.9333333333333332;3.1999999999999997;3.671666666666667;1.0;13.0;2.1;0.0;8.3;0.8666666666666667;2.8555555555555556;4.086666666666667;1.0;14.0;2.1333333333333333;0.0;7.6000000000000005;0.8333333333333331;2.8111111111111113;3.5950000000000006;1.0;14.0;2.1;0.0;8.422222222222222;0.8555555555555556;2.8111111111111113;3.9599999999999995;1.0;15.0;2.1666666666666665;0.0;28.066666666666674;15.91111111111111;2.988888888888889;3.5483333333333333;1.0;15.0;2.1;0.0;8.21111111111111;1.0;3.3222222222222215;4.569999999999999;1.0;16.0;0.0
2.111111111111111;0.0;8.333333333333334;0.9222222222222224;2.8444444444444446;4.595;1.0;12.0;2.1333333333333333;0.0;7.555555555555556;0.8999999999999999;2.8444444444444446;4.513333333333333;1.0;12.0;2.1333333333333333;0.0;8.066666666666666;0.8888888888888888;2.8333333333333335;3.7083333333333335;1.0;13.0;2.1;0.0;7.5888888888888895;0.9333333333333332;3.1999999999999997;3.671666666666667;1.0;13.0;2.1;0.0;8.3;0.8666666666666667;2.8555555555555556;4.086666666666667;1.0;14.0;2.1333333333333333;0.0;7.6000000000000005;0.8333333333333331;2.8111111111111113;3.5950000000000006;1.0;14.0;2.1;0.0;8.422222222222222;0.8555555555555556;2.8111111111111113;3.9599999999999995;1.0;15.0;2.1666666666666665;0.0;28.066666666666674;15.91111111111111;2.988888888888889;3.5483333333333333;1.0;15.0;2.1;0.0;8.21111111111111;1.0;3.3222222222222215;4.569999999999999;1.0;16.0;2.1333333333333333;0.0;7.444444444444444;1.0444444444444445;4.066666666666667;3.7099999999999995;1.0;16.0;0.0
2.1333333333333333;0.0;7.555555555555556;0.8999999999999999;2.8444444444444446;4.513333333333333;1.0;12.0;2.1333333333333333;0.0;8.066666666666666;0.8888888888888888;2.8333333333333335;3.7083333333333335;1.0;13.0;2.1;0.0;7.5888888888888895;0.9333333333333332;3.1999999999999997;3.671666666666667;1.0;13.0;2.1;0.0;8.3;0.8666666666666667;2.8555555555555556;4.086666666666667;1.0;14.0;2.1333333333333333;0.0;7.6000000000000005;0.8333333333333331;2.8111111111111113;3.5950000000000006;1.0;14.0;2.1;0.0;8.422222222222222;0.8555555555555556;2.8111111111111113;3.9599999999999995;1.0;15.0;2.1666666666666665;0.0;28.066666666666674;15.91111111111111;2.988888888888889;3.5483333333333333;1.0;15.0;2.1;0.0;8.21111111111111;1.0;3.3222222222222215;4.569999999999999;1.0;16.0;2.1333333333333333;0.0;7.444444444444444;1.0444444444444445;4.066666666666667;3.7099999999999995;1.0;16.0;2.1444444444444444;0.0;8.366666666666667;1.222222222222222;3.9666666666666663;5.19;1.0;17.0;0.0
2.1333333333333333;0.0;8.066666666666666;0.8888888888888888;2.8333333333333335;3.7083333333333335;1.0;13.0;2.1;0.0;7.5888888888888895;0.9333333333333332;3.1999999999999997;3.671666666666667;1.0;13.0;2.1;0.0;8.3;0.8666666666666667;2.8555555555555556;4.086666666666667;1.0;14.0;2.1333333333333333;0.0;7.6000000000000005;0.8333333333333331;2.8111111111111113;3.5950000000000006;1.0;14.0;2.1;0.0;8.422222222222222;0.8555555555555556;2.8111111111111113;3.9599999999999995;1.0;15.0;2.1666666666666665;0.0;28.066666666666674;15.91111111111111;2.988888888888889;3.5483333333333333;1.0;15.0;2.1;0.0;8.21111111111111;1.0;3.3222222222222215;4.569999999999999;1.0;16.0;2.1333333333333333;0.0;7.444444444444444;1.0444444444444445;4.066666666666667;3.7099999999999995;1.0;16.0;2.1444444444444444;0.0;8.366666666666667;1.222222222222222;3.9666666666666663;5.19;1.0;17.0;2.277777777777778;0.0;48.688888888888876;31.222222222222218;3.9666666666666672;5.168333333333333;1.0;17.0;0.0
2.1;0.0;7.5888888888888895;0.9333333333333332;3.1999999999999997;3.671666666666667;1.0;13.0;2.1;0.0;8.3;0.8666666666666667;2.8555555555555556;4.086666666666667;1.0;14.0;2.1333333333333333;0.0;7.6000000000000005;0.8333333333333331;2.8111111111111113;3.5950000000000006;1.0;14.0;2.1;0.0;8.422222222222222;0.8555555555555556;2.8111111111111113;3.9599999999999995;1.0;15.0;2.1666666666666665;0.0;28.066666666666674;15.91111111111111;2.988888888888889;3.5483333333333333;1.0;15.0;2.1;0.0;8.21111111111111;1.0;3.3222222222222215;4.569999999999999;1.0;16.0;2.1333333333333333;0.0;7.444444444444444;1.0444444444444445;4.066666666666667;3.7099999999999995;1.0;16.0;2.1444444444444444;0.0;8.366666666666667;1.222222222222222;3.9666666666666663;5.19;1.0;17.0;2.277777777777778;0.0;48.688888888888876;31.222222222222218;3.9666666666666672;5.168333333333333;1.0;17.0;2.1444444444444444;0.0;8.044444444444446;0.8666666666666667;2.8111111111111113;4.131666666666667;1.0;18.0;0.0
2.1;0.0;8.3;0.8666666666666667;2.8555555555555556;4.086666666666667;1.0;14.0;2.1333333333333333;0.0;7.6000000000000005;0.8333333333333331;2.8111111111111113;3.5950000000000006;1.0;14.0;2.1;0.0;8.422222222222222;0.8555555555555556;2.8111111111111113;3.9599999999999995;1.0;15.0;2.1666666666666665;0.0;28.066666666666674;15.91111111111111;2.988888888888889;3.5483333333333333;1.0;15.0;2.1;0.0;8.21111111111111;1.0;3.3222222222222215;4.569999999999999;1.0;16.0;2.1333333333333333;0.0;7.444444444444444;1.0444444444444445;4.066666666666667;3.7099999999999995;1.0;16.0;2.1444444444444444;0.0;8.366666666666667;1.222222222222222;3.9666666666666663;5.19;1.0;17.0;2.277777777777778;0.0;48.688888888888876;31.222222222222218;3.9666666666666672;5.168333333333333;1.0;17.0;2.1444444444444444;0.0;8.044444444444446;0.8666666666666667;2.8111111111111113;4.131666666666667;1.0;18.0;2.1444444444444444;0.0;7.3;0.7777777777777778;2.8111111111111113;3.836666666666666;1.0;18.0;0.0
2.1333333333333333;0.0;7.6000000000000005;0.8333333333333331;2.8111111111111113;3.5950000000000006;1.0;14.0;2.1;0.0;8.422222222222222;0.8555555555555556;2.8111111111111113;3.9599999999999995;1.0;15.0;2.1666666666666665;0.0;28.066666666666674;15.91111111111111;2.988888888888889;3.5483333333333333;1.0;15.0;2.1;0.0;8.21111111111111;1.0;3.3222222222222215;4.569999999999999;1.0;16.0;2.1333333333333333;0.0;7.444444444444444;1.0444444444444445;4.066666666666667;3.7099999999999995;1.0;16.0;2.1444444444444444;0.0;8.366666666666667;1.222222222222222;3.9666666666666663;5.19;1.0;17.0;2.277777777777778;0.0;48.688888888888876;31.222222222222218;3.9666666666666672;5.168333333333333;1.0;17.0;2.1444444444444444;0.0;8.044444444444446;0.8666666666666667;2.8111111111111113;4.131666666666667;1.0;18.0;2.1444444444444444;0.0;7.3;0.7777777777777778;2.8111111111111113;3.836666666666666;1.0;18.0;2.111111111111111;0.0;8.244444444444445;0.8222222222222223;2.8111111111111113;3.606666666666667;1.0;19.0;0.0
2.1;0.0;8.422222222222222;0.8555555555555556;2.8111111111111113;3.9599999999999995;1.0;15.0;2.1666666666666665;0.0;28.066666666666674;15.91111111111111;2.988888888888889;3.5483333333333333;1.0;15.0;2.1;0.0;8.21111111111111;1.0;3.3222222222222215;4.569999999999999;1.0;16.0;2.1333333333333333;0.0;7.444444444444444;1.0444444444444445;4.066666666666667;3.7099999999999995;1.0;16.0;2.1444444444444444;0.0;8.366666666666667;1.222222222222222;3.9666666666666663;5.19;1.0;17.0;2.277777777777778;0.0;48.688888888888876;31.222222222222218;3.9666666666666672;5.168333333333333;1.0;17.0;2.1444444444444444;0.0;8.044444444444446;0.8666666666666667;2.8111111111111113;4.131666666666667;1.0;18.0;2.1444444444444444;0.0;7.3;0.7777777777777778;2.8111111111111113;3.836666666666666;1.0;18.0;2.111111111111111;0.0;8.244444444444445;0.8222222222222223;2.8111111111111113;3.606666666666667;1.0;19.0;2.1777777777777776;0.0;7.4111111111111105;0.8444444444444444;2.8000000000000003;4.123333333333334;1.0;19.0;0.0
2.1666666666666665;0.0;28.066666666666674;15.91111111111111;2.988888888888889;3.5483333333333333;1.0;15.0;2.1;0.0;8.21111111111111;1.0;3.3222222222222215;4.569999999999999;1.0;16.0;2.1333333333333333;0.0;7.444444444444444;1.0444444444444445;4.066666666666667;3.7099999999999995;1.0;16.0;2.1444444444444444;0.0;8.366666666666667;1.222222222222222;3.9666666666666663;5.19;1.0;17.0;2.277777777777778;0.0;48.688888888888876;31.222222222222218;3.9666666666666672;5.168333333333333;1.0;17.0;2.1444444444444444;0.0;8.044444444444446;0.8666666666666667;2.8111111111111113;4.131666666666667;1.0;18.0;2.1444444444444444;0.0;7.3;0.7777777777777778;2.8111111111111113;3.836666666666666;1.0;18.0;2.111111111111111;0.0;8.244444444444445;0.8222222222222223;2.8111111111111113;3.606666666666667;1.0;19.0;2.1777777777777776;0.0;7.4111111111111105;0.8444444444444444;2.8000000000000003;4.123333333333334;1.0;19.0;2.111111111111111;0.0;8.411111111111111;0.8666666666666667;2.8333333333333335;4.215;1.0;20.0;0.0
2.1;0.0;8.21111111111111;1.0;3.3222222222222215;4.569999999999999;1.0;16.0;2.1333333333333333;0.0;7.444444444444444;1.0444444444444445;4.066666666666667;3.7099999999999995;1.0;16.0;2.1444444444444444;0.0;8.366666666666667;1.222222222222222;3.9666666666666663;5.19;1.0;17.0;2.277777777777778;0.0;48.688888888888876;31.222222222222218;3.9666666666666672;5.168333333333333;1.0;17.0;2.1444444444444444;0.0;8.044444444444446;0.8666666666666667;2.8111111111111113;4.131666666666667;1.0;18.0;2.1444444444444444;0.0;7.3;0.7777777777777778;2.8111111111111113;3.836666666666666;1.0;18.0;2.111111111111111;0.0;8.244444444444445;0.8222222222222223;2.8111111111111113;3.606666666666667;1.0;19.0;2.1777777777777776;0.0;7.4111111111111105;0.8444444444444444;2.8000000000000003;4.123333333333334;1.0;19.0;2.111111111111111;0.0;8.411111111111111;0.8666666666666667;2.8333333333333335;4.215;1.0;20.0;2.1666666666666665;0.0;7.544444444444444;0.8666666666666667;2.8444444444444446;3.8333333333333335;1.0;20.0;0.0
2.1333333333333333;0.0;7.444444444444444;1.0444444444444445;4.066666666666667;3.7099999999999995;1.0;16.0;2.1444444444444444;0.0;8.366666666666667;1.222222222222222;3.9666666666666663;5.19;1.0;17.0;2.277777777777778;0.0;48.688888888888876;31.222222222222218;3.9666666666666672;5.168333333333333;1.0;17.0;2.1444444444444444;0.0;8.044444444444446;0.8666666666666667;2.8111111111111113;4.131666666666667;1.0;18.0;2.1444444444444444;0.0;7.3;0.7777777777777778;2.8111111111111113;3.836666666666666;1.0;18.0;2.111111111111111;0.0;8.244444444444445;0.8222222222222223;2.8111111111111113;3.606666666666667;1.0;19.0;2.1777777777777776;0.0;7.4111111111111105;0.8444444444444444;2.8000000000000003;4.123333333333334;1.0;19.0;2.111111111111111;0.0;8.411111111111111;0.8666666666666667;2.8333333333333335;4.215;1.0;20.0;2.1666666666666665;0.0;7.544444444444444;0.8666666666666667;2.8444444444444446;3.8333333333333335;1.0;20.0;2.1666666666666665;0.0;8.111111111111112;0.8777777777777778;2.8444444444444446;4.156666666666666;1.0;21.0;0.0
2.1444444444444444;0.0;8.366666666666667;1.222222222222222;3.9666666666666663;5.19;1.0;17.0;2.277777777777778;0.0;48.688888888888876;31.222222222222218;3.9666666666666672;5.168333333333333;1.0;17.0;2.1444444444444444;0.0;8.044444444444446;0.8666666666666667;2.8111111111111113;4.131666666666667;1.0;18.0;2.1444444444444444;0.0;7.3;0.7777777777777778;2.8111111111111113;3.836666666666666;1.0;18.0;2.111111111111111;0.0;8.244444444444445;0.8222222222222223;2.8111111111111113;3.606666666666667;1.0;19.0;2.1777777777777776;0.0;7.4111111111111105;0.8444444444444444;2.8000000000000003;4.123333333333334;1.0;19.0;2.111111111111111;0.0;8.411111111111111;0.8666666666666667;2.8333333333333335;4.215;1.0;20.0;2.1666666666666665;0.0;7.544444444444444;0.8666666666666667;2.8444444444444446;3.8333333333333335;1.0;20.0;2.1666666666666665;0.0;8.111111111111112;0.8777777777777778;2.8444444444444446;4.156666666666666;1.0;21.0;2.1444444444444444;0.0;7.477777777777778;0.8444444444444446;2.8444444444444446;3.8899999999999992;1.0;21.0;0.0
2.277777777777778;0.0;48.688888888888876;31.222222222222218;3.9666666666666672;5.168333333333333;1.0;17.0;2.1444444444444444;0.0;8.044444444444446;0.8666666666666667;2.8111111111111113;4.131666666666667;1.0;18.0;2.1444444444444444;0.0;7.3;0.7777777777777778;2.8111111111111113;3.836666666666666;1.0;18.0;2.111111111111111;0.0;8.244444444444445;0.8222222222222223;2.8111111111111113;3.606666666666667;1.0;19.0;2.1777777777777776;0.0;7.4111111111111105;0.8444444444444444;2.8000000000000003;4.123333333333334;1.0;19.0;2.111111111111111;0.0;8.411111111111111;0.8666666666666667;2.8333333333333335;4.215;1.0;20.0;2.1666666666666665;0.0;7.544444444444444;0.8666666666666667;2.8444444444444446;3.8333333333333335;1.0;20.0;2.1666666666666665;0.0;8.111111111111112;0.8777777777777778;2.8444444444444446;4.156666666666666;1.0;21.0;2.1444444444444444;0.0;7.477777777777778;0.8444444444444446;2.8444444444444446;3.8899999999999992;1.0;21.0;2.1666666666666665;0.0;8.4;0.8333333333333334;2.8555555555555556;3.606666666666666;1.0;22.0;0.0
2.1444444444444444;0.0;8.044444444444446;0.8666666666666667;2.8111111111111113;4.131666666666667;1.0;18.0;2.1444444444444444;0.0;7.3;0.7777777777777778;2.8111111111111113;3.836666666666666;1.0;18.0;2.111111111111111;0.0;8.244444444444445;0.8222222222222223;2.8111111111111113;3.606666666666667;1.0;19.0;2.1777777777777776;0.0;7.4111111111111105;0.8444444444444444;2.8000000000000003;4.123333333333334;1.0;19.0;2.111111111111111;0.0;8.411111111111111;0.8666666666666667;2.8333333333333335;4.215;1.0;20.0;2.1666666666666665;0.0;7.544444444444444;0.8666666666666667;2.8444444444444446;3.8333333333333335;1.0;20.0;2.1666666666666665;0.0;8.111111111111112;0.8777777777777778;2.8444444444444446;4.156666666666666;1.0;21.0;2.1444444444444444;0.0;7.477777777777778;0.8444444444444446;2.8444444444444446;3.8899999999999992;1.0;21.0;2.1666666666666665;0.0;8.4;0.8333333333333334;2.8555555555555556;3.606666666666666;1.0;22.0;2.1555555555555554;0.0;7.622222222222223;0.8444444444444446;2.8333333333333335;4.168333333333334;1.0;22.0;0.0
2.1444444444444444;0.0;7.3;0.7777777777777778;2.8111111111111113;3.836666666666666;1.0;18.0;2.111111111111111;0.0;8.244444444444445;0.8222222222222223;2.8111111111111113;3.606666666666667;1.0;19.0;2.1777777777777776;0.0;7.4111111111111105;0.8444444444444444;2.8000000000000003;4.123333333333334;1.0;19.0;2.111111111111111;0.0;8.411111111111111;0.8666666666666667;2.8333333333333335;4.215;1.0;20.0;2.1666666666666665;0.0;7.544444444444444;0.8666666666666667;2.8444444444444446;3.8333333333333335;1.0;20.0;2.1666666666666665;0.0;8.111111111111112;0.8777777777777778;2.8444444444444446;4.156666666666666;1.0;21.0;2.1444444444444444;0.0;7.477777777777778;0.8444444444444446;2.8444444444444446;3.8899999999999992;1.0;21.0;2.1666666666666665;0.0;8.4;0.8333333333333334;2.8555555555555556;3.606666666666666;1.0;22.0;2.1555555555555554;0.0;7.622222222222223;0.8444444444444446;2.8333333333333335;4.168333333333334;1.0;22.0;2.0999999999999996;0.0;8.766666666666666;0.8333333333333334;2.8000000000000003;5.028333333333333;1.0;23.0;0.0
2.111111111111111;0.0;8.244444444444445;0.8222222222222223;2.8111111111111113;3.606666666666667;1.0;19.0;2.1777777777777776;0.0;7.4111111111111105;0.8444444444444444;2.8000000000000003;4.123333333333334;1.0;19.0;2.111111111111111;0.0;8.411111111111111;0.8666666666666667;2.8333333333333335;4.215;1.0;20.0;2.1666666666666665;0.0;7.544444444444444;0.8666666666666667;2.8444444444444446;3.8333333333333335;1.0;20.0;2.1666666666666665;0.0;8.111111111111112;0.8777777777777778;2.8444444444444446;4.156666666666666;1.0;21.0;2.1444444444444444;0.0;7.477777777777778;0.8444444444444446;2.8444444444444446;3.8899999999999992;1.0;21.0;2.1666666666666665;0.0;8.4;0.8333333333333334;2.8555555555555556;3.606666666666666;1.0;22.0;2.1555555555555554;0.0;7.622222222222223;0.8444444444444446;2.8333333333333335;4.168333333333334;1.0;22.0;2.0999999999999996;0.0;8.766666666666666;0.8333333333333334;2.8000000000000003;5.028333333333333;1.0;23.0;2.0999999999999996;0.0;7.355555555555555;0.8666666666666666;2.766666666666666;5.053333333333334;1.0;23.0;0.0
2.1777777777777776;0.0;7.4111111111111105;0.8444444444444444;2.8000000000000003;4.123333333333334;1.0;19.0;2.111111111111111;0.0;8.411111111111111;0.8666666666666667;2.8333333333333335;4.215;1.0;20.0;2.1666666666666665;0.0;7.544444444444444;0.8666666666666667;2.8444444444444446;3.8333333333333335;1.0;20.0;2.1666666666666665;0.0;8.111111111111112;0.8777777777777778;2.8444444444444446;4.156666666666666;1.0;21.0;2.1444444444444444;0.0;7.477777777777778;0.8444444444444446;2.8444444444444446;3.8899999999999992;1.0;21.0;2.1666666666666665;0.0;8.4;0.8333333333333334;2.8555555555555556;3.606666666666666;1.0;22.0;2.1555555555555554;0.0;7.622222222222223;0.8444444444444446;2.8333333333333335;4.168333333333334;1.0;22.0;2.0999999999999996;0.0;8.766666666666666;0.8333333333333334;2.8000000000000003;5.028333333333333;1.0;23.0;2.0999999999999996;0.0;7.355555555555555;0.8666666666666666;2.766666666666666;5.053333333333334;1.0;23.0;2.1111111111111107;0.0;8.504761904761905;0.8555555555555556;2.8111111111111113;3.745000000000001;2.0;0.0;0.0
2.111111111111111;0.0;8.411111111111111;0.8666666666666667;2.8333333333333335;4.215;1.0;20.0;2.1666666666666665;0.0;7.544444444444444;0.8666666666666667;2.8444444444444446;3.8333333333333335;1.0;20.0;2.1666666666666665;0.0;8.111111111111112;0.8777777777777778;2.8444444444444446;4.156666666666666;1.0;21.0;2.1444444444444444;0.0;7.477777777777778;0.8444444444444446;2.8444444444444446;3.8899999999999992;1.0;21.0;2.1666666666666665;0.0;8.4;0.8333333333333334;2.8555555555555556;3.606666666666666;1.0;22.0;2.1555555555555554;0.0;7.622222222222223;0.8444444444444446;2.8333333333333335;4.168333333333334;1.0;22.0;2.0999999999999996;0.0;8.766666666666666;0.8333333333333334;2.8000000000000003;5.028333333333333;1.0;23.0;2.0999999999999996;0.0;7.355555555555555;0.8666666666666666;2.766666666666666;5.053333333333334;1.0;23.0;2.1111111111111107;0.0;8.504761904761905;0.8555555555555556;2.8111111111111113;3.745000000000001;2.0;0.0;2.111111111111111;0.0;7.633333333333333;0.8444444444444444;2.8111111111111113;4.248333333333334;2.0;0.0;0.0
2.1666666666666665;0.0;7.544444444444444;0.8666666666666667;2.8444444444444446;3.8333333333333335;1.0;20.0;2.1666666666666665;0.0;8.111111111111112;0.8777777777777778;2.8444444444444446;4.156666666666666;1.0;21.0;2.1444444444444444;0.0;7.477777777777778;0.8444444444444446;2.8444444444444446;3.8899999999999992;1.0;21.0;2.1666666666666665;0.0;8.4;0.8333333333333334;2.8555555555555556;3.606666666666666;1.0;22.0;2.1555555555555554;0.0;7.622222222222223;0.8444444444444446;2.8333333333333335;4.168333333333334;1.0;22.0;2.0999999999999996;0.0;8.766666666666666;0.8333333333333334;2.8000000000000003;5.028333333333333;1.0;23.0;2.0999999999999996;0.0;7.355555555555555;0.8666666666666666;2.766666666666666;5.053333333333334;1.0;23.0;2.1111111111111107;0.0;8.504761904761905;0.8555555555555556;2.8111111111111113;3.745000000000001;2.0;0.0;2.111111111111111;0.0;7.633333333333333;0.8444444444444444;2.8111111111111113;4.248333333333334;2.0;0.0;2.1;0.0;8.544444444444444;0.8333333333333334;2.8000000000000003;4.373333333333334;2.0;1.0;0.0
2.1666666666666665;0.0;8.111111111111112;0.8777777777777778;2.8444444444444446;4.156666666666666;1.0;21.0;2.1444444444444444;0.0;7.477777777777778;0.8444444444444446;2.8444444444444446;3.8899999999999992;1.0;21.0;2.1666666666666665;0.0;8.4;0.8333333333333334;2.8555555555555556;3.606666666666666;1.0;22.0;2.1555555555555554;0.0;7.622222222222223;0.8444444444444446;2.8333333333333335;4.168333333333334;1.0;22.0;2.0999999999999996;0.0;8.766666666666666;0.8333333333333334;2.8000000000000003;5.028333333333333;1.0;23.0;2.0999999999999996;0.0;7.355555555555555;0.8666666666666666;2.766666666666666;5.053333333333334;1.0;23.0;2.1111111111111107;0.0;8.504761904761905;0.8555555555555556;2.8111111111111113;3.745000000000001;2.0;0.0;2.111111111111111;0.0;7.633333333333333;0.8444444444444444;2.8111111111111113;4.248333333333334;2.0;0.0;2.1;0.0;8.544444444444444;0.8333333333333334;2.8000000000000003;4.373333333333334;2.0;1.0;2.1;0.0;7.455555555555557;0.8333333333333334;2.722222222222222;4.180000000000001;2.0;1.0;0.0
2.1444444444444444;0.0;7.477777777777778;0.8444444444444446;2.8444444444444446;3.8899999999999992;1.0;21.0;2.1666666666666665;0.0;8.4;0.8333333333333334;2.8555555555555556;3.606666666666666;1.0;22.0;2.1555555555555554;0.0;7.622222222222223;0.8444444444444446;2.8333333333333335;4.168333333333334;1.0;22.0;2.0999999999999996;0.0;8.766666666666666;0.8333333333333334;2.8000000000000003;5.028333333333333;1.0;23.0;2.0999999999999996;0.0;7.355555555555555;0.8666666666666666;2.766666666666666;5.053333333333334;1.0;23.0;2.1111111111111107;0.0;8.504761904761905;0.8555555555555556;2.8111111111111113;3.745000000000001;2.0;0.0;2.111111111111111;0.0;7.633333333333333;0.8444444444444444;2.8111111111111113;4.248333333333334;2.0;0.0;2.1;0.0;8.544444444444444;0.8333333333333334;2.8000000000000003;4.373333333333334;2.0;1.0;2.1;0.0;7.455555555555557;0.8333333333333334;2.722222222222222;4.180000000000001;2.0;1.0;2.1;0.0;8.266666666666667;0.8333333333333334;2.755555555555556;4.065;2.0;2.0;0.0
2.1666666666666665;0.0;8.4;0.8333333333333334;2.8555555555555556;3.606666666666666;1.0;22.0;2.1555555555555554;0.0;7.622222222222223;0.8444444444444446;2.8333333333333335;4.168333333333334;1.0;22.0;2.0999999999999996;0.0;8.766666666666666;0.8333333333333334;2.8000000000000003;5.028333333333333;1.0;23.0;2.0999999999999996;0.0;7.355555555555555;0.8666666666666666;2.766666666666666;5.053333333333334;1.0;23.0;2.1111111111111107;0.0;8.504761904761905;0.8555555555555556;2.8111111111111113;3.745000000000001;2.0;0.0;2.111111111111111;0.0;7.633333333333333;0.8444444444444444;2.8111111111111113;4.248333333333334;2.0;0.0;2.1;0.0;8.544444444444444;0.8333333333333334;2.8000000000000003;4.373333333333334;2.0;1.0;2.1;0.0;7.455555555555557;0.8333333333333334;2.722222222222222;4.180000000000001;2.0;1.0;2.1;0.0;8.266666666666667;0.8333333333333334;2.755555555555556;4.065;2.0;2.0;2.3000000000000003;0.0;20.37777777777778;1.777777777777778;2.8333333333333335;5.685;2.0;2.0;0.0
2.1555555555555554;0.0;7.622222222222223;0.8444444444444446;2.8333333333333335;4.168333333333334;1.0;22.0;2.0999999999999996;0.0;8.766666666666666;0.8333333333333334;2.8000000000000003;5.028333333333333;1.0;23.0;2.0999999999999996;0.0;7.355555555555555;0.8666666666666666;2.766666666666666;5.053333333333334;1.0;23.0;2.1111111111111107;0.0;8.504761904761905;0.8555555555555556;2.8111111111111113;3.745000000000001;2.0;0.0;2.111111111111111;0.0;7.633333333333333;0.8444444444444444;2.8111111111111113;4.248333333333334;2.0;0.0;2.1;0.0;8.544444444444444;0.8333333333333334;2.8000000000000003;4.373333333333334;2.0;1.0;2.1;0.0;7.455555555555557;0.8333333333333334;2.722222222222222;4.180000000000001;2.0;1.0;2.1;0.0;8.266666666666667;0.8333333333333334;2.755555555555556;4.065;2.0;2.0;2.3000000000000003;0.0;20.37777777777778;1.777777777777778;2.8333333333333335;5.685;2.0;2.0;2.1;0.0;8.088888888888889;0.8333333333333334;2.8111111111111104;4.2283333333333335;2.0;3.0;0.0
2.0999999999999996;0.0;8.766666666666666;0.8333333333333334;2.8000000000000003;5.028333333333333;1.0;23.0;2.0999999999999996;0.0;7.355555555555555;0.8666666666666666;2.766666666666666;5.053333333333334;1.0;23.0;2.1111111111111107;0.0;8.504761904761905;0.8555555555555556;2.8111111111111113;3.745000000000001;2.0;0.0;2.111111111111111;0.0;7.633333333333333;0.8444444444444444;2.8111111111111113;4.248333333333334;2.0;0.0;2.1;0.0;8.544444444444444;0.8333333333333334;2.8000000000000003;4.373333333333334;2.0;1.0;2.1;0.0;7.455555555555557;0.8333333333333334;2.722222222222222;4.180000000000001;2.0;1.0;2.1;0.0;8.266666666666667;0.8333333333333334;2.755555555555556;4.065;2.0;2.0;2.3000000000000003;0.0;20.37777777777778;1.777777777777778;2.8333333333333335;5.685;2.0;2.0;2.1;0.0;8.088888888888889;0.8333333333333334;2.8111111111111104;4.2283333333333335;2.0;3.0;2.1;0.0;7.488888888888888;0.8444444444444444;2.788888888888889;4.615;2.0;3.0;0.0
2.0999999999999996;0.0;7.355555555555555;0.8666666666666666;2.766666666666666;5.053333333333334;1.0;23.0;2.1111111111111107;0.0;8.504761904761905;0.8555555555555556;2.8111111111111113;3.745000000000001;2.0;0.0;2.111111111111111;0.0;7.633333333333333;0.8444444444444444;2.8111111111111113;4.248333333333334;2.0;0.0;2.1;0.0;8.544444444444444;0.8333333333333334;2.8000000000000003;4.373333333333334;2.0;1.0;2.1;0.0;7.455555555555557;0.8333333333333334;2.722222222222222;4.180000000000001;2.0;1.0;2.1;0.0;8.266666666666667;0.8333333333333334;2.755555555555556;4.065;2.0;2.0;2.3000000000000003;0.0;20.37777777777778;1.777777777777778;2.8333333333333335;5.685;2.0;2.0;2.1;0.0;8.088888888888889;0.8333333333333334;2.8111111111111104;4.2283333333333335;2.0;3.0;2.1;0.0;7.488888888888888;0.8444444444444444;2.788888888888889;4.615;2.0;3.0;2.1;0.0;8.355555555555556;0.8222222222222223;2.766666666666666;3.02;2.0;4.0;0.0
2.1111111111111107;0.0;8.504761904761905;0.8555555555555556;2.8111111111111113;3.745000000000001;2.0;0.0;2.111111111111111;0.0;7.633333333333333;0.8444444444444444;2.8111111111111113;4.248333333333334;2.0;0.0;2.1;0.0;8.544444444444444;0.8333333333333334;2.8000000000000003;4.373333333333334;2.0;1.0;2.1;0.0;7.455555555555557;0.8333333333333334;2.722222222222222;4.180000000000001;2.0;1.0;2.1;0.0;8.266666666666667;0.8333333333333334;2.755555555555556;4.065;2.0;2.0;2.3000000000000003;0.0;20.37777777777778;1.777777777777778;2.8333333333333335;5.685;2.0;2.0;2.1;0.0;8.088888888888889;0.8333333333333334;2.8111111111111104;4.2283333333333335;2.0;3.0;2.1;0.0;7.488888888888888;0.8444444444444444;2.788888888888889;4.615;2.0;3.0;2.1;0.0;8.355555555555556;0.8222222222222223;2.766666666666666;3.02;2.0;4.0;2.1;0.0;7.922222222222222;0.8444444444444444;2.755555555555555;3.7916666666666665;2.0;4.0;0.0
2.111111111111111;0.0;7.633333333333333;0.8444444444444444;2.8111111111111113;4.248333333333334;2.0;0.0;2.1;0.0;8.544444444444444;0.8333333333333334;2.8000000000000003;4.373333333333334;2.0;1.0;2.1;0.0;7.455555555555557;0.8333333333333334;2.722222222222222;4.180000000000001;2.0;1.0;2.1;0.0;8.266666666666667;0.8333333333333334;2.755555555555556;4.065;2.0;2.0;2.3000000000000003;0.0;20.37777777777778;1.777777777777778;2.8333333333333335;5.685;2.0;2.0;2.1;0.0;8.088888888888889;0.8333333333333334;2.8111111111111104;4.2283333333333335;2.0;3.0;2.1;0.0;7.488888888888888;0.8444444444444444;2.788888888888889;4.615;2.0;3.0;2.1;0.0;8.355555555555556;0.8222222222222223;2.766666666666666;3.02;2.0;4.0;2.1;0.0;7.922222222222222;0.8444444444444444;2.755555555555555;3.7916666666666665;2.0;4.0;2.1;0.0;8.377777777777778;0.8333333333333334;2.755555555555555;4.180000000000001;2.0;5.0;0.0
2.1;0.0;8.544444444444444;0.8333333333333334;2.8000000000000003;4.373333333333334;2.0;1.0;2.1;0.0;7.455555555555557;0.8333333333333334;2.722222222222222;4.180000000000001;2.0;1.0;2.1;0.0;8.266666666666667;0.8333333333333334;2.755555555555556;4.065;2.0;2.0;2.3000000000000003;0.0;20.37777777777778;1.777777777777778;2.8333333333333335;5.685;2.0;2.0;2.1;0.0;8.088888888888889;0.8333333333333334;2.8111111111111104;4.2283333333333335;2.0;3.0;2.1;0.0;7.488888888888888;0.8444444444444444;2.788888888888889;4.615;2.0;3.0;2.1;0.0;8.355555555555556;0.8222222222222223;2.766666666666666;3.02;2.0;4.0;2.1;0.0;7.922222222222222;0.8444444444444444;2.755555555555555;3.7916666666666665;2.0;4.0;2.1;0.0;8.377777777777778;0.8333333333333334;2.755555555555555;4.180000000000001;2.0;5.0;2.1;0.0;7.355555555555557;0.8555555555555555;2.7999999999999994;4.408333333333334;2.0;5.0;0.0
2.1;0.0;7.455555555555557;0.8333333333333334;2.722222222222222;4.180000000000001;2.0;1.0;2.1;0.0;8.266666666666667;0.8333333333333334;2.755555555555556;4.065;2.0;2.0;2.3000000000000003;0.0;20.37777777777778;1.777777777777778;2.8333333333333335;5.685;2.0;2.0;2.1;0.0;8.088888888888889;0.8333333333333334;2.8111111111111104;4.2283333333333335;2.0;3.0;2.1;0.0;7.488888888888888;0.8444444444444444;2.788888888888889;4.615;2.0;3.0;2.1;0.0;8.355555555555556;0.8222222222222223;2.766666666666666;3.02;2.0;4.0;2.1;0.0;7.922222222222222;0.8444444444444444;2.755555555555555;3.7916666666666665;2.0;4.0;2.1;0.0;8.377777777777778;0.8333333333333334;2.755555555555555;4.180000000000001;2.0;5.0;2.1;0.0;7.355555555555557;0.8555555555555555;2.7999999999999994;4.408333333333334;2.0;5.0;2.1;0.0;8.166666666666666;0.8333333333333335;2.755555555555555;4.753333333333333;2.0;6.0;0.0
2.1;0.0;8.266666666666667;0.8333333333333334;2.755555555555556;4.065;2.0;2.0;2.3000000000000003;0.0;20.37777777777778;1.777777777777778;2.8333333333333335;5.685;2.0;2.0;2.1;0.0;8.088888888888889;0.8333333333333334;2.8111111111111104;4.2283333333333335;2.0;3.0;2.1;0.0;7.488888888888888;0.8444444444444444;2.788888888888889;4.615;2.0;3.0;2.1;0.0;8.355555555555556;0.8222222222222223;2.766666666666666;3.02;2.0;4.0;2.1;0.0;7.922222222222222;0.8444444444444444;2.755555555555555;3.7916666666666665;2.0;4.0;2.1;0.0;8.377777777777778;0.8333333333333334;2.755555555555555;4.180000000000001;2.0;5.0;2.1;0.0;7.355555555555557;0.8555555555555555;2.7999999999999994;4.408333333333334;2.0;5.0;2.1;0.0;8.166666666666666;0.8333333333333335;2.755555555555555;4.753333333333333;2.0;6.0;2.1333333333333333;0.0;7.322222222222222;0.7999999999999999;2.711111111111111;4.238333333333334;2.0;6.0;0.0
2.3000000000000003;0.0;20.37777777777778;1.777777777777778;2.8333333333333335;5.685;2.0;2.0;2.1;0.0;8.088888888888889;0.8333333333333334;2.8111111111111104;4.2283333333333335;2.0;3.0;2.1;0.0;7.488888888888888;0.8444444444444444;2.788888888888889;4.615;2.0;3.0;2.1;0.0;8.355555555555556;0.8222222222222223;2.766666666666666;3.02;2.0;4.0;2.1;0.0;7.922222222222222;0.8444444444444444;2.755555555555555;3.7916666666666665;2.0;4.0;2.1;0.0;8.377777777777778;0.8333333333333334;2.755555555555555;4.180000000000001;2.0;5.0;2.1;0.0;7.355555555555557;0.8555555555555555;2.7999999999999994;4.408333333333334;2.0;5.0;2.1;0.0;8.166666666666666;0.8333333333333335;2.755555555555555;4.753333333333333;2.0;6.0;2.1333333333333333;0.0;7.322222222222222;0.7999999999999999;2.711111111111111;4.238333333333334;2.0;6.0;2.1222222222222222;0.0;8.21111111111111;0.8111111111111112;2.722222222222222;4.215;2.0;7.0;0.0
2.1;0.0;8.088888888888889;0.8333333333333334;2.8111111111111104;4.2283333333333335;2.0;3.0;2.1;0.0;7.488888888888888;0.8444444444444444;2.788888888888889;4.615;2.0;3.0;2.1;0.0;8.355555555555556;0.8222222222222223;2.766666666666666;3.02;2.0;4.0;2.1;0.0;7.922222222222222;0.8444444444444444;2.755555555555555;3.7916666666666665;2.0;4.0;2.1;0.0;8.377777777777778;0.8333333333333334;2.755555555555555;4.180000000000001;2.0;5.0;2.1;0.0;7.355555555555557;0.8555555555555555;2.7999999999999994;4.408333333333334;2.0;5.0;2.1;0.0;8.166666666666666;0.8333333333333335;2.755555555555555;4.753333333333333;2.0;6.0;2.1333333333333333;0.0;7.322222222222222;0.7999999999999999;2.711111111111111;4.238333333333334;2.0;6.0;2.1222222222222222;0.0;8.21111111111111;0.8111111111111112;2.722222222222222;4.215;2.0;7.0;2.1666666666666665;0.0;7.5;0.8555555555555555;2.711111111111111;4.215;2.0;7.0;0.0
2.1;0.0;7.488888888888888;0.8444444444444444;2.788888888888889;4.615;2.0;3.0;2.1;0.0;8.355555555555556;0.8222222222222223;2.766666666666666;3.02;2.0;4.0;2.1;0.0;7.922222222222222;0.8444444444444444;2.755555555555555;3.7916666666666665;2.0;4.0;2.1;0.0;8.377777777777778;0.8333333333333334;2.755555555555555;4.180000000000001;2.0;5.0;2.1;0.0;7.355555555555557;0.8555555555555555;2.7999999999999994;4.408333333333334;2.0;5.0;2.1;0.0;8.166666666666666;0.8333333333333335;2.755555555555555;4.753333333333333;2.0;6.0;2.1333333333333333;0.0;7.322222222222222;0.7999999999999999;2.711111111111111;4.238333333333334;2.0;6.0;2.1222222222222222;0.0;8.21111111111111;0.8111111111111112;2.722222222222222;4.215;2.0;7.0;2.1666666666666665;0.0;7.5;0.8555555555555555;2.711111111111111;4.215;2.0;7.0;2.1;0.0;8.411111111111111;0.8666666666666667;2.766666666666666;4.616666666666666;2.0;8.0;0.0
2.1;0.0;8.355555555555556;0.8222222222222223;2.766666666666666;3.02;2.0;4.0;2.1;0.0;7.922222222222222;0.8444444444444444;2.755555555555555;3.7916666666666665;2.0;4.0;2.1;0.0;8.377777777777778;0.8333333333333334;2.755555555555555;4.180000000000001;2.0;5.0;2.1;0.0;7.355555555555557;0.8555555555555555;2.7999999999999994;4.408333333333334;2.0;5.0;2.1;0.0;8.166666666666666;0.8333333333333335;2.755555555555555;4.753333333333333;2.0;6.0;2.1333333333333333;0.0;7.322222222222222;0.7999999999999999;2.711111111111111;4.238333333333334;2.0;6.0;2.1222222222222222;0.0;8.21111111111111;0.8111111111111112;2.722222222222222;4.215;2.0;7.0;2.1666666666666665;0.0;7.5;0.8555555555555555;2.711111111111111;4.215;2.0;7.0;2.1;0.0;8.411111111111111;0.8666666666666667;2.766666666666666;4.616666666666666;2.0;8.0;2.1;0.0;7.544444444444444;0.9444444444444443;3.5222222222222226;3.641666666666666;2.0;8.0;0.0
2.1;0.0;7.922222222222222;0.8444444444444444;2.755555555555555;3.7916666666666665;2.0;4.0;2.1;0.0;8.377777777777778;0.8333333333333334;2.755555555555555;4.180000000000001;2.0;5.0;2.1;0.0;7.355555555555557;0.8555555555555555;2.7999999999999994;4.408333333333334;2.0;5.0;2.1;0.0;8.166666666666666;0.8333333333333335;2.755555555555555;4.753333333333333;2.0;6.0;2.1333333333333333;0.0;7.322222222222222;0.7999999999999999;2.711111111111111;4.238333333333334;2.0;6.0;2.1222222222222222;0.0;8.21111111111111;0.8111111111111112;2.722222222222222;4.215;2.0;7.0;2.1666666666666665;0.0;7.5;0.8555555555555555;2.711111111111111;4.215;2.0;7.0;2.1;0.0;8.411111111111111;0.8666666666666667;2.766666666666666;4.616666666666666;2.0;8.0;2.1;0.0;7.544444444444444;0.9444444444444443;3.5222222222222226;3.641666666666666;2.0;8.0;2.1222222222222222;0.0;8.144444444444444;1.1888888888888889;29.066666666666666;4.1016666666666675;2.0;9.0;0.0
2.1;0.0;8.377777777777778;0.8333333333333334;2.755555555555555;4.180000000000001;2.0;5.0;2.1;0.0;7.355555555555557;0.8555555555555555;2.7999999999999994;4.408333333333334;2.0;5.0;2.1;0.0;8.166666666666666;0.8333333333333335;2.755555555555555;4.753333333333333;2.0;6.0;2.1333333333333333;0.0;7.322222222222222;0.7999999999999999;2.711111111111111;4.238333333333334;2.0;6.0;2.1222222222222222;0.0;8.21111111111111;0.8111111111111112;2.722222222222222;4.215;2.0;7.0;2.1666666666666665;0.0;7.5;0.8555555555555555;2.711111111111111;4.215;2.0;7.0;2.1;0.0;8.411111111111111;0.8666666666666667;2.766666666666666;4.616666666666666;2.0;8.0;2.1;0.0;7.544444444444444;0.9444444444444443;3.5222222222222226;3.641666666666666;2.0;8.0;2.1222222222222222;0.0;8.144444444444444;1.1888888888888889;29.066666666666666;4.1016666666666675;2.0;9.0;2.7103174603174605;0.0111111111111111;28.40634920634921;17.537301587301588;58.46666666666667;4.971666666666667;2.0;9.0;0.0
2.1;0.0;7.355555555555557;0.8555555555555555;2.7999999999999994;4.408333333333334;2.0;5.0;2.1;0.0;8.166666666666666;0.8333333333333335;2.755555555555555;4.753333333333333;2.0;6.0;2.1333333333333333;0.0;7.322222222222222;0.7999999999999999;2.711111111111111;4.238333333333334;2.0;6.0;2.1222222222222222;0.0;8.21111111111111;0.8111111111111112;2.722222222222222;4.215;2.0;7.0;2.1666666666666665;0.0;7.5;0.8555555555555555;2.711111111111111;4.215;2.0;7.0;2.1;0.0;8.411111111111111;0.8666666666666667;2.766666666666666;4.616666666666666;2.0;8.0;2.1;0.0;7.544444444444444;0.9444444444444443;3.5222222222222226;3.641666666666666;2.0;8.0;2.1222222222222222;0.0;8.144444444444444;1.1888888888888889;29.066666666666666;4.1016666666666675;2.0;9.0;2.7103174603174605;0.0111111111111111;28.40634920634921;17.537301587301588;58.46666666666667;4.971666666666667;2.0;9.0;3.002380952380953;0.0;8.675396825396826;2.0396825396825395;7.133333333333333;3.758333333333333;2.0;10.0;0.0
2.1;0.0;8.166666666666666;0.8333333333333335;2.755555555555555;4.753333333333333;2.0;6.0;2.1333333333333333;0.0;7.322222222222222;0.7999999999999999;2.711111111111111;4.238333333333334;2.0;6.0;2.1222222222222222;0.0;8.21111111111111;0.8111111111111112;2.722222222222222;4.215;2.0;7.0;2.1666666666666665;0.0;7.5;0.8555555555555555;2.711111111111111;4.215;2.0;7.0;2.1;0.0;8.411111111111111;0.8666666666666667;2.766666666666666;4.616666666666666;2.0;8.0;2.1;0.0;7.544444444444444;0.9444444444444443;3.5222222222222226;3.641666666666666;2.0;8.0;2.1222222222222222;0.0;8.144444444444444;1.1888888888888889;29.066666666666666;4.1016666666666675;2.0;9.0;2.7103174603174605;0.0111111111111111;28.40634920634921;17.537301587301588;58.46666666666667;4.971666666666667;2.0;9.0;3.002380952380953;0.0;8.675396825396826;2.0396825396825395;7.133333333333333;3.758333333333333;2.0;10.0;3.1023809523809525;0.0;7.988095238095237;1.4912698412698413;4.203174603174603;3.293333333333333;2.0;10.0;0.0
2.1333333333333333;0.0;7.322222222222222;0.7999999999999999;2.711111111111111;4.238333333333334;2.0;6.0;2.1222222222222222;0.0;8.21111111111111;0.8111111111111112;2.722222222222222;4.215;2.0;7.0;2.1666666666666665;0.0;7.5;0.8555555555555555;2.711111111111111;4.215;2.0;7.0;2.1;0.0;8.411111111111111;0.8666666666666667;2.766666666666666;4.616666666666666;2.0;8.0;2.1;0.0;7.544444444444444;0.9444444444444443;3.5222222222222226;3.641666666666666;2.0;8.0;2.1222222222222222;0.0;8.144444444444444;1.1888888888888889;29.066666666666666;4.1016666666666675;2.0;9.0;2.7103174603174605;0.0111111111111111;28.40634920634921;17.537301587301588;58.46666666666667;4.971666666666667;2.0;9.0;3.002380952380953;0.0;8.675396825396826;2.0396825396825395;7.133333333333333;3.758333333333333;2.0;10.0;3.1023809523809525;0.0;7.988095238095237;1.4912698412698413;4.203174603174603;3.293333333333333;2.0;10.0;3.011111111111111;0.0;29.08253968253968;15.952380952380954;3.1746031746031744;5.158333333333333;2.0;11.0;0.0
2.1222222222222222;0.0;8.21111111111111;0.8111111111111112;2.722222222222222;4.215;2.0;7.0;2.1666666666666665;0.0;7.5;0.8555555555555555;2.711111111111111;4.215;2.0;7.0;2.1;0.0;8.411111111111111;0.8666666666666667;2.766666666666666;4.616666666666666;2.0;8.0;2.1;0.0;7.544444444444444;0.9444444444444443;3.5222222222222226;3.641666666666666;2.0;8.0;2.1222222222222222;0.0;8.144444444444444;1.1888888888888889;29.066666666666666;4.1016666666666675;2.0;9.0;2.7103174603174605;0.0111111111111111;28.40634920634921;17.537301587301588;58.46666666666667;4.971666666666667;2.0;9.0;3.002380952380953;0.0;8.675396825396826;2.0396825396825395;7.133333333333333;3.758333333333333;2.0;10.0;3.1023809523809525;0.0;7.988095238095237;1.4912698412698413;4.203174603174603;3.293333333333333;2.0;10.0;3.011111111111111;0.0;29.08253968253968;15.952380952380954;3.1746031746031744;5.158333333333333;2.0;11.0;3.0;0.05555555555555555;7.655555555555555;2.1777777777777776;5.977777777777778;4.053333333333334;2.0;11.0;0.0
2.1666666666666665;0.0;7.5;0.8555555555555555;2.711111111111111;4.215;2.0;7.0;2.1;0.0;8.411111111111111;0.8666666666666667;2.766666666666666;4.616666666666666;2.0;8.0;2.1;0.0;7.544444444444444;0.9444444444444443;3.5222222222222226;3.641666666666666;2.0;8.0;2.1222222222222222;0.0;8.144444444444444;1.1888888888888889;29.066666666666666;4.1016666666666675;2.0;9.0;2.7103174603174605;0.0111111111111111;28.40634920634921;17.537301587301588;58.46666666666667;4.971666666666667;2.0;9.0;3.002380952380953;0.0;8.675396825396826;2.0396825396825395;7.133333333333333;3.758333333333333;2.0;10.0;3.1023809523809525;0.0;7.988095238095237;1.4912698412698413;4.203174603174603;3.293333333333333;2.0;10.0;3.011111111111111;0.0;29.08253968253968;15.952380952380954;3.1746031746031744;5.158333333333333;2.0;11.0;3.0;0.05555555555555555;7.655555555555555;2.1777777777777776;5.977777777777778;4.053333333333334;2.0;11.0;3.133333333333333;0.0;8.633333333333333;1.888888888888889;5.255555555555556;4.743333333333333;2.0;12.0;0.0
2.1;0.0;8.411111111111111;0.8666666666666667;2.766666666666666;4.616666666666666;2.0;8.0;2.1;0.0;7.544444444444444;0.9444444444444443;3.5222222222222226;3.641666666666666;2.0;8.0;2.1222222222222222;0.0;8.144444444444444;1.1888888888888889;29.066666666666666;4.1016666666666675;2.0;9.0;2.7103174603174605;0.0111111111111111;28.40634920634921;17.537301587301588;58.46666666666667;4.971666666666667;2.0;9.0;3.002380952380953;0.0;8.675396825396826;2.0396825396825395;7.133333333333333;3.758333333333333;2.0;10.0;3.1023809523809525;0.0;7.988095238095237;1.4912698412698413;4.203174603174603;3.293333333333333;2.0;10.0;3.011111111111111;0.0;29.08253968253968;15.952380952380954;3.1746031746031744;5.158333333333333;2.0;11.0;3.0;0.05555555555555555;7.655555555555555;2.1777777777777776;5.977777777777778;4.053333333333334;2.0;11.0;3.133333333333333;0.0;8.633333333333333;1.888888888888889;5.255555555555556;4.743333333333333;2.0;12.0;3.0999999999999996;0.0;7.977777777777778;2.1999999999999997;4.2444444444444445;3.8816666666666664;2.0;12.0;0.0
2.1;0.0;7.544444444444444;0.9444444444444443;3.5222222222222226;3.641666666666666;2.0;8.0;2.1222222222222222;0.0;8.144444444444444;1.1888888888888889;29.066666666666666;4.1016666666666675;2.0;9.0;2.7103174603174605;0.0111111111111111;28.40634920634921;17.537301587301588;58.46666666666667;4.971666666666667;2.0;9.0;3.002380952380953;0.0;8.675396825396826;2.0396825396825395;7.133333333333333;3.758333333333333;2.0;10.0;3.1023809523809525;0.0;7.988095238095237;1.4912698412698413;4.203174603174603;3.293333333333333;2.0;10.0;3.011111111111111;0.0;29.08253968253968;15.952380952380954;3.1746031746031744;5.158333333333333;2.0;11.0;3.0;0.05555555555555555;7.655555555555555;2.1777777777777776;5.977777777777778;4.053333333333334;2.0;11.0;3.133333333333333;0.0;8.633333333333333;1.888888888888889;5.255555555555556;4.743333333333333;2.0;12.0;3.0999999999999996;0.0;7.977777777777778;2.1999999999999997;4.2444444444444445;3.8816666666666664;2.0;12.0;3.1333333333333333;0.0;9.111111111111112;24.17777777777778;27.488888888888894;5.215;2.0;13.0;0.0
2.1222222222222222;0.0;8.144444444444444;1.1888888888888889;29.066666666666666;4.1016666666666675;2.0;9.0;2.7103174603174605;0.0111111111111111;28.40634920634921;17.537301587301588;58.46666666666667;4.971666666666667;2.0;9.0;3.002380952380953;0.0;8.675396825396826;2.0396825396825395;7.133333333333333;3.758333333333333;2.0;10.0;3.1023809523809525;0.0;7.988095238095237;1.4912698412698413;4.203174603174603;3.293333333333333;2.0;10.0;3.011111111111111;0.0;29.08253968253968;15.952380952380954;3.1746031746031744;5.158333333333333;2.0;11.0;3.0;0.05555555555555555;7.655555555555555;2.1777777777777776;5.977777777777778;4.053333333333334;2.0;11.0;3.133333333333333;0.0;8.633333333333333;1.888888888888889;5.255555555555556;4.743333333333333;2.0;12.0;3.0999999999999996;0.0;7.977777777777778;2.1999999999999997;4.2444444444444445;3.8816666666666664;2.0;12.0;3.1333333333333333;0.0;9.111111111111112;24.17777777777778;27.488888888888894;5.215;2.0;13.0;3.244444444444444;0.0;8.811111111111112;55.42222222222222;59.37777777777777;4.776666666666666;2.0;13.0;0.0
2.7103174603174605;0.0111111111111111;28.40634920634921;17.537301587301588;58.46666666666667;4.971666666666667;2.0;9.0;3.002380952380953;0.0;8.675396825396826;2.0396825396825395;7.133333333333333;3.758333333333333;2.0;10.0;3.1023809523809525;0.0;7.988095238095237;1.4912698412698413;4.203174603174603;3.293333333333333;2.0;10.0;3.011111111111111;0.0;29.08253968253968;15.952380952380954;3.1746031746031744;5.158333333333333;2.0;11.0;3.0;0.05555555555555555;7.655555555555555;2.1777777777777776;5.977777777777778;4.053333333333334;2.0;11.0;3.133333333333333;0.0;8.633333333333333;1.888888888888889;5.255555555555556;4.743333333333333;2.0;12.0;3.0999999999999996;0.0;7.977777777777778;2.1999999999999997;4.2444444444444445;3.8816666666666664;2.0;12.0;3.1333333333333333;0.0;9.111111111111112;24.17777777777778;27.488888888888894;5.215;2.0;13.0;3.244444444444444;0.0;8.811111111111112;55.42222222222222;59.37777777777777;4.776666666666666;2.0;13.0;3.0999999999999996;0.0;8.688888888888888;0.9;2.977777777777778;5.983333333333333;2.0;14.0;0.0
3.002380952380953;0.0;8.675396825396826;2.0396825396825395;7.133333333333333;3.758333333333333;2.0;10.0;3.1023809523809525;0.0;7.988095238095237;1.4912698412698413;4.203174603174603;3.293333333333333;2.0;10.0;3.011111111111111;0.0;29.08253968253968;15.952380952380954;3.1746031746031744;5.158333333333333;2.0;11.0;3.0;0.05555555555555555;7.655555555555555;2.1777777777777776;5.977777777777778;4.053333333333334;2.0;11.0;3.133333333333333;0.0;8.633333333333333;1.888888888888889;5.255555555555556;4.743333333333333;2.0;12.0;3.0999999999999996;0.0;7.977777777777778;2.1999999999999997;4.2444444444444445;3.8816666666666664;2.0;12.0;3.1333333333333333;0.0;9.111111111111112;24.17777777777778;27.488888888888894;5.215;2.0;13.0;3.244444444444444;0.0;8.811111111111112;55.42222222222222;59.37777777777777;4.776666666666666;2.0;13.0;3.0999999999999996;0.0;8.688888888888888;0.9;2.977777777777778;5.983333333333333;2.0;14.0;3.122222222222222;0.0;7.82222222222222;4.111111111111112;6.988888888888888;3.7899999999999996;2.0;14.0;0.0
3.1023809523809525;0.0;7.988095238095237;1.4912698412698413;4.203174603174603;3.293333333333333;2.0;10.0;3.011111111111111;0.0;29.08253968253968;15.952380952380954;3.1746031746031744;5.158333333333333;2.0;11.0;3.0;0.05555555555555555;7.655555555555555;2.1777777777777776;5.977777777777778;4.053333333333334;2.0;11.0;3.133333333333333;0.0;8.633333333333333;1.888888888888889;5.255555555555556;4.743333333333333;2.0;12.0;3.0999999999999996;0.0;7.977777777777778;2.1999999999999997;4.2444444444444445;3.8816666666666664;2.0;12.0;3.1333333333333333;0.0;9.111111111111112;24.17777777777778;27.488888888888894;5.215;2.0;13.0;3.244444444444444;0.0;8.811111111111112;55.42222222222222;59.37777777777777;4.776666666666666;2.0;13.0;3.0999999999999996;0.0;8.688888888888888;0.9;2.977777777777778;5.983333333333333;2.0;14.0;3.122222222222222;0.0;7.82222222222222;4.111111111111112;6.988888888888888;3.7899999999999996;2.0;14.0;4.633333333333333;0.0;12.31111111111111;252.77777777777774;261.31111111111113;4.513333333333333;2.0;15.0;1.0
3.011111111111111;0.0;29.08253968253968;15.952380952380954;3.1746031746031744;5.158333333333333;2.0;11.0;3.0;0.05555555555555555;7.655555555555555;2.1777777777777776;5.977777777777778;4.053333333333334;2.0;11.0;3.133333333333333;0.0;8.633333333333333;1.888888888888889;5.255555555555556;4.743333333333333;2.0;12.0;3.0999999999999996;0.0;7.977777777777778;2.1999999999999997;4.2444444444444445;3.8816666666666664;2.0;12.0;3.1333333333333333;0.0;9.111111111111112;24.17777777777778;27.488888888888894;5.215;2.0;13.0;3.244444444444444;0.0;8.811111111111112;55.42222222222222;59.37777777777777;4.776666666666666;2.0;13.0;3.0999999999999996;0.0;8.688888888888888;0.9;2.977777777777778;5.983333333333333;2.0;14.0;3.122222222222222;0.0;7.82222222222222;4.111111111111112;6.988888888888888;3.7899999999999996;2.0;14.0;4.633333333333333;0.0;12.31111111111111;252.77777777777774;261.31111111111113;4.513333333333333;2.0;15.0;13.600000000000001;0.0;29.24444444444445;1488.3777777777777;1532.9222222222222;5.4766666666666675;2.0;15.0;1.0
3.0;0.05555555555555555;7.655555555555555;2.1777777777777776;5.977777777777778;4.053333333333334;2.0;11.0;3.133333333333333;0.0;8.633333333333333;1.888888888888889;5.255555555555556;4.743333333333333;2.0;12.0;3.0999999999999996;0.0;7.977777777777778;2.1999999999999997;4.2444444444444445;3.8816666666666664;2.0;12.0;3.1333333333333333;0.0;9.111111111111112;24.17777777777778;27.488888888888894;5.215;2.0;13.0;3.244444444444444;0.0;8.811111111111112;55.42222222222222;59.37777777777777;4.776666666666666;2.0;13.0;3.0999999999999996;0.0;8.688888888888888;0.9;2.977777777777778;5.983333333333333;2.0;14.0;3.122222222222222;0.0;7.82222222222222;4.111111111111112;6.988888888888888;3.7899999999999996;2.0;14.0;4.633333333333333;0.0;12.31111111111111;252.77777777777774;261.31111111111113;4.513333333333333;2.0;15.0;13.600000000000001;0.0;29.24444444444445;1488.3777777777777;1532.9222222222222;5.4766666666666675;2.0;15.0;15.622222222222225;0.0;34.62222222222223;1799.822222222222;1852.8555555555556;4.595;2.0;16.0;0.0
3.133333333333333;0.0;8.633333333333333;1.888888888888889;5.255555555555556;4.743333333333333;2.0;12.0;3.0999999999999996;0.0;7.977777777777778;2.1999999999999997;4.2444444444444445;3.8816666666666664;2.0;12.0;3.1333333333333333;0.0;9.111111111111112;24.17777777777778;27.488888888888894;5.215;2.0;13.0;3.244444444444444;0.0;8.811111111111112;55.42222222222222;59.37777777777777;4.776666666666666;2.0;13.0;3.0999999999999996;0.0;8.688888888888888;0.9;2.977777777777778;5.983333333333333;2.0;14.0;3.122222222222222;0.0;7.82222222222222;4.111111111111112;6.988888888888888;3.7899999999999996;2.0;14.0;4.633333333333333;0.0;12.31111111111111;252.77777777777774;261.31111111111113;4.513333333333333;2.0;15.0;13.600000000000001;0.0;29.24444444444445;1488.3777777777777;1532.9222222222222;5.4766666666666675;2.0;15.0;15.622222222222225;0.0;34.62222222222223;1799.822222222222;1852.8555555555556;4.595;2.0;16.0;9.422222222222222;0.0;21.23333333333333;894.1444444444445;920.8666666666664;5.568333333333334;2.0;16.0;0.0
3.0999999999999996;0.0;7.977777777777778;2.1999999999999997;4.2444444444444445;3.8816666666666664;2.0;12.0;3.1333333333333333;0.0;9.111111111111112;24.17777777777778;27.488888888888894;5.215;2.0;13.0;3.244444444444444;0.0;8.811111111111112;55.42222222222222;59.37777777777777;4.776666666666666;2.0;13.0;3.0999999999999996;0.0;8.688888888888888;0.9;2.977777777777778;5.983333333333333;2.0;14.0;3.122222222222222;0.0;7.82222222222222;4.111111111111112;6.988888888888888;3.7899999999999996;2.0;14.0;4.633333333333333;0.0;12.31111111111111;252.77777777777774;261.31111111111113;4.513333333333333;2.0;15.0;13.600000000000001;0.0;29.24444444444445;1488.3777777777777;1532.9222222222222;5.4766666666666675;2.0;15.0;15.622222222222225;0.0;34.62222222222223;1799.822222222222;1852.8555555555556;4.595;2.0;16.0;9.422222222222222;0.0;21.23333333333333;894.1444444444445;920.8666666666664;5.568333333333334;2.0;16.0;3.111111111111111;0.0;9.11111111111111;0.9333333333333332;3.5999999999999996;4.409999999999999;2.0;17.0;0.0
3.1333333333333333;0.0;9.111111111111112;24.17777777777778;27.488888888888894;5.215;2.0;13.0;3.244444444444444;0.0;8.811111111111112;55.42222222222222;59.37777777777777;4.776666666666666;2.0;13.0;3.0999999999999996;0.0;8.688888888888888;0.9;2.977777777777778;5.983333333333333;2.0;14.0;3.122222222222222;0.0;7.82222222222222;4.111111111111112;6.988888888888888;3.7899999999999996;2.0;14.0;4.633333333333333;0.0;12.31111111111111;252.77777777777774;261.31111111111113;4.513333333333333;2.0;15.0;13.600000000000001;0.0;29.24444444444445;1488.3777777777777;1532.9222222222222;5.4766666666666675;2.0;15.0;15.622222222222225;0.0;34.62222222222223;1799.822222222222;1852.8555555555556;4.595;2.0;16.0;9.422222222222222;0.0;21.23333333333333;894.1444444444445;920.8666666666664;5.568333333333334;2.0;16.0;3.111111111111111;0.0;9.11111111111111;0.9333333333333332;3.5999999999999996;4.409999999999999;2.0;17.0;3.1222222222222222;0.0;8.022222222222222;0.8666666666666668;3.1777777777777776;4.525000000000001;2.0;17.0;0.0
3.244444444444444;0.0;8.811111111111112;55.42222222222222;59.37777777777777;4.776666666666666;2.0;13.0;3.0999999999999996;0.0;8.688888888888888;0.9;2.977777777777778;5.983333333333333;2.0;14.0;3.122222222222222;0.0;7.82222222222222;4.111111111111112;6.988888888888888;3.7899999999999996;2.0;14.0;4.633333333333333;0.0;12.31111111111111;252.77777777777774;261.31111111111113;4.513333333333333;2.0;15.0;13.600000000000001;0.0;29.24444444444445;1488.3777777777777;1532.9222222222222;5.4766666666666675;2.0;15.0;15.622222222222225;0.0;34.62222222222223;1799.822222222222;1852.8555555555556;4.595;2.0;16.0;9.422222222222222;0.0;21.23333333333333;894.1444444444445;920.8666666666664;5.568333333333334;2.0;16.0;3.111111111111111;0.0;9.11111111111111;0.9333333333333332;3.5999999999999996;4.409999999999999;2.0;17.0;3.1222222222222222;0.0;8.022222222222222;0.8666666666666668;3.1777777777777776;4.525000000000001;2.0;17.0;3.1333333333333333;0.0;8.944444444444445;0.8444444444444444;3.1777777777777776;5.131666666666667;2.0;18.0;0.0
3.0999999999999996;0.0;8.688888888888888;0.9;2.977777777777778;5.983333333333333;2.0;14.0;3.122222222222222;0.0;7.82222222222222;4.111111111111112;6.988888888888888;3.7899999999999996;2.0;14.0;4.633333333333333;0.0;12.31111111111111;252.77777777777774;261.31111111111113;4.513333333333333;2.0;15.0;13.600000000000001;0.0;29.24444444444445;1488.3777777777777;1532.9222222222222;5.4766666666666675;2.0;15.0;15.622222222222225;0.0;34.62222222222223;1799.822222222222;1852.8555555555556;4.595;2.0;16.0;9.422222222222222;0.0;21.23333333333333;894.1444444444445;920.8666666666664;5.568333333333334;2.0;16.0;3.111111111111111;0.0;9.11111111111111;0.9333333333333332;3.5999999999999996;4.409999999999999;2.0;17.0;3.1222222222222222;0.0;8.022222222222222;0.8666666666666668;3.1777777777777776;4.525000000000001;2.0;17.0;3.1333333333333333;0.0;8.944444444444445;0.8444444444444444;3.1777777777777776;5.131666666666667;2.0;18.0;3.1444444444444444;0.0;8.033333333333333;0.8333333333333334;3.1666666666666665;4.261666666666668;2.0;18.0;0.0
3.122222222222222;0.0;7.82222222222222;4.111111111111112;6.988888888888888;3.7899999999999996;2.0;14.0;4.633333333333333;0.0;12.31111111111111;252.77777777777774;261.31111111111113;4.513333333333333;2.0;15.0;13.600000000000001;0.0;29.24444444444445;1488.3777777777777;1532.9222222222222;5.4766666666666675;2.0;15.0;15.622222222222225;0.0;34.62222222222223;1799.822222222222;1852.8555555555556;4.595;2.0;16.0;9.422222222222222;0.0;21.23333333333333;894.1444444444445;920.8666666666664;5.568333333333334;2.0;16.0;3.111111111111111;0.0;9.11111111111111;0.9333333333333332;3.5999999999999996;4.409999999999999;2.0;17.0;3.1222222222222222;0.0;8.022222222222222;0.8666666666666668;3.1777777777777776;4.525000000000001;2.0;17.0;3.1333333333333333;0.0;8.944444444444445;0.8444444444444444;3.1777777777777776;5.131666666666667;2.0;18.0;3.1444444444444444;0.0;8.033333333333333;0.8333333333333334;3.1666666666666665;4.261666666666668;2.0;18.0;3.1555555555555554;0.0;8.944444444444445;0.7999999999999999;3.1777777777777776;4.465;2.0;19.0;0.0
4.633333333333333;0.0;12.31111111111111;252.77777777777774;261.31111111111113;4.513333333333333;2.0;15.0;13.600000000000001;0.0;29.24444444444445;1488.3777777777777;1532.9222222222222;5.4766666666666675;2.0;15.0;15.622222222222225;0.0;34.62222222222223;1799.822222222222;1852.8555555555556;4.595;2.0;16.0;9.422222222222222;0.0;21.23333333333333;894.1444444444445;920.8666666666664;5.568333333333334;2.0;16.0;3.111111111111111;0.0;9.11111111111111;0.9333333333333332;3.5999999999999996;4.409999999999999;2.0;17.0;3.1222222222222222;0.0;8.022222222222222;0.8666666666666668;3.1777777777777776;4.525000000000001;2.0;17.0;3.1333333333333333;0.0;8.944444444444445;0.8444444444444444;3.1777777777777776;5.131666666666667;2.0;18.0;3.1444444444444444;0.0;8.033333333333333;0.8333333333333334;3.1666666666666665;4.261666666666668;2.0;18.0;3.1555555555555554;0.0;8.944444444444445;0.7999999999999999;3.1777777777777776;4.465;2.0;19.0;3.144444444444444;0.0;7.988888888888888;0.8777777777777779;3.1888888888888887;4.454999999999999;2.0;19.0;0.0
13.600000000000001;0.0;29.24444444444445;1488.3777777777777;1532.9222222222222;5.4766666666666675;2.0;15.0;15.622222222222225;0.0;34.62222222222223;1799.822222222222;1852.8555555555556;4.595;2.0;16.0;9.422222222222222;0.0;21.23333333333333;894.1444444444445;920.8666666666664;5.568333333333334;2.0;16.0;3.111111111111111;0.0;9.11111111111111;0.9333333333333332;3.5999999999999996;4.409999999999999;2.0;17.0;3.1222222222222222;0.0;8.022222222222222;0.8666666666666668;3.1777777777777776;4.525000000000001;2.0;17.0;3.1333333333333333;0.0;8.944444444444445;0.8444444444444444;3.1777777777777776;5.131666666666667;2.0;18.0;3.1444444444444444;0.0;8.033333333333333;0.8333333333333334;3.1666666666666665;4.261666666666668;2.0;18.0;3.1555555555555554;0.0;8.944444444444445;0.7999999999999999;3.1777777777777776;4.465;2.0;19.0;3.144444444444444;0.0;7.988888888888888;0.8777777777777779;3.1888888888888887;4.454999999999999;2.0;19.0;3.1777777777777776;0.0;8.888888888888888;0.8555555555555556;3.1999999999999997;4.8133333333333335;2.0;20.0;0.0
15.622222222222225;0.0;34.62222222222223;1799.822222222222;1852.8555555555556;4.595;2.0;16.0;9.422222222222222;0.0;21.23333333333333;894.1444444444445;920.8666666666664;5.568333333333334;2.0;16.0;3.111111111111111;0.0;9.11111111111111;0.9333333333333332;3.5999999999999996;4.409999999999999;2.0;17.0;3.1222222222222222;0.0;8.022222222222222;0.8666666666666668;3.1777777777777776;4.525000000000001;2.0;17.0;3.1333333333333333;0.0;8.944444444444445;0.8444444444444444;3.1777777777777776;5.131666666666667;2.0;18.0;3.1444444444444444;0.0;8.033333333333333;0.8333333333333334;3.1666666666666665;4.261666666666668;2.0;18.0;3.1555555555555554;0.0;8.944444444444445;0.7999999999999999;3.1777777777777776;4.465;2.0;19.0;3.144444444444444;0.0;7.988888888888888;0.8777777777777779;3.1888888888888887;4.454999999999999;2.0;19.0;3.1777777777777776;0.0;8.888888888888888;0.8555555555555556;3.1999999999999997;4.8133333333333335;2.0;20.0;3.133333333333333;0.0;7.88888888888889;0.8666666666666666;3.1777777777777776;5.685;2.0;20.0;0.0
9.422222222222222;0.0;21.23333333333333;894.1444444444445;920.8666666666664;5.568333333333334;2.0;16.0;3.111111111111111;0.0;9.11111111111111;0.9333333333333332;3.5999999999999996;4.409999999999999;2.0;17.0;3.1222222222222222;0.0;8.022222222222222;0.8666666666666668;3.1777777777777776;4.525000000000001;2.0;17.0;3.1333333333333333;0.0;8.944444444444445;0.8444444444444444;3.1777777777777776;5.131666666666667;2.0;18.0;3.1444444444444444;0.0;8.033333333333333;0.8333333333333334;3.1666666666666665;4.261666666666668;2.0;18.0;3.1555555555555554;0.0;8.944444444444445;0.7999999999999999;3.1777777777777776;4.465;2.0;19.0;3.144444444444444;0.0;7.988888888888888;0.8777777777777779;3.1888888888888887;4.454999999999999;2.0;19.0;3.1777777777777776;0.0;8.888888888888888;0.8555555555555556;3.1999999999999997;4.8133333333333335;2.0;20.0;3.133333333333333;0.0;7.88888888888889;0.8666666666666666;3.1777777777777776;5.685;2.0;20.0;3.122222222222222;0.0;8.644444444444444;0.8666666666666667;3.211111111111111;5.348333333333334;2.0;21.0;0.0
3.111111111111111;0.0;9.11111111111111;0.9333333333333332;3.5999999999999996;4.409999999999999;2.0;17.0;3.1222222222222222;0.0;8.022222222222222;0.8666666666666668;3.1777777777777776;4.525000000000001;2.0;17.0;3.1333333333333333;0.0;8.944444444444445;0.8444444444444444;3.1777777777777776;5.131666666666667;2.0;18.0;3.1444444444444444;0.0;8.033333333333333;0.8333333333333334;3.1666666666666665;4.261666666666668;2.0;18.0;3.1555555555555554;0.0;8.944444444444445;0.7999999999999999;3.1777777777777776;4.465;2.0;19.0;3.144444444444444;0.0;7.988888888888888;0.8777777777777779;3.1888888888888887;4.454999999999999;2.0;19.0;3.1777777777777776;0.0;8.888888888888888;0.8555555555555556;3.1999999999999997;4.8133333333333335;2.0;20.0;3.133333333333333;0.0;7.88888888888889;0.8666666666666666;3.1777777777777776;5.685;2.0;20.0;3.122222222222222;0.0;8.644444444444444;0.8666666666666667;3.211111111111111;5.348333333333334;2.0;21.0;3.1777777777777776;0.0;7.944444444444444;0.8444444444444444;3.1777777777777776;4.326666666666667;2.0;21.0;0.0
3.1222222222222222;0.0;8.022222222222222;0.8666666666666668;3.1777777777777776;4.525000000000001;2.0;17.0;3.1333333333333333;0.0;8.944444444444445;0.8444444444444444;3.1777777777777776;5.131666666666667;2.0;18.0;3.1444444444444444;0.0;8.033333333333333;0.8333333333333334;3.1666666666666665;4.261666666666668;2.0;18.0;3.1555555555555554;0.0;8.944444444444445;0.7999999999999999;3.1777777777777776;4.465;2.0;19.0;3.144444444444444;0.0;7.988888888888888;0.8777777777777779;3.1888888888888887;4.454999999999999;2.0;19.0;3.1777777777777776;0.0;8.888888888888888;0.8555555555555556;3.1999999999999997;4.8133333333333335;2.0;20.0;3.133333333333333;0.0;7.88888888888889;0.8666666666666666;3.1777777777777776;5.685;2.0;20.0;3.122222222222222;0.0;8.644444444444444;0.8666666666666667;3.211111111111111;5.348333333333334;2.0;21.0;3.1777777777777776;0.0;7.944444444444444;0.8444444444444444;3.1777777777777776;4.326666666666667;2.0;21.0;3.1777777777777776;0.0;9.033333333333333;0.8888888888888888;3.1888888888888887;4.558333333333333;2.0;22.0;0.0
3.1333333333333333;0.0;8.944444444444445;0.8444444444444444;3.1777777777777776;5.131666666666667;2.0;18.0;3.1444444444444444;0.0;8.033333333333333;0.8333333333333334;3.1666666666666665;4.261666666666668;2.0;18.0;3.1555555555555554;0.0;8.944444444444445;0.7999999999999999;3.1777777777777776;4.465;2.0;19.0;3.144444444444444;0.0;7.988888888888888;0.8777777777777779;3.1888888888888887;4.454999999999999;2.0;19.0;3.1777777777777776;0.0;8.888888888888888;0.8555555555555556;3.1999999999999997;4.8133333333333335;2.0;20.0;3.133333333333333;0.0;7.88888888888889;0.8666666666666666;3.1777777777777776;5.685;2.0;20.0;3.122222222222222;0.0;8.644444444444444;0.8666666666666667;3.211111111111111;5.348333333333334;2.0;21.0;3.1777777777777776;0.0;7.944444444444444;0.8444444444444444;3.1777777777777776;4.326666666666667;2.0;21.0;3.1777777777777776;0.0;9.033333333333333;0.8888888888888888;3.1888888888888887;4.558333333333333;2.0;22.0;3.1555555555555554;0.0;8.1;1.5777777777777777;3.888888888888889;3.856666666666667;2.0;22.0;0.0
3.1444444444444444;0.0;8.033333333333333;0.8333333333333334;3.1666666666666665;4.261666666666668;2.0;18.0;3.1555555555555554;0.0;8.944444444444445;0.7999999999999999;3.1777777777777776;4.465;2.0;19.0;3.144444444444444;0.0;7.988888888888888;0.8777777777777779;3.1888888888888887;4.454999999999999;2.0;19.0;3.1777777777777776;0.0;8.888888888888888;0.8555555555555556;3.1999999999999997;4.8133333333333335;2.0;20.0;3.133333333333333;0.0;7.88888888888889;0.8666666666666666;3.1777777777777776;5.685;2.0;20.0;3.122222222222222;0.0;8.644444444444444;0.8666666666666667;3.211111111111111;5.348333333333334;2.0;21.0;3.1777777777777776;0.0;7.944444444444444;0.8444444444444444;3.1777777777777776;4.326666666666667;2.0;21.0;3.1777777777777776;0.0;9.033333333333333;0.8888888888888888;3.1888888888888887;4.558333333333333;2.0;22.0;3.1555555555555554;0.0;8.1;1.5777777777777777;3.888888888888889;3.856666666666667;2.0;22.0;3.1;0.0;9.033333333333333;0.8333333333333334;3.1777777777777776;4.833333333333333;2.0;23.0;0.0
3.1555555555555554;0.0;8.944444444444445;0.7999999999999999;3.1777777777777776;4.465;2.0;19.0;3.144444444444444;0.0;7.988888888888888;0.8777777777777779;3.1888888888888887;4.454999999999999;2.0;19.0;3.1777777777777776;0.0;8.888888888888888;0.8555555555555556;3.1999999999999997;4.8133333333333335;2.0;20.0;3.133333333333333;0.0;7.88888888888889;0.8666666666666666;3.1777777777777776;5.685;2.0;20.0;3.122222222222222;0.0;8.644444444444444;0.8666666666666667;3.211111111111111;5.348333333333334;2.0;21.0;3.1777777777777776;0.0;7.944444444444444;0.8444444444444444;3.1777777777777776;4.326666666666667;2.0;21.0;3.1777777777777776;0.0;9.033333333333333;0.8888888888888888;3.1888888888888887;4.558333333333333;2.0;22.0;3.1555555555555554;0.0;8.1;1.5777777777777777;3.888888888888889;3.856666666666667;2.0;22.0;3.1;0.0;9.033333333333333;0.8333333333333334;3.1777777777777776;4.833333333333333;2.0;23.0;3.088888888888889;0.0;8.755555555555555;0.8777777777777778;3.211111111111111;4.558333333333333;2.0;23.0;0.0
3.144444444444444;0.0;7.988888888888888;0.8777777777777779;3.1888888888888887;4.454999999999999;2.0;19.0;3.1777777777777776;0.0;8.888888888888888;0.8555555555555556;3.1999999999999997;4.8133333333333335;2.0;20.0;3.133333333333333;0.0;7.88888888888889;0.8666666666666666;3.1777777777777776;5.685;2.0;20.0;3.122222222222222;0.0;8.644444444444444;0.8666666666666667;3.211111111111111;5.348333333333334;2.0;21.0;3.1777777777777776;0.0;7.944444444444444;0.8444444444444444;3.1777777777777776;4.326666666666667;2.0;21.0;3.1777777777777776;0.0;9.033333333333333;0.8888888888888888;3.1888888888888887;4.558333333333333;2.0;22.0;3.1555555555555554;0.0;8.1;1.5777777777777777;3.888888888888889;3.856666666666667;2.0;22.0;3.1;0.0;9.033333333333333;0.8333333333333334;3.1777777777777776;4.833333333333333;2.0;23.0;3.088888888888889;0.0;8.755555555555555;0.8777777777777778;3.211111111111111;4.558333333333333;2.0;23.0;3.1444444444444444;0.0;8.88015873015873;0.8444444444444444;3.1555555555555554;4.823333333333333;3.0;0.0;0.0
3.1777777777777776;0.0;8.888888888888888;0.8555555555555556;3.1999999999999997;4.8133333333333335;2.0;20.0;3.133333333333333;0.0;7.88888888888889;0.8666666666666666;3.1777777777777776;5.685;2.0;20.0;3.122222222222222;0.0;8.644444444444444;0.8666666666666667;3.211111111111111;5.348333333333334;2.0;21.0;3.1777777777777776;0.0;7.944444444444444;0.8444444444444444;3.1777777777777776;4.326666666666667;2.0;21.0;3.1777777777777776;0.0;9.033333333333333;0.8888888888888888;3.1888888888888887;4.558333333333333;2.0;22.0;3.1555555555555554;0.0;8.1;1.5777777777777777;3.888888888888889;3.856666666666667;2.0;22.0;3.1;0.0;9.033333333333333;0.8333333333333334;3.1777777777777776;4.833333333333333;2.0;23.0;3.088888888888889;0.0;8.755555555555555;0.8777777777777778;3.211111111111111;4.558333333333333;2.0;23.0;3.1444444444444444;0.0;8.88015873015873;0.8444444444444444;3.1555555555555554;4.823333333333333;3.0;0.0;5.844444444444444;0.0;17.412698412698415;456.15555555555557;472.4333333333334;4.638333333333333;3.0;0.0;0.0
3.133333333333333;0.0;7.88888888888889;0.8666666666666666;3.1777777777777776;5.685;2.0;20.0;3.122222222222222;0.0;8.644444444444444;0.8666666666666667;3.211111111111111;5.348333333333334;2.0;21.0;3.1777777777777776;0.0;7.944444444444444;0.8444444444444444;3.1777777777777776;4.326666666666667;2.0;21.0;3.1777777777777776;0.0;9.033333333333333;0.8888888888888888;3.1888888888888887;4.558333333333333;2.0;22.0;3.1555555555555554;0.0;8.1;1.5777777777777777;3.888888888888889;3.856666666666667;2.0;22.0;3.1;0.0;9.033333333333333;0.8333333333333334;3.1777777777777776;4.833333333333333;2.0;23.0;3.088888888888889;0.0;8.755555555555555;0.8777777777777778;3.211111111111111;4.558333333333333;2.0;23.0;3.1444444444444444;0.0;8.88015873015873;0.8444444444444444;3.1555555555555554;4.823333333333333;3.0;0.0;5.844444444444444;0.0;17.412698412698415;456.15555555555557;472.4333333333334;4.638333333333333;3.0;0.0;7.344444444444445;0.0;22.63333333333333;678.0111111111112;700.8666666666667;5.076666666666667;3.0;1.0;0.0
3.122222222222222;0.0;8.644444444444444;0.8666666666666667;3.211111111111111;5.348333333333334;2.0;21.0;3.1777777777777776;0.0;7.944444444444444;0.8444444444444444;3.1777777777777776;4.326666666666667;2.0;21.0;3.1777777777777776;0.0;9.033333333333333;0.8888888888888888;3.1888888888888887;4.558333333333333;2.0;22.0;3.1555555555555554;0.0;8.1;1.5777777777777777;3.888888888888889;3.856666666666667;2.0;22.0;3.1;0.0;9.033333333333333;0.8333333333333334;3.1777777777777776;4.833333333333333;2.0;23.0;3.088888888888889;0.0;8.755555555555555;0.8777777777777778;3.211111111111111;4.558333333333333;2.0;23.0;3.1444444444444444;0.0;8.88015873015873;0.8444444444444444;3.1555555555555554;4.823333333333333;3.0;0.0;5.844444444444444;0.0;17.412698412698415;456.15555555555557;472.4333333333334;4.638333333333333;3.0;0.0;7.344444444444445;0.0;22.63333333333333;678.0111111111112;700.8666666666667;5.076666666666667;3.0;1.0;7.877777777777777;0.0;23.622222222222224;735.0777777777779;760.3222222222222;4.376666666666667;3.0;1.0;0.0
3.1777777777777776;0.0;7.944444444444444;0.8444444444444444;3.1777777777777776;4.326666666666667;2.0;21.0;3.1777777777777776;0.0;9.033333333333333;0.8888888888888888;3.1888888888888887;4.558333333333333;2.0;22.0;3.1555555555555554;0.0;8.1;1.5777777777777777;3.888888888888889;3.856666666666667;2.0;22.0;3.1;0.0;9.033333333333333;0.8333333333333334;3.1777777777777776;4.833333333333333;2.0;23.0;3.088888888888889;0.0;8.755555555555555;0.8777777777777778;3.211111111111111;4.558333333333333;2.0;23.0;3.1444444444444444;0.0;8.88015873015873;0.8444444444444444;3.1555555555555554;4.823333333333333;3.0;0.0;5.844444444444444;0.0;17.412698412698415;456.15555555555557;472.4333333333334;4.638333333333333;3.0;0.0;7.344444444444445;0.0;22.63333333333333;678.0111111111112;700.8666666666667;5.076666666666667;3.0;1.0;7.877777777777777;0.0;23.622222222222224;735.0777777777779;760.3222222222222;4.376666666666667;3.0;1.0;8.588888888888889;0.0;27.288888888888888;850.9666666666667;879.3444444444444;6.155;3.0;2.0;0.0
3.1777777777777776;0.0;9.033333333333333;0.8888888888888888;3.1888888888888887;4.558333333333333;2.0;22.0;3.1555555555555554;0.0;8.1;1.5777777777777777;3.888888888888889;3.856666666666667;2.0;22.0;3.1;0.0;9.033333333333333;0.8333333333333334;3.1777777777777776;4.833333333333333;2.0;23.0;3.088888888888889;0.0;8.755555555555555;0.8777777777777778;3.211111111111111;4.558333333333333;2.0;23.0;3.1444444444444444;0.0;8.88015873015873;0.8444444444444444;3.1555555555555554;4.823333333333333;3.0;0.0;5.844444444444444;0.0;17.412698412698415;456.15555555555557;472.4333333333334;4.638333333333333;3.0;0.0;7.344444444444445;0.0;22.63333333333333;678.0111111111112;700.8666666666667;5.076666666666667;3.0;1.0;7.877777777777777;0.0;23.622222222222224;735.0777777777779;760.3222222222222;4.376666666666667;3.0;1.0;8.588888888888889;0.0;27.288888888888888;850.9666666666667;879.3444444444444;6.155;3.0;2.0;8.955555555555556;0.0111111111111111;57.93333333333334;847.4;872.6777777777778;8.751666666666667;3.0;2.0;0.0
3.1555555555555554;0.0;8.1;1.5777777777777777;3.888888888888889;3.856666666666667;2.0;22.0;3.1;0.0;9.033333333333333;0.8333333333333334;3.1777777777777776;4.833333333333333;2.0;23.0;3.088888888888889;0.0;8.755555555555555;0.8777777777777778;3.211111111111111;4.558333333333333;2.0;23.0;3.1444444444444444;0.0;8.88015873015873;0.8444444444444444;3.1555555555555554;4.823333333333333;3.0;0.0;5.844444444444444;0.0;17.412698412698415;456.15555555555557;472.4333333333334;4.638333333333333;3.0;0.0;7.344444444444445;0.0;22.63333333333333;678.0111111111112;700.8666666666667;5.076666666666667;3.0;1.0;7.877777777777777;0.0;23.622222222222224;735.0777777777779;760.3222222222222;4.376666666666667;3.0;1.0;8.588888888888889;0.0;27.288888888888888;850.9666666666667;879.3444444444444;6.155;3.0;2.0;8.955555555555556;0.0111111111111111;57.93333333333334;847.4;872.6777777777778;8.751666666666667;3.0;2.0;8.399999999999999;0.0;26.46666666666667;834.3888888888888;862.1444444444445;4.523333333333334;3.0;3.0;0.0
3.1;0.0;9.033333333333333;0.8333333333333334;3.1777777777777776;4.833333333333333;2.0;23.0;3.088888888888889;0.0;8.755555555555555;0.8777777777777778;3.211111111111111;4.558333333333333;2.0;23.0;3.1444444444444444;0.0;8.88015873015873;0.8444444444444444;3.1555555555555554;4.823333333333333;3.0;0.0;5.844444444444444;0.0;17.412698412698415;456.15555555555557;472.4333333333334;4.638333333333333;3.0;0.0;7.344444444444445;0.0;22.63333333333333;678.0111111111112;700.8666666666667;5.076666666666667;3.0;1.0;7.877777777777777;0.0;23.622222222222224;735.0777777777779;760.3222222222222;4.376666666666667;3.0;1.0;8.588888888888889;0.0;27.288888888888888;850.9666666666667;879.3444444444444;6.155;3.0;2.0;8.955555555555556;0.0111111111111111;57.93333333333334;847.4;872.6777777777778;8.751666666666667;3.0;2.0;8.399999999999999;0.0;26.46666666666667;834.3888888888888;862.1444444444445;4.523333333333334;3.0;3.0;8.433333333333332;0.0;25.58888888888889;844.6444444444445;872.2444444444444;4.386666666666666;3.0;3.0;0.0
3.088888888888889;0.0;8.755555555555555;0.8777777777777778;3.211111111111111;4.558333333333333;2.0;23.0;3.1444444444444444;0.0;8.88015873015873;0.8444444444444444;3.1555555555555554;4.823333333333333;3.0;0.0;5.844444444444444;0.0;17.412698412698415;456.15555555555557;472.4333333333334;4.638333333333333;3.0;0.0;7.344444444444445;0.0;22.63333333333333;678.0111111111112;700.8666666666667;5.076666666666667;3.0;1.0;7.877777777777777;0.0;23.622222222222224;735.0777777777779;760.3222222222222;4.376666666666667;3.0;1.0;8.588888888888889;0.0;27.288888888888888;850.9666666666667;879.3444444444444;6.155;3.0;2.0;8.955555555555556;0.0111111111111111;57.93333333333334;847.4;872.6777777777778;8.751666666666667;3.0;2.0;8.399999999999999;0.0;26.46666666666667;834.3888888888888;862.1444444444445;4.523333333333334;3.0;3.0;8.433333333333332;0.0;25.58888888888889;844.6444444444445;872.2444444444444;4.386666666666666;3.0;3.0;8.4;0.0;26.566666666666666;844.9666666666666;872.611111111111;4.948333333333333;3.0;4.0;0.0
3.1444444444444444;0.0;8.88015873015873;0.8444444444444444;3.1555555555555554;4.823333333333333;3.0;0.0;5.844444444444444;0.0;17.412698412698415;456.15555555555557;472.4333333333334;4.638333333333333;3.0;0.0;7.344444444444445;0.0;22.63333333333333;678.0111111111112;700.8666666666667;5.076666666666667;3.0;1.0;7.877777777777777;0.0;23.622222222222224;735.0777777777779;760.3222222222222;4.376666666666667;3.0;1.0;8.588888888888889;0.0;27.288888888888888;850.9666666666667;879.3444444444444;6.155;3.0;2.0;8.955555555555556;0.0111111111111111;57.93333333333334;847.4;872.6777777777778;8.751666666666667;3.0;2.0;8.399999999999999;0.0;26.46666666666667;834.3888888888888;862.1444444444445;4.523333333333334;3.0;3.0;8.433333333333332;0.0;25.58888888888889;844.6444444444445;872.2444444444444;4.386666666666666;3.0;3.0;8.4;0.0;26.566666666666666;844.9666666666666;872.611111111111;4.948333333333333;3.0;4.0;4.888888888888888;0.0;13.511111111111111;253.6111111111111;263.5;3.7183333333333333;3.0;4.0;0.0
5.844444444444444;0.0;17.412698412698415;456.15555555555557;472.4333333333334;4.638333333333333;3.0;0.0;7.344444444444445;0.0;22.63333333333333;678.0111111111112;700.8666666666667;5.076666666666667;3.0;1.0;7.877777777777777;0.0;23.622222222222224;735.0777777777779;760.3222222222222;4.376666666666667;3.0;1.0;8.588888888888889;0.0;27.288888888888888;850.9666666666667;879.3444444444444;6.155;3.0;2.0;8.955555555555556;0.0111111111111111;57.93333333333334;847.4;872.6777777777778;8.751666666666667;3.0;2.0;8.399999999999999;0.0;26.46666666666667;834.3888888888888;862.1444444444445;4.523333333333334;3.0;3.0;8.433333333333332;0.0;25.58888888888889;844.6444444444445;872.2444444444444;4.386666666666666;3.0;3.0;8.4;0.0;26.566666666666666;844.9666666666666;872.611111111111;4.948333333333333;3.0;4.0;4.888888888888888;0.0;13.511111111111111;253.6111111111111;263.5;3.7183333333333333;3.0;4.0;3.1666666666666665;0.0;8.622222222222222;0.9222222222222224;2.9000000000000004;5.028333333333333;3.0;5.0;0.0
7.344444444444445;0.0;22.63333333333333;678.0111111111112;700.8666666666667;5.076666666666667;3.0;1.0;7.877777777777777;0.0;23.622222222222224;735.0777777777779;760.3222222222222;4.376666666666667;3.0;1.0;8.588888888888889;0.0;27.288888888888888;850.9666666666667;879.3444444444444;6.155;3.0;2.0;8.955555555555556;0.0111111111111111;57.93333333333334;847.4;872.6777777777778;8.751666666666667;3.0;2.0;8.399999999999999;0.0;26.46666666666667;834.3888888888888;862.1444444444445;4.523333333333334;3.0;3.0;8.433333333333332;0.0;25.58888888888889;844.6444444444445;872.2444444444444;4.386666666666666;3.0;3.0;8.4;0.0;26.566666666666666;844.9666666666666;872.611111111111;4.948333333333333;3.0;4.0;4.888888888888888;0.0;13.511111111111111;253.6111111111111;263.5;3.7183333333333333;3.0;4.0;3.1666666666666665;0.0;8.622222222222222;0.9222222222222224;2.9000000000000004;5.028333333333333;3.0;5.0;3.111111111111111;0.0;8.2;0.9222222222222222;2.8666666666666667;4.513333333333334;3.0;5.0;0.0
7.877777777777777;0.0;23.622222222222224;735.0777777777779;760.3222222222222;4.376666666666667;3.0;1.0;8.588888888888889;0.0;27.288888888888888;850.9666666666667;879.3444444444444;6.155;3.0;2.0;8.955555555555556;0.0111111111111111;57.93333333333334;847.4;872.6777777777778;8.751666666666667;3.0;2.0;8.399999999999999;0.0;26.46666666666667;834.3888888888888;862.1444444444445;4.523333333333334;3.0;3.0;8.433333333333332;0.0;25.58888888888889;844.6444444444445;872.2444444444444;4.386666666666666;3.0;3.0;8.4;0.0;26.566666666666666;844.9666666666666;872.611111111111;4.948333333333333;3.0;4.0;4.888888888888888;0.0;13.511111111111111;253.6111111111111;263.5;3.7183333333333333;3.0;4.0;3.1666666666666665;0.0;8.622222222222222;0.9222222222222224;2.9000000000000004;5.028333333333333;3.0;5.0;3.111111111111111;0.0;8.2;0.9222222222222222;2.8666666666666667;4.513333333333334;3.0;5.0;3.1444444444444444;0.0;8.844444444444443;0.9222222222222222;2.8888888888888893;5.1916666666666655;3.0;6.0;0.0
8.588888888888889;0.0;27.288888888888888;850.9666666666667;879.3444444444444;6.155;3.0;2.0;8.955555555555556;0.0111111111111111;57.93333333333334;847.4;872.6777777777778;8.751666666666667;3.0;2.0;8.399999999999999;0.0;26.46666666666667;834.3888888888888;862.1444444444445;4.523333333333334;3.0;3.0;8.433333333333332;0.0;25.58888888888889;844.6444444444445;872.2444444444444;4.386666666666666;3.0;3.0;8.4;0.0;26.566666666666666;844.9666666666666;872.611111111111;4.948333333333333;3.0;4.0;4.888888888888888;0.0;13.511111111111111;253.6111111111111;263.5;3.7183333333333333;3.0;4.0;3.1666666666666665;0.0;8.622222222222222;0.9222222222222224;2.9000000000000004;5.028333333333333;3.0;5.0;3.111111111111111;0.0;8.2;0.9222222222222222;2.8666666666666667;4.513333333333334;3.0;5.0;3.1444444444444444;0.0;8.844444444444443;0.9222222222222222;2.8888888888888893;5.1916666666666655;3.0;6.0;3.1777777777777776;0.0;7.7555555555555555;0.9111111111111111;2.9;4.72;3.0;6.0;0.0
8.955555555555556;0.0111111111111111;57.93333333333334;847.4;872.6777777777778;8.751666666666667;3.0;2.0;8.399999999999999;0.0;26.46666666666667;834.3888888888888;862.1444444444445;4.523333333333334;3.0;3.0;8.433333333333332;0.0;25.58888888888889;844.6444444444445;872.2444444444444;4.386666666666666;3.0;3.0;8.4;0.0;26.566666666666666;844.9666666666666;872.611111111111;4.948333333333333;3.0;4.0;4.888888888888888;0.0;13.511111111111111;253.6111111111111;263.5;3.7183333333333333;3.0;4.0;3.1666666666666665;0.0;8.622222222222222;0.9222222222222224;2.9000000000000004;5.028333333333333;3.0;5.0;3.111111111111111;0.0;8.2;0.9222222222222222;2.8666666666666667;4.513333333333334;3.0;5.0;3.1444444444444444;0.0;8.844444444444443;0.9222222222222222;2.8888888888888893;5.1916666666666655;3.0;6.0;3.1777777777777776;0.0;7.7555555555555555;0.9111111111111111;2.9;4.72;3.0;6.0;3.088888888888889;0.0;8.744444444444445;0.9777777777777779;2.933333333333333;4.364999999999999;3.0;7.0;0.0
8.399999999999999;0.0;26.46666666666667;834.3888888888888;862.1444444444445;4.523333333333334;3.0;3.0;8.433333333333332;0.0;25.58888888888889;844.6444444444445;872.2444444444444;4.386666666666666;3.0;3.0;8.4;0.0;26.566666666666666;844.9666666666666;872.611111111111;4.948333333333333;3.0;4.0;4.888888888888888;0.0;13.511111111111111;253.6111111111111;263.5;3.7183333333333333;3.0;4.0;3.1666666666666665;0.0;8.622222222222222;0.9222222222222224;2.9000000000000004;5.028333333333333;3.0;5.0;3.111111111111111;0.0;8.2;0.9222222222222222;2.8666666666666667;4.513333333333334;3.0;5.0;3.1444444444444444;0.0;8.844444444444443;0.9222222222222222;2.8888888888888893;5.1916666666666655;3.0;6.0;3.1777777777777776;0.0;7.7555555555555555;0.9111111111111111;2.9;4.72;3.0;6.0;3.088888888888889;0.0;8.744444444444445;0.9777777777777779;2.933333333333333;4.364999999999999;3.0;7.0;3.1666666666666665;0.0;7.788888888888889;1.0555555555555556;2.933333333333333;4.26;3.0;7.0;0.0
8.433333333333332;0.0;25.58888888888889;844.6444444444445;872.2444444444444;4.386666666666666;3.0;3.0;8.4;0.0;26.566666666666666;844.9666666666666;872.611111111111;4.948333333333333;3.0;4.0;4.888888888888888;0.0;13.511111111111111;253.6111111111111;263.5;3.7183333333333333;3.0;4.0;3.1666666666666665;0.0;8.622222222222222;0.9222222222222224;2.9000000000000004;5.028333333333333;3.0;5.0;3.111111111111111;0.0;8.2;0.9222222222222222;2.8666666666666667;4.513333333333334;3.0;5.0;3.1444444444444444;0.0;8.844444444444443;0.9222222222222222;2.8888888888888893;5.1916666666666655;3.0;6.0;3.1777777777777776;0.0;7.7555555555555555;0.9111111111111111;2.9;4.72;3.0;6.0;3.088888888888889;0.0;8.744444444444445;0.9777777777777779;2.933333333333333;4.364999999999999;3.0;7.0;3.1666666666666665;0.0;7.788888888888889;1.0555555555555556;2.933333333333333;4.26;3.0;7.0;3.1999999999999997;0.0;9.08888888888889;0.9555555555555556;2.9000000000000004;6.258333333333334;3.0;8.0;0.0
8.4;0.0;26.566666666666666;844.9666666666666;872.611111111111;4.948333333333333;3.0;4.0;4.888888888888888;0.0;13.511111111111111;253.6111111111111;263.5;3.7183333333333333;3.0;4.0;3.1666666666666665;0.0;8.622222222222222;0.9222222222222224;2.9000000000000004;5.028333333333333;3.0;5.0;3.111111111111111;0.0;8.2;0.9222222222222222;2.8666666666666667;4.513333333333334;3.0;5.0;3.1444444444444444;0.0;8.844444444444443;0.9222222222222222;2.8888888888888893;5.1916666666666655;3.0;6.0;3.1777777777777776;0.0;7.7555555555555555;0.9111111111111111;2.9;4.72;3.0;6.0;3.088888888888889;0.0;8.744444444444445;0.9777777777777779;2.933333333333333;4.364999999999999;3.0;7.0;3.1666666666666665;0.0;7.788888888888889;1.0555555555555556;2.933333333333333;4.26;3.0;7.0;3.1999999999999997;0.0;9.08888888888889;0.9555555555555556;2.9000000000000004;6.258333333333334;3.0;8.0;3.1;0.0;8.11111111111111;0.9555555555555557;2.9;3.3866666666666667;3.0;8.0;0.0
4.888888888888888;0.0;13.511111111111111;253.6111111111111;263.5;3.7183333333333333;3.0;4.0;3.1666666666666665;0.0;8.622222222222222;0.9222222222222224;2.9000000000000004;5.028333333333333;3.0;5.0;3.111111111111111;0.0;8.2;0.9222222222222222;2.8666666666666667;4.513333333333334;3.0;5.0;3.1444444444444444;0.0;8.844444444444443;0.9222222222222222;2.8888888888888893;5.1916666666666655;3.0;6.0;3.1777777777777776;0.0;7.7555555555555555;0.9111111111111111;2.9;4.72;3.0;6.0;3.088888888888889;0.0;8.744444444444445;0.9777777777777779;2.933333333333333;4.364999999999999;3.0;7.0;3.1666666666666665;0.0;7.788888888888889;1.0555555555555556;2.933333333333333;4.26;3.0;7.0;3.1999999999999997;0.0;9.08888888888889;0.9555555555555556;2.9000000000000004;6.258333333333334;3.0;8.0;3.1;0.0;8.11111111111111;0.9555555555555557;2.9;3.3866666666666667;3.0;8.0;3.1555555555555554;0.0;8.555555555555555;1.011111111111111;3.011111111111111;5.3983333333333325;3.0;9.0;0.0
3.1666666666666665;0.0;8.622222222222222;0.9222222222222224;2.9000000000000004;5.028333333333333;3.0;5.0;3.111111111111111;0.0;8.2;0.9222222222222222;2.8666666666666667;4.513333333333334;3.0;5.0;3.1444444444444444;0.0;8.844444444444443;0.9222222222222222;2.8888888888888893;5.1916666666666655;3.0;6.0;3.1777777777777776;0.0;7.7555555555555555;0.9111111111111111;2.9;4.72;3.0;6.0;3.088888888888889;0.0;8.744444444444445;0.9777777777777779;2.933333333333333;4.364999999999999;3.0;7.0;3.1666666666666665;0.0;7.788888888888889;1.0555555555555556;2.933333333333333;4.26;3.0;7.0;3.1999999999999997;0.0;9.08888888888889;0.9555555555555556;2.9000000000000004;6.258333333333334;3.0;8.0;3.1;0.0;8.11111111111111;0.9555555555555557;2.9;3.3866666666666667;3.0;8.0;3.1555555555555554;0.0;8.555555555555555;1.011111111111111;3.011111111111111;5.3983333333333325;3.0;9.0;3.1222222222222222;0.0;8.166666666666666;2.2666666666666666;4.266666666666667;4.201666666666666;3.0;9.0;0.0
3.111111111111111;0.0;8.2;0.9222222222222222;2.8666666666666667;4.513333333333334;3.0;5.0;3.1444444444444444;0.0;8.844444444444443;0.9222222222222222;2.8888888888888893;5.1916666666666655;3.0;6.0;3.1777777777777776;0.0;7.7555555555555555;0.9111111111111111;2.9;4.72;3.0;6.0;3.088888888888889;0.0;8.744444444444445;0.9777777777777779;2.933333333333333;4.364999999999999;3.0;7.0;3.1666666666666665;0.0;7.788888888888889;1.0555555555555556;2.933333333333333;4.26;3.0;7.0;3.1999999999999997;0.0;9.08888888888889;0.9555555555555556;2.9000000000000004;6.258333333333334;3.0;8.0;3.1;0.0;8.11111111111111;0.9555555555555557;2.9;3.3866666666666667;3.0;8.0;3.1555555555555554;0.0;8.555555555555555;1.011111111111111;3.011111111111111;5.3983333333333325;3.0;9.0;3.1222222222222222;0.0;8.166666666666666;2.2666666666666666;4.266666666666667;4.201666666666666;3.0;9.0;3.2999999999999994;0.0;10.544444444444444;83.06666666666666;87.81111111111112;4.571666666666666;3.0;10.0;0.0
3.1444444444444444;0.0;8.844444444444443;0.9222222222222222;2.8888888888888893;5.1916666666666655;3.0;6.0;3.1777777777777776;0.0;7.7555555555555555;0.9111111111111111;2.9;4.72;3.0;6.0;3.088888888888889;0.0;8.744444444444445;0.9777777777777779;2.933333333333333;4.364999999999999;3.0;7.0;3.1666666666666665;0.0;7.788888888888889;1.0555555555555556;2.933333333333333;4.26;3.0;7.0;3.1999999999999997;0.0;9.08888888888889;0.9555555555555556;2.9000000000000004;6.258333333333334;3.0;8.0;3.1;0.0;8.11111111111111;0.9555555555555557;2.9;3.3866666666666667;3.0;8.0;3.1555555555555554;0.0;8.555555555555555;1.011111111111111;3.011111111111111;5.3983333333333325;3.0;9.0;3.1222222222222222;0.0;8.166666666666666;2.2666666666666666;4.266666666666667;4.201666666666666;3.0;9.0;3.2999999999999994;0.0;10.544444444444444;83.06666666666666;87.81111111111112;4.571666666666666;3.0;10.0;3.488888888888889;0.0;10.988888888888889;139.93333333333334;147.15555555555554;3.5716666666666668;3.0;10.0;0.0
3.1777777777777776;0.0;7.7555555555555555;0.9111111111111111;2.9;4.72;3.0;6.0;3.088888888888889;0.0;8.744444444444445;0.9777777777777779;2.933333333333333;4.364999999999999;3.0;7.0;3.1666666666666665;0.0;7.788888888888889;1.0555555555555556;2.933333333333333;4.26;3.0;7.0;3.1999999999999997;0.0;9.08888888888889;0.9555555555555556;2.9000000000000004;6.258333333333334;3.0;8.0;3.1;0.0;8.11111111111111;0.9555555555555557;2.9;3.3866666666666667;3.0;8.0;3.1555555555555554;0.0;8.555555555555555;1.011111111111111;3.011111111111111;5.3983333333333325;3.0;9.0;3.1222222222222222;0.0;8.166666666666666;2.2666666666666666;4.266666666666667;4.201666666666666;3.0;9.0;3.2999999999999994;0.0;10.544444444444444;83.06666666666666;87.81111111111112;4.571666666666666;3.0;10.0;3.488888888888889;0.0;10.988888888888889;139.93333333333334;147.15555555555554;3.5716666666666668;3.0;10.0;3.3000000000000003;0.0;10.188888888888888;58.03333333333334;62.400000000000006;4.546666666666667;3.0;11.0;0.0
3.088888888888889;0.0;8.744444444444445;0.9777777777777779;2.933333333333333;4.364999999999999;3.0;7.0;3.1666666666666665;0.0;7.788888888888889;1.0555555555555556;2.933333333333333;4.26;3.0;7.0;3.1999999999999997;0.0;9.08888888888889;0.9555555555555556;2.9000000000000004;6.258333333333334;3.0;8.0;3.1;0.0;8.11111111111111;0.9555555555555557;2.9;3.3866666666666667;3.0;8.0;3.1555555555555554;0.0;8.555555555555555;1.011111111111111;3.011111111111111;5.3983333333333325;3.0;9.0;3.1222222222222222;0.0;8.166666666666666;2.2666666666666666;4.266666666666667;4.201666666666666;3.0;9.0;3.2999999999999994;0.0;10.544444444444444;83.06666666666666;87.81111111111112;4.571666666666666;3.0;10.0;3.488888888888889;0.0;10.988888888888889;139.93333333333334;147.15555555555554;3.5716666666666668;3.0;10.0;3.3000000000000003;0.0;10.188888888888888;58.03333333333334;62.400000000000006;4.546666666666667;3.0;11.0;3.1222222222222222;0.0;7.866666666666666;1.0222222222222221;2.966666666666667;4.7316666666666665;3.0;11.0;0.0
3.1666666666666665;0.0;7.788888888888889;1.0555555555555556;2.933333333333333;4.26;3.0;7.0;3.1999999999999997;0.0;9.08888888888889;0.9555555555555556;2.9000000000000004;6.258333333333334;3.0;8.0;3.1;0.0;8.11111111111111;0.9555555555555557;2.9;3.3866666666666667;3.0;8.0;3.1555555555555554;0.0;8.555555555555555;1.011111111111111;3.011111111111111;5.3983333333333325;3.0;9.0;3.1222222222222222;0.0;8.166666666666666;2.2666666666666666;4.266666666666667;4.201666666666666;3.0;9.0;3.2999999999999994;0.0;10.544444444444444;83.06666666666666;87.81111111111112;4.571666666666666;3.0;10.0;3.488888888888889;0.0;10.988888888888889;139.93333333333334;147.15555555555554;3.5716666666666668;3.0;10.0;3.3000000000000003;0.0;10.188888888888888;58.03333333333334;62.400000000000006;4.546666666666667;3.0;11.0;3.1222222222222222;0.0;7.866666666666666;1.0222222222222221;2.966666666666667;4.7316666666666665;3.0;11.0;3.1333333333333333;0.0;9.322222222222223;1.2666666666666668;4.444444444444445;4.27;3.0;12.0;0.0
3.1999999999999997;0.0;9.08888888888889;0.9555555555555556;2.9000000000000004;6.258333333333334;3.0;8.0;3.1;0.0;8.11111111111111;0.9555555555555557;2.9;3.3866666666666667;3.0;8.0;3.1555555555555554;0.0;8.555555555555555;1.011111111111111;3.011111111111111;5.3983333333333325;3.0;9.0;3.1222222222222222;0.0;8.166666666666666;2.2666666666666666;4.266666666666667;4.201666666666666;3.0;9.0;3.2999999999999994;0.0;10.544444444444444;83.06666666666666;87.81111111111112;4.571666666666666;3.0;10.0;3.488888888888889;0.0;10.988888888888889;139.93333333333334;147.15555555555554;3.5716666666666668;3.0;10.0;3.3000000000000003;0.0;10.188888888888888;58.03333333333334;62.400000000000006;4.546666666666667;3.0;11.0;3.1222222222222222;0.0;7.866666666666666;1.0222222222222221;2.966666666666667;4.7316666666666665;3.0;11.0;3.1333333333333333;0.0;9.322222222222223;1.2666666666666668;4.444444444444445;4.27;3.0;12.0;3.1999999999999997;0.0;28.76666666666667;16.46666666666667;3.977777777777778;4.43;3.0;12.0;0.0
3.1;0.0;8.11111111111111;0.9555555555555557;2.9;3.3866666666666667;3.0;8.0;3.1555555555555554;0.0;8.555555555555555;1.011111111111111;3.011111111111111;5.3983333333333325;3.0;9.0;3.1222222222222222;0.0;8.166666666666666;2.2666666666666666;4.266666666666667;4.201666666666666;3.0;9.0;3.2999999999999994;0.0;10.544444444444444;83.06666666666666;87.81111111111112;4.571666666666666;3.0;10.0;3.488888888888889;0.0;10.988888888888889;139.93333333333334;147.15555555555554;3.5716666666666668;3.0;10.0;3.3000000000000003;0.0;10.188888888888888;58.03333333333334;62.400000000000006;4.546666666666667;3.0;11.0;3.1222222222222222;0.0;7.866666666666666;1.0222222222222221;2.966666666666667;4.7316666666666665;3.0;11.0;3.1333333333333333;0.0;9.322222222222223;1.2666666666666668;4.444444444444445;4.27;3.0;12.0;3.1999999999999997;0.0;28.76666666666667;16.46666666666667;3.977777777777778;4.43;3.0;12.0;3.1666666666666665;0.0;8.477777777777778;0.9777777777777779;2.933333333333333;5.396666666666666;3.0;13.0;0.0
3.1555555555555554;0.0;8.555555555555555;1.011111111111111;3.011111111111111;5.3983333333333325;3.0;9.0;3.1222222222222222;0.0;8.166666666666666;2.2666666666666666;4.266666666666667;4.201666666666666;3.0;9.0;3.2999999999999994;0.0;10.544444444444444;83.06666666666666;87.81111111111112;4.571666666666666;3.0;10.0;3.488888888888889;0.0;10.988888888888889;139.93333333333334;147.15555555555554;3.5716666666666668;3.0;10.0;3.3000000000000003;0.0;10.188888888888888;58.03333333333334;62.400000000000006;4.546666666666667;3.0;11.0;3.1222222222222222;0.0;7.866666666666666;1.0222222222222221;2.966666666666667;4.7316666666666665;3.0;11.0;3.1333333333333333;0.0;9.322222222222223;1.2666666666666668;4.444444444444445;4.27;3.0;12.0;3.1999999999999997;0.0;28.76666666666667;16.46666666666667;3.977777777777778;4.43;3.0;12.0;3.1666666666666665;0.0;8.477777777777778;0.9777777777777779;2.933333333333333;5.396666666666666;3.0;13.0;3.1;0.0;8.61111111111111;1.011111111111111;2.9555555555555557;4.41;3.0;13.0;0.0
3.1222222222222222;0.0;8.166666666666666;2.2666666666666666;4.266666666666667;4.201666666666666;3.0;9.0;3.2999999999999994;0.0;10.544444444444444;83.06666666666666;87.81111111111112;4.571666666666666;3.0;10.0;3.488888888888889;0.0;10.988888888888889;139.93333333333334;147.15555555555554;3.5716666666666668;3.0;10.0;3.3000000000000003;0.0;10.188888888888888;58.03333333333334;62.400000000000006;4.546666666666667;3.0;11.0;3.1222222222222222;0.0;7.866666666666666;1.0222222222222221;2.966666666666667;4.7316666666666665;3.0;11.0;3.1333333333333333;0.0;9.322222222222223;1.2666666666666668;4.444444444444445;4.27;3.0;12.0;3.1999999999999997;0.0;28.76666666666667;16.46666666666667;3.977777777777778;4.43;3.0;12.0;3.1666666666666665;0.0;8.477777777777778;0.9777777777777779;2.933333333333333;5.396666666666666;3.0;13.0;3.1;0.0;8.61111111111111;1.011111111111111;2.9555555555555557;4.41;3.0;13.0;3.0;0.0;8.58888888888889;1.211111111111111;6.577777777777778;5.096666666666667;3.0;14.0;0.0
3.2999999999999994;0.0;10.544444444444444;83.06666666666666;87.81111111111112;4.571666666666666;3.0;10.0;3.488888888888889;0.0;10.988888888888889;139.93333333333334;147.15555555555554;3.5716666666666668;3.0;10.0;3.3000000000000003;0.0;10.188888888888888;58.03333333333334;62.400000000000006;4.546666666666667;3.0;11.0;3.1222222222222222;0.0;7.866666666666666;1.0222222222222221;2.966666666666667;4.7316666666666665;3.0;11.0;3.1333333333333333;0.0;9.322222222222223;1.2666666666666668;4.444444444444445;4.27;3.0;12.0;3.1999999999999997;0.0;28.76666666666667;16.46666666666667;3.977777777777778;4.43;3.0;12.0;3.1666666666666665;0.0;8.477777777777778;0.9777777777777779;2.933333333333333;5.396666666666666;3.0;13.0;3.1;0.0;8.61111111111111;1.011111111111111;2.9555555555555557;4.41;3.0;13.0;3.0;0.0;8.58888888888889;1.211111111111111;6.577777777777778;5.096666666666667;3.0;14.0;1.2444444444444445;0.0;6.866666666666667;0.9555555555555556;2.888888888888889;4.878333333333333;3.0;14.0;0.0
3.488888888888889;0.0;10.988888888888889;139.93333333333334;147.15555555555554;3.5716666666666668;3.0;10.0;3.3000000000000003;0.0;10.188888888888888;58.03333333333334;62.400000000000006;4.546666666666667;3.0;11.0;3.1222222222222222;0.0;7.866666666666666;1.0222222222222221;2.966666666666667;4.7316666666666665;3.0;11.0;3.1333333333333333;0.0;9.322222222222223;1.2666666666666668;4.444444444444445;4.27;3.0;12.0;3.1999999999999997;0.0;28.76666666666667;16.46666666666667;3.977777777777778;4.43;3.0;12.0;3.1666666666666665;0.0;8.477777777777778;0.9777777777777779;2.933333333333333;5.396666666666666;3.0;13.0;3.1;0.0;8.61111111111111;1.011111111111111;2.9555555555555557;4.41;3.0;13.0;3.0;0.0;8.58888888888889;1.211111111111111;6.577777777777778;5.096666666666667;3.0;14.0;1.2444444444444445;0.0;6.866666666666667;0.9555555555555556;2.888888888888889;4.878333333333333;3.0;14.0;1.1555555555555557;0.0;7.322222222222223;0.9666666666666667;2.988888888888889;3.6166666666666667;3.0;15.0;0.0
3.3000000000000003;0.0;10.188888888888888;58.03333333333334;62.400000000000006;4.546666666666667;3.0;11.0;3.1222222222222222;0.0;7.866666666666666;1.0222222222222221;2.966666666666667;4.7316666666666665;3.0;11.0;3.1333333333333333;0.0;9.322222222222223;1.2666666666666668;4.444444444444445;4.27;3.0;12.0;3.1999999999999997;0.0;28.76666666666667;16.46666666666667;3.977777777777778;4.43;3.0;12.0;3.1666666666666665;0.0;8.477777777777778;0.9777777777777779;2.933333333333333;5.396666666666666;3.0;13.0;3.1;0.0;8.61111111111111;1.011111111111111;2.9555555555555557;4.41;3.0;13.0;3.0;0.0;8.58888888888889;1.211111111111111;6.577777777777778;5.096666666666667;3.0;14.0;1.2444444444444445;0.0;6.866666666666667;0.9555555555555556;2.888888888888889;4.878333333333333;3.0;14.0;1.1555555555555557;0.0;7.322222222222223;0.9666666666666667;2.988888888888889;3.6166666666666667;3.0;15.0;1.5777777777777777;0.0;7.666666666666667;49.333333333333336;52.65555555555556;4.145;3.0;15.0;0.0
3.1222222222222222;0.0;7.866666666666666;1.0222222222222221;2.966666666666667;4.7316666666666665;3.0;11.0;3.1333333333333333;0.0;9.322222222222223;1.2666666666666668;4.444444444444445;4.27;3.0;12.0;3.1999999999999997;0.0;28.76666666666667;16.46666666666667;3.977777777777778;4.43;3.0;12.0;3.1666666666666665;0.0;8.477777777777778;0.9777777777777779;2.933333333333333;5.396666666666666;3.0;13.0;3.1;0.0;8.61111111111111;1.011111111111111;2.9555555555555557;4.41;3.0;13.0;3.0;0.0;8.58888888888889;1.211111111111111;6.577777777777778;5.096666666666667;3.0;14.0;1.2444444444444445;0.0;6.866666666666667;0.9555555555555556;2.888888888888889;4.878333333333333;3.0;14.0;1.1555555555555557;0.0;7.322222222222223;0.9666666666666667;2.988888888888889;3.6166666666666667;3.0;15.0;1.5777777777777777;0.0;7.666666666666667;49.333333333333336;52.65555555555556;4.145;3.0;15.0;1.3666666666666665;0.0;8.266666666666667;24.83333333333334;27.588888888888885;4.201666666666666;3.0;16.0;0.0
3.1333333333333333;0.0;9.322222222222223;1.2666666666666668;4.444444444444445;4.27;3.0;12.0;3.1999999999999997;0.0;28.76666666666667;16.46666666666667;3.977777777777778;4.43;3.0;12.0;3.1666666666666665;0.0;8.477777777777778;0.9777777777777779;2.933333333333333;5.396666666666666;3.0;13.0;3.1;0.0;8.61111111111111;1.011111111111111;2.9555555555555557;4.41;3.0;13.0;3.0;0.0;8.58888888888889;1.211111111111111;6.577777777777778;5.096666666666667;3.0;14.0;1.2444444444444445;0.0;6.866666666666667;0.9555555555555556;2.888888888888889;4.878333333333333;3.0;14.0;1.1555555555555557;0.0;7.322222222222223;0.9666666666666667;2.988888888888889;3.6166666666666667;3.0;15.0;1.5777777777777777;0.0;7.666666666666667;49.333333333333336;52.65555555555556;4.145;3.0;15.0;1.3666666666666665;0.0;8.266666666666667;24.83333333333334;27.588888888888885;4.201666666666666;3.0;16.0;1.1333333333333333;0.0;6.577777777777778;0.8888888888888888;2.766666666666667;4.191666666666667;3.0;16.0;0.0
3.1999999999999997;0.0;28.76666666666667;16.46666666666667;3.977777777777778;4.43;3.0;12.0;3.1666666666666665;0.0;8.477777777777778;0.9777777777777779;2.933333333333333;5.396666666666666;3.0;13.0;3.1;0.0;8.61111111111111;1.011111111111111;2.9555555555555557;4.41;3.0;13.0;3.0;0.0;8.58888888888889;1.211111111111111;6.577777777777778;5.096666666666667;3.0;14.0;1.2444444444444445;0.0;6.866666666666667;0.9555555555555556;2.888888888888889;4.878333333333333;3.0;14.0;1.1555555555555557;0.0;7.322222222222223;0.9666666666666667;2.988888888888889;3.6166666666666667;3.0;15.0;1.5777777777777777;0.0;7.666666666666667;49.333333333333336;52.65555555555556;4.145;3.0;15.0;1.3666666666666665;0.0;8.266666666666667;24.83333333333334;27.588888888888885;4.201666666666666;3.0;16.0;1.1333333333333333;0.0;6.577777777777778;0.8888888888888888;2.766666666666667;4.191666666666667;3.0;16.0;1.1555555555555557;0.0;7.411111111111111;1.1444444444444444;3.0444444444444447;3.983333333333334;3.0;17.0;0.0
3.1666666666666665;0.0;8.477777777777778;0.9777777777777779;2.933333333333333;5.396666666666666;3.0;13.0;3.1;0.0;8.61111111111111;1.011111111111111;2.9555555555555557;4.41;3.0;13.0;3.0;0.0;8.58888888888889;1.211111111111111;6.577777777777778;5.096666666666667;3.0;14.0;1.2444444444444445;0.0;6.866666666666667;0.9555555555555556;2.888888888888889;4.878333333333333;3.0;14.0;1.1555555555555557;0.0;7.322222222222223;0.9666666666666667;2.988888888888889;3.6166666666666667;3.0;15.0;1.5777777777777777;0.0;7.666666666666667;49.333333333333336;52.65555555555556;4.145;3.0;15.0;1.3666666666666665;0.0;8.266666666666667;24.83333333333334;27.588888888888885;4.201666666666666;3.0;16.0;1.1333333333333333;0.0;6.577777777777778;0.8888888888888888;2.766666666666667;4.191666666666667;3.0;16.0;1.1555555555555557;0.0;7.411111111111111;1.1444444444444444;3.0444444444444447;3.983333333333334;3.0;17.0;1.1;0.0222222222222222;6.877777777777777;1.3777777777777775;3.255555555555556;3.5483333333333333;3.0;17.0;0.0
3.1;0.0;8.61111111111111;1.011111111111111;2.9555555555555557;4.41;3.0;13.0;3.0;0.0;8.58888888888889;1.211111111111111;6.577777777777778;5.096666666666667;3.0;14.0;1.2444444444444445;0.0;6.866666666666667;0.9555555555555556;2.888888888888889;4.878333333333333;3.0;14.0;1.1555555555555557;0.0;7.322222222222223;0.9666666666666667;2.988888888888889;3.6166666666666667;3.0;15.0;1.5777777777777777;0.0;7.666666666666667;49.333333333333336;52.65555555555556;4.145;3.0;15.0;1.3666666666666665;0.0;8.266666666666667;24.83333333333334;27.588888888888885;4.201666666666666;3.0;16.0;1.1333333333333333;0.0;6.577777777777778;0.8888888888888888;2.766666666666667;4.191666666666667;3.0;16.0;1.1555555555555557;0.0;7.411111111111111;1.1444444444444444;3.0444444444444447;3.983333333333334;3.0;17.0;1.1;0.0222222222222222;6.877777777777777;1.3777777777777775;3.255555555555556;3.5483333333333333;3.0;17.0;1.1777777777777778;0.12222222222222222;6.922222222222222;2.611111111111111;4.433333333333334;4.6499999999999995;3.0;18.0;0.0
3.0;0.0;8.58888888888889;1.211111111111111;6.577777777777778;5.096666666666667;3.0;14.0;1.2444444444444445;0.0;6.866666666666667;0.9555555555555556;2.888888888888889;4.878333333333333;3.0;14.0;1.1555555555555557;0.0;7.322222222222223;0.9666666666666667;2.988888888888889;3.6166666666666667;3.0;15.0;1.5777777777777777;0.0;7.666666666666667;49.333333333333336;52.65555555555556;4.145;3.0;15.0;1.3666666666666665;0.0;8.266666666666667;24.83333333333334;27.588888888888885;4.201666666666666;3.0;16.0;1.1333333333333333;0.0;6.577777777777778;0.8888888888888888;2.766666666666667;4.191666666666667;3.0;16.0;1.1555555555555557;0.0;7.411111111111111;1.1444444444444444;3.0444444444444447;3.983333333333334;3.0;17.0;1.1;0.0222222222222222;6.877777777777777;1.3777777777777775;3.255555555555556;3.5483333333333333;3.0;17.0;1.1777777777777778;0.12222222222222222;6.922222222222222;2.611111111111111;4.433333333333334;4.6499999999999995;3.0;18.0;1.1333333333333333;0.07777777777777778;6.955555555555556;1.711111111111111;3.5666666666666664;3.2383333333333333;3.0;18.0;0.0
1.2444444444444445;0.0;6.866666666666667;0.9555555555555556;2.888888888888889;4.878333333333333;3.0;14.0;1.1555555555555557;0.0;7.322222222222223;0.9666666666666667;2.988888888888889;3.6166666666666667;3.0;15.0;1.5777777777777777;0.0;7.666666666666667;49.333333333333336;52.65555555555556;4.145;3.0;15.0;1.3666666666666665;0.0;8.266666666666667;24.83333333333334;27.588888888888885;4.201666666666666;3.0;16.0;1.1333333333333333;0.0;6.577777777777778;0.8888888888888888;2.766666666666667;4.191666666666667;3.0;16.0;1.1555555555555557;0.0;7.411111111111111;1.1444444444444444;3.0444444444444447;3.983333333333334;3.0;17.0;1.1;0.0222222222222222;6.877777777777777;1.3777777777777775;3.255555555555556;3.5483333333333333;3.0;17.0;1.1777777777777778;0.12222222222222222;6.922222222222222;2.611111111111111;4.433333333333334;4.6499999999999995;3.0;18.0;1.1333333333333333;0.07777777777777778;6.955555555555556;1.711111111111111;3.5666666666666664;3.2383333333333333;3.0;18.0;1.1444444444444446;0.06666666666666667;7.377777777777777;2.6555555555555554;4.477777777777778;3.7883333333333336;3.0;19.0;0.0
1.1555555555555557;0.0;7.322222222222223;0.9666666666666667;2.988888888888889;3.6166666666666667;3.0;15.0;1.5777777777777777;0.0;7.666666666666667;49.333333333333336;52.65555555555556;4.145;3.0;15.0;1.3666666666666665;0.0;8.266666666666667;24.83333333333334;27.588888888888885;4.201666666666666;3.0;16.0;1.1333333333333333;0.0;6.577777777777778;0.8888888888888888;2.766666666666667;4.191666666666667;3.0;16.0;1.1555555555555557;0.0;7.411111111111111;1.1444444444444444;3.0444444444444447;3.983333333333334;3.0;17.0;1.1;0.0222222222222222;6.877777777777777;1.3777777777777775;3.255555555555556;3.5483333333333333;3.0;17.0;1.1777777777777778;0.12222222222222222;6.922222222222222;2.611111111111111;4.433333333333334;4.6499999999999995;3.0;18.0;1.1333333333333333;0.07777777777777778;6.955555555555556;1.711111111111111;3.5666666666666664;3.2383333333333333;3.0;18.0;1.1444444444444446;0.06666666666666667;7.377777777777777;2.6555555555555554;4.477777777777778;3.7883333333333336;3.0;19.0;1.1777777777777778;0.09999999999999998;6.466666666666668;1.4777777777777779;3.3222222222222224;4.983333333333333;3.0;19.0;0.0
1.5777777777777777;0.0;7.666666666666667;49.333333333333336;52.65555555555556;4.145;3.0;15.0;1.3666666666666665;0.0;8.266666666666667;24.83333333333334;27.588888888888885;4.201666666666666;3.0;16.0;1.1333333333333333;0.0;6.577777777777778;0.8888888888888888;2.766666666666667;4.191666666666667;3.0;16.0;1.1555555555555557;0.0;7.411111111111111;1.1444444444444444;3.0444444444444447;3.983333333333334;3.0;17.0;1.1;0.0222222222222222;6.877777777777777;1.3777777777777775;3.255555555555556;3.5483333333333333;3.0;17.0;1.1777777777777778;0.12222222222222222;6.922222222222222;2.611111111111111;4.433333333333334;4.6499999999999995;3.0;18.0;1.1333333333333333;0.07777777777777778;6.955555555555556;1.711111111111111;3.5666666666666664;3.2383333333333333;3.0;18.0;1.1444444444444446;0.06666666666666667;7.377777777777777;2.6555555555555554;4.477777777777778;3.7883333333333336;3.0;19.0;1.1777777777777778;0.09999999999999998;6.466666666666668;1.4777777777777779;3.3222222222222224;4.983333333333333;3.0;19.0;1.1;0.0111111111111111;7.577777777777777;0.9222222222222222;2.766666666666667;3.2016666666666667;3.0;20.0;0.0
1.3666666666666665;0.0;8.266666666666667;24.83333333333334;27.588888888888885;4.201666666666666;3.0;16.0;1.1333333333333333;0.0;6.577777777777778;0.8888888888888888;2.766666666666667;4.191666666666667;3.0;16.0;1.1555555555555557;0.0;7.411111111111111;1.1444444444444444;3.0444444444444447;3.983333333333334;3.0;17.0;1.1;0.0222222222222222;6.877777777777777;1.3777777777777775;3.255555555555556;3.5483333333333333;3.0;17.0;1.1777777777777778;0.12222222222222222;6.922222222222222;2.611111111111111;4.433333333333334;4.6499999999999995;3.0;18.0;1.1333333333333333;0.07777777777777778;6.955555555555556;1.711111111111111;3.5666666666666664;3.2383333333333333;3.0;18.0;1.1444444444444446;0.06666666666666667;7.377777777777777;2.6555555555555554;4.477777777777778;3.7883333333333336;3.0;19.0;1.1777777777777778;0.09999999999999998;6.466666666666668;1.4777777777777779;3.3222222222222224;4.983333333333333;3.0;19.0;1.1;0.0111111111111111;7.577777777777777;0.9222222222222222;2.766666666666667;3.2016666666666667;3.0;20.0;1.1666666666666667;0.0;6.411111111111111;0.8888888888888888;2.6888888888888887;4.476666666666667;3.0;20.0;0.0
1.1333333333333333;0.0;6.577777777777778;0.8888888888888888;2.766666666666667;4.191666666666667;3.0;16.0;1.1555555555555557;0.0;7.411111111111111;1.1444444444444444;3.0444444444444447;3.983333333333334;3.0;17.0;1.1;0.0222222222222222;6.877777777777777;1.3777777777777775;3.255555555555556;3.5483333333333333;3.0;17.0;1.1777777777777778;0.12222222222222222;6.922222222222222;2.611111111111111;4.433333333333334;4.6499999999999995;3.0;18.0;1.1333333333333333;0.07777777777777778;6.955555555555556;1.711111111111111;3.5666666666666664;3.2383333333333333;3.0;18.0;1.1444444444444446;0.06666666666666667;7.377777777777777;2.6555555555555554;4.477777777777778;3.7883333333333336;3.0;19.0;1.1777777777777778;0.09999999999999998;6.466666666666668;1.4777777777777779;3.3222222222222224;4.983333333333333;3.0;19.0;1.1;0.0111111111111111;7.577777777777777;0.9222222222222222;2.766666666666667;3.2016666666666667;3.0;20.0;1.1666666666666667;0.0;6.411111111111111;0.8888888888888888;2.6888888888888887;4.476666666666667;3.0;20.0;2.1;0.06666666666666667;8.0;1.0444444444444445;2.977777777777778;4.111666666666666;3.0;21.0;0.0
1.1555555555555557;0.0;7.411111111111111;1.1444444444444444;3.0444444444444447;3.983333333333334;3.0;17.0;1.1;0.0222222222222222;6.877777777777777;1.3777777777777775;3.255555555555556;3.5483333333333333;3.0;17.0;1.1777777777777778;0.12222222222222222;6.922222222222222;2.611111111111111;4.433333333333334;4.6499999999999995;3.0;18.0;1.1333333333333333;0.07777777777777778;6.955555555555556;1.711111111111111;3.5666666666666664;3.2383333333333333;3.0;18.0;1.1444444444444446;0.06666666666666667;7.377777777777777;2.6555555555555554;4.477777777777778;3.7883333333333336;3.0;19.0;1.1777777777777778;0.09999999999999998;6.466666666666668;1.4777777777777779;3.3222222222222224;4.983333333333333;3.0;19.0;1.1;0.0111111111111111;7.577777777777777;0.9222222222222222;2.766666666666667;3.2016666666666667;3.0;20.0;1.1666666666666667;0.0;6.411111111111111;0.8888888888888888;2.6888888888888887;4.476666666666667;3.0;20.0;2.1;0.06666666666666667;8.0;1.0444444444444445;2.977777777777778;4.111666666666666;3.0;21.0;2.1333333333333333;0.08888888888888889;7.7;2.755555555555556;4.688888888888889;3.9499999999999993;3.0;21.0;0.0
1.1;0.0222222222222222;6.877777777777777;1.3777777777777775;3.255555555555556;3.5483333333333333;3.0;17.0;1.1777777777777778;0.12222222222222222;6.922222222222222;2.611111111111111;4.433333333333334;4.6499999999999995;3.0;18.0;1.1333333333333333;0.07777777777777778;6.955555555555556;1.711111111111111;3.5666666666666664;3.2383333333333333;3.0;18.0;1.1444444444444446;0.06666666666666667;7.377777777777777;2.6555555555555554;4.477777777777778;3.7883333333333336;3.0;19.0;1.1777777777777778;0.09999999999999998;6.466666666666668;1.4777777777777779;3.3222222222222224;4.983333333333333;3.0;19.0;1.1;0.0111111111111111;7.577777777777777;0.9222222222222222;2.766666666666667;3.2016666666666667;3.0;20.0;1.1666666666666667;0.0;6.411111111111111;0.8888888888888888;2.6888888888888887;4.476666666666667;3.0;20.0;2.1;0.06666666666666667;8.0;1.0444444444444445;2.977777777777778;4.111666666666666;3.0;21.0;2.1333333333333333;0.08888888888888889;7.7;2.755555555555556;4.688888888888889;3.9499999999999993;3.0;21.0;2.166666666666667;0.05555555555555555;8.188888888888888;3.066666666666667;4.933333333333333;4.913333333333333;3.0;22.0;0.0
1.1777777777777778;0.12222222222222222;6.922222222222222;2.611111111111111;4.433333333333334;4.6499999999999995;3.0;18.0;1.1333333333333333;0.07777777777777778;6.955555555555556;1.711111111111111;3.5666666666666664;3.2383333333333333;3.0;18.0;1.1444444444444446;0.06666666666666667;7.377777777777777;2.6555555555555554;4.477777777777778;3.7883333333333336;3.0;19.0;1.1777777777777778;0.09999999999999998;6.466666666666668;1.4777777777777779;3.3222222222222224;4.983333333333333;3.0;19.0;1.1;0.0111111111111111;7.577777777777777;0.9222222222222222;2.766666666666667;3.2016666666666667;3.0;20.0;1.1666666666666667;0.0;6.411111111111111;0.8888888888888888;2.6888888888888887;4.476666666666667;3.0;20.0;2.1;0.06666666666666667;8.0;1.0444444444444445;2.977777777777778;4.111666666666666;3.0;21.0;2.1333333333333333;0.08888888888888889;7.7;2.755555555555556;4.688888888888889;3.9499999999999993;3.0;21.0;2.166666666666667;0.05555555555555555;8.188888888888888;3.066666666666667;4.933333333333333;4.913333333333333;3.0;22.0;2.1333333333333333;0.09999999999999999;7.611111111111111;0.9777777777777777;2.788888888888889;4.466666666666666;3.0;22.0;0.0
1.1333333333333333;0.07777777777777778;6.955555555555556;1.711111111111111;3.5666666666666664;3.2383333333333333;3.0;18.0;1.1444444444444446;0.06666666666666667;7.377777777777777;2.6555555555555554;4.477777777777778;3.7883333333333336;3.0;19.0;1.1777777777777778;0.09999999999999998;6.466666666666668;1.4777777777777779;3.3222222222222224;4.983333333333333;3.0;19.0;1.1;0.0111111111111111;7.577777777777777;0.9222222222222222;2.766666666666667;3.2016666666666667;3.0;20.0;1.1666666666666667;0.0;6.411111111111111;0.8888888888888888;2.6888888888888887;4.476666666666667;3.0;20.0;2.1;0.06666666666666667;8.0;1.0444444444444445;2.977777777777778;4.111666666666666;3.0;21.0;2.1333333333333333;0.08888888888888889;7.7;2.755555555555556;4.688888888888889;3.9499999999999993;3.0;21.0;2.166666666666667;0.05555555555555555;8.188888888888888;3.066666666666667;4.933333333333333;4.913333333333333;3.0;22.0;2.1333333333333333;0.09999999999999999;7.611111111111111;0.9777777777777777;2.788888888888889;4.466666666666666;3.0;22.0;2.1333333333333333;0.04444444444444443;8.38888888888889;0.8999999999999999;2.766666666666667;4.453333333333333;3.0;23.0;0.0
1.1444444444444446;0.06666666666666667;7.377777777777777;2.6555555555555554;4.477777777777778;3.7883333333333336;3.0;19.0;1.1777777777777778;0.09999999999999998;6.466666666666668;1.4777777777777779;3.3222222222222224;4.983333333333333;3.0;19.0;1.1;0.0111111111111111;7.577777777777777;0.9222222222222222;2.766666666666667;3.2016666666666667;3.0;20.0;1.1666666666666667;0.0;6.411111111111111;0.8888888888888888;2.6888888888888887;4.476666666666667;3.0;20.0;2.1;0.06666666666666667;8.0;1.0444444444444445;2.977777777777778;4.111666666666666;3.0;21.0;2.1333333333333333;0.08888888888888889;7.7;2.755555555555556;4.688888888888889;3.9499999999999993;3.0;21.0;2.166666666666667;0.05555555555555555;8.188888888888888;3.066666666666667;4.933333333333333;4.913333333333333;3.0;22.0;2.1333333333333333;0.09999999999999999;7.611111111111111;0.9777777777777777;2.788888888888889;4.466666666666666;3.0;22.0;2.1333333333333333;0.04444444444444443;8.38888888888889;0.8999999999999999;2.766666666666667;4.453333333333333;3.0;23.0;2.1555555555555554;0.0;7.455555555555556;0.8999999999999999;2.8000000000000003;4.409999999999999;3.0;23.0;0.0
1.1777777777777778;0.09999999999999998;6.466666666666668;1.4777777777777779;3.3222222222222224;4.983333333333333;3.0;19.0;1.1;0.0111111111111111;7.577777777777777;0.9222222222222222;2.766666666666667;3.2016666666666667;3.0;20.0;1.1666666666666667;0.0;6.411111111111111;0.8888888888888888;2.6888888888888887;4.476666666666667;3.0;20.0;2.1;0.06666666666666667;8.0;1.0444444444444445;2.977777777777778;4.111666666666666;3.0;21.0;2.1333333333333333;0.08888888888888889;7.7;2.755555555555556;4.688888888888889;3.9499999999999993;3.0;21.0;2.166666666666667;0.05555555555555555;8.188888888888888;3.066666666666667;4.933333333333333;4.913333333333333;3.0;22.0;2.1333333333333333;0.09999999999999999;7.611111111111111;0.9777777777777777;2.788888888888889;4.466666666666666;3.0;22.0;2.1333333333333333;0.04444444444444443;8.38888888888889;0.8999999999999999;2.766666666666667;4.453333333333333;3.0;23.0;2.1555555555555554;0.0;7.455555555555556;0.8999999999999999;2.8000000000000003;4.409999999999999;3.0;23.0;2.133333333333333;0.04444444444444443;8.433333333333334;0.922222222222222;2.8222222222222224;4.1899999999999995;4.0;0.0;0.0
1.1;0.0111111111111111;7.577777777777777;0.9222222222222222;2.766666666666667;3.2016666666666667;3.0;20.0;1.1666666666666667;0.0;6.411111111111111;0.8888888888888888;2.6888888888888887;4.476666666666667;3.0;20.0;2.1;0.06666666666666667;8.0;1.0444444444444445;2.977777777777778;4.111666666666666;3.0;21.0;2.1333333333333333;0.08888888888888889;7.7;2.755555555555556;4.688888888888889;3.9499999999999993;3.0;21.0;2.166666666666667;0.05555555555555555;8.188888888888888;3.066666666666667;4.933333333333333;4.913333333333333;3.0;22.0;2.1333333333333333;0.09999999999999999;7.611111111111111;0.9777777777777777;2.788888888888889;4.466666666666666;3.0;22.0;2.1333333333333333;0.04444444444444443;8.38888888888889;0.8999999999999999;2.766666666666667;4.453333333333333;3.0;23.0;2.1555555555555554;0.0;7.455555555555556;0.8999999999999999;2.8000000000000003;4.409999999999999;3.0;23.0;2.133333333333333;0.04444444444444443;8.433333333333334;0.922222222222222;2.8222222222222224;4.1899999999999995;4.0;0.0;8.566666666666668;0.0;29.41111111111111;1066.0222222222221;1099.1333333333332;3.9399999999999995;4.0;0.0;1.0
1.1666666666666667;0.0;6.411111111111111;0.8888888888888888;2.6888888888888887;4.476666666666667;3.0;20.0;2.1;0.06666666666666667;8.0;1.0444444444444445;2.977777777777778;4.111666666666666;3.0;21.0;2.1333333333333333;0.08888888888888889;7.7;2.755555555555556;4.688888888888889;3.9499999999999993;3.0;21.0;2.166666666666667;0.05555555555555555;8.188888888888888;3.066666666666667;4.933333333333333;4.913333333333333;3.0;22.0;2.1333333333333333;0.09999999999999999;7.611111111111111;0.9777777777777777;2.788888888888889;4.466666666666666;3.0;22.0;2.1333333333333333;0.04444444444444443;8.38888888888889;0.8999999999999999;2.766666666666667;4.453333333333333;3.0;23.0;2.1555555555555554;0.0;7.455555555555556;0.8999999999999999;2.8000000000000003;4.409999999999999;3.0;23.0;2.133333333333333;0.04444444444444443;8.433333333333334;0.922222222222222;2.8222222222222224;4.1899999999999995;4.0;0.0;8.566666666666668;0.0;29.41111111111111;1066.0222222222221;1099.1333333333332;3.9399999999999995;4.0;0.0;12.555555555555557;0.022222222222222216;43.655555555555544;1682.011111111111;1733.8333333333333;4.973333333333334;4.0;1.0;1.0
2.1;0.06666666666666667;8.0;1.0444444444444445;2.977777777777778;4.111666666666666;3.0;21.0;2.1333333333333333;0.08888888888888889;7.7;2.755555555555556;4.688888888888889;3.9499999999999993;3.0;21.0;2.166666666666667;0.05555555555555555;8.188888888888888;3.066666666666667;4.933333333333333;4.913333333333333;3.0;22.0;2.1333333333333333;0.09999999999999999;7.611111111111111;0.9777777777777777;2.788888888888889;4.466666666666666;3.0;22.0;2.1333333333333333;0.04444444444444443;8.38888888888889;0.8999999999999999;2.766666666666667;4.453333333333333;3.0;23.0;2.1555555555555554;0.0;7.455555555555556;0.8999999999999999;2.8000000000000003;4.409999999999999;3.0;23.0;2.133333333333333;0.04444444444444443;8.433333333333334;0.922222222222222;2.8222222222222224;4.1899999999999995;4.0;0.0;8.566666666666668;0.0;29.41111111111111;1066.0222222222221;1099.1333333333332;3.9399999999999995;4.0;0.0;12.555555555555557;0.022222222222222216;43.655555555555544;1682.011111111111;1733.8333333333333;4.973333333333334;4.0;1.0;12.422222222222222;0.0111111111111111;43.8111111111111;1681.788888888889;1734.1999999999998;5.156666666666666;4.0;1.0;1.0
2.1333333333333333;0.08888888888888889;7.7;2.755555555555556;4.688888888888889;3.9499999999999993;3.0;21.0;2.166666666666667;0.05555555555555555;8.188888888888888;3.066666666666667;4.933333333333333;4.913333333333333;3.0;22.0;2.1333333333333333;0.09999999999999999;7.611111111111111;0.9777777777777777;2.788888888888889;4.466666666666666;3.0;22.0;2.1333333333333333;0.04444444444444443;8.38888888888889;0.8999999999999999;2.766666666666667;4.453333333333333;3.0;23.0;2.1555555555555554;0.0;7.455555555555556;0.8999999999999999;2.8000000000000003;4.409999999999999;3.0;23.0;2.133333333333333;0.04444444444444443;8.433333333333334;0.922222222222222;2.8222222222222224;4.1899999999999995;4.0;0.0;8.566666666666668;0.0;29.41111111111111;1066.0222222222221;1099.1333333333332;3.9399999999999995;4.0;0.0;12.555555555555557;0.022222222222222216;43.655555555555544;1682.011111111111;1733.8333333333333;4.973333333333334;4.0;1.0;12.422222222222222;0.0111111111111111;43.8111111111111;1681.788888888889;1734.1999999999998;5.156666666666666;4.0;1.0;12.344444444444447;0.0;44.43333333333333;1692.4999999999998;1745.177777777778;5.285000000000001;4.0;2.0;1.0
2.166666666666667;0.05555555555555555;8.188888888888888;3.066666666666667;4.933333333333333;4.913333333333333;3.0;22.0;2.1333333333333333;0.09999999999999999;7.611111111111111;0.9777777777777777;2.788888888888889;4.466666666666666;3.0;22.0;2.1333333333333333;0.04444444444444443;8.38888888888889;0.8999999999999999;2.766666666666667;4.453333333333333;3.0;23.0;2.1555555555555554;0.0;7.455555555555556;0.8999999999999999;2.8000000000000003;4.409999999999999;3.0;23.0;2.133333333333333;0.04444444444444443;8.433333333333334;0.922222222222222;2.8222222222222224;4.1899999999999995;4.0;0.0;8.566666666666668;0.0;29.41111111111111;1066.0222222222221;1099.1333333333332;3.9399999999999995;4.0;0.0;12.555555555555557;0.022222222222222216;43.655555555555544;1682.011111111111;1733.8333333333333;4.973333333333334;4.0;1.0;12.422222222222222;0.0111111111111111;43.8111111111111;1681.788888888889;1734.1999999999998;5.156666666666666;4.0;1.0;12.344444444444447;0.0;44.43333333333333;1692.4999999999998;1745.177777777778;5.285000000000001;4.0;2.0;12.21111111111111;0.05555555555555555;43.07777777777778;1686.0333333333335;1739.1666666666667;4.696666666666667;4.0;2.0;1.0
2.1333333333333333;0.09999999999999999;7.611111111111111;0.9777777777777777;2.788888888888889;4.466666666666666;3.0;22.0;2.1333333333333333;0.04444444444444443;8.38888888888889;0.8999999999999999;2.766666666666667;4.453333333333333;3.0;23.0;2.1555555555555554;0.0;7.455555555555556;0.8999999999999999;2.8000000000000003;4.409999999999999;3.0;23.0;2.133333333333333;0.04444444444444443;8.433333333333334;0.922222222222222;2.8222222222222224;4.1899999999999995;4.0;0.0;8.566666666666668;0.0;29.41111111111111;1066.0222222222221;1099.1333333333332;3.9399999999999995;4.0;0.0;12.555555555555557;0.022222222222222216;43.655555555555544;1682.011111111111;1733.8333333333333;4.973333333333334;4.0;1.0;12.422222222222222;0.0111111111111111;43.8111111111111;1681.788888888889;1734.1999999999998;5.156666666666666;4.0;1.0;12.344444444444447;0.0;44.43333333333333;1692.4999999999998;1745.177777777778;5.285000000000001;4.0;2.0;12.21111111111111;0.05555555555555555;43.07777777777778;1686.0333333333335;1739.1666666666667;4.696666666666667;4.0;2.0;13.18888888888889;0.5222222222222223;84.63333333333333;1690.4555555555555;1742.5333333333335;9.473333333333333;4.0;3.0;1.0
2.1333333333333333;0.04444444444444443;8.38888888888889;0.8999999999999999;2.766666666666667;4.453333333333333;3.0;23.0;2.1555555555555554;0.0;7.455555555555556;0.8999999999999999;2.8000000000000003;4.409999999999999;3.0;23.0;2.133333333333333;0.04444444444444443;8.433333333333334;0.922222222222222;2.8222222222222224;4.1899999999999995;4.0;0.0;8.566666666666668;0.0;29.41111111111111;1066.0222222222221;1099.1333333333332;3.9399999999999995;4.0;0.0;12.555555555555557;0.022222222222222216;43.655555555555544;1682.011111111111;1733.8333333333333;4.973333333333334;4.0;1.0;12.422222222222222;0.0111111111111111;43.8111111111111;1681.788888888889;1734.1999999999998;5.156666666666666;4.0;1.0;12.344444444444447;0.0;44.43333333333333;1692.4999999999998;1745.177777777778;5.285000000000001;4.0;2.0;12.21111111111111;0.05555555555555555;43.07777777777778;1686.0333333333335;1739.1666666666667;4.696666666666667;4.0;2.0;13.18888888888889;0.5222222222222223;84.63333333333333;1690.4555555555555;1742.5333333333335;9.473333333333333;4.0;3.0;12.411111111111111;0.0;42.699999999999996;1686.0777777777778;1738.9666666666665;5.408333333333332;4.0;3.0;1.0
2.1555555555555554;0.0;7.455555555555556;0.8999999999999999;2.8000000000000003;4.409999999999999;3.0;23.0;2.133333333333333;0.04444444444444443;8.433333333333334;0.922222222222222;2.8222222222222224;4.1899999999999995;4.0;0.0;8.566666666666668;0.0;29.41111111111111;1066.0222222222221;1099.1333333333332;3.9399999999999995;4.0;0.0;12.555555555555557;0.022222222222222216;43.655555555555544;1682.011111111111;1733.8333333333333;4.973333333333334;4.0;1.0;12.422222222222222;0.0111111111111111;43.8111111111111;1681.788888888889;1734.1999999999998;5.156666666666666;4.0;1.0;12.344444444444447;0.0;44.43333333333333;1692.4999999999998;1745.177777777778;5.285000000000001;4.0;2.0;12.21111111111111;0.05555555555555555;43.07777777777778;1686.0333333333335;1739.1666666666667;4.696666666666667;4.0;2.0;13.18888888888889;0.5222222222222223;84.63333333333333;1690.4555555555555;1742.5333333333335;9.473333333333333;4.0;3.0;12.411111111111111;0.0;42.699999999999996;1686.0777777777778;1738.9666666666665;5.408333333333332;4.0;3.0;12.266666666666667;0.03333333333333333;43.81111111111111;1675.2444444444443;1728.5999999999997;4.878333333333333;4.0;4.0;0.0
2.133333333333333;0.04444444444444443;8.433333333333334;0.922222222222222;2.8222222222222224;4.1899999999999995;4.0;0.0;8.566666666666668;0.0;29.41111111111111;1066.0222222222221;1099.1333333333332;3.9399999999999995;4.0;0.0;12.555555555555557;0.022222222222222216;43.655555555555544;1682.011111111111;1733.8333333333333;4.973333333333334;4.0;1.0;12.422222222222222;0.0111111111111111;43.8111111111111;1681.788888888889;1734.1999999999998;5.156666666666666;4.0;1.0;12.344444444444447;0.0;44.43333333333333;1692.4999999999998;1745.177777777778;5.285000000000001;4.0;2.0;12.21111111111111;0.05555555555555555;43.07777777777778;1686.0333333333335;1739.1666666666667;4.696666666666667;4.0;2.0;13.18888888888889;0.5222222222222223;84.63333333333333;1690.4555555555555;1742.5333333333335;9.473333333333333;4.0;3.0;12.411111111111111;0.0;42.699999999999996;1686.0777777777778;1738.9666666666665;5.408333333333332;4.0;3.0;12.266666666666667;0.03333333333333333;43.81111111111111;1675.2444444444443;1728.5999999999997;4.878333333333333;4.0;4.0;4.8;0.0111111111111111;17.822222222222223;518.3111111111111;538.688888888889;5.625;4.0;4.0;0.0
8.566666666666668;0.0;29.41111111111111;1066.0222222222221;1099.1333333333332;3.9399999999999995;4.0;0.0;12.555555555555557;0.022222222222222216;43.655555555555544;1682.011111111111;1733.8333333333333;4.973333333333334;4.0;1.0;12.422222222222222;0.0111111111111111;43.8111111111111;1681.788888888889;1734.1999999999998;5.156666666666666;4.0;1.0;12.344444444444447;0.0;44.43333333333333;1692.4999999999998;1745.177777777778;5.285000000000001;4.0;2.0;12.21111111111111;0.05555555555555555;43.07777777777778;1686.0333333333335;1739.1666666666667;4.696666666666667;4.0;2.0;13.18888888888889;0.5222222222222223;84.63333333333333;1690.4555555555555;1742.5333333333335;9.473333333333333;4.0;3.0;12.411111111111111;0.0;42.699999999999996;1686.0777777777778;1738.9666666666665;5.408333333333332;4.0;3.0;12.266666666666667;0.03333333333333333;43.81111111111111;1675.2444444444443;1728.5999999999997;4.878333333333333;4.0;4.0;4.8;0.0111111111111111;17.822222222222223;518.3111111111111;538.688888888889;5.625;4.0;4.0;1.2555555555555555;0.0;7.466666666666668;0.9777777777777779;2.933333333333333;5.075;4.0;5.0;0.0
12.555555555555557;0.022222222222222216;43.655555555555544;1682.011111111111;1733.8333333333333;4.973333333333334;4.0;1.0;12.422222222222222;0.0111111111111111;43.8111111111111;1681.788888888889;1734.1999999999998;5.156666666666666;4.0;1.0;12.344444444444447;0.0;44.43333333333333;1692.4999999999998;1745.177777777778;5.285000000000001;4.0;2.0;12.21111111111111;0.05555555555555555;43.07777777777778;1686.0333333333335;1739.1666666666667;4.696666666666667;4.0;2.0;13.18888888888889;0.5222222222222223;84.63333333333333;1690.4555555555555;1742.5333333333335;9.473333333333333;4.0;3.0;12.411111111111111;0.0;42.699999999999996;1686.0777777777778;1738.9666666666665;5.408333333333332;4.0;3.0;12.266666666666667;0.03333333333333333;43.81111111111111;1675.2444444444443;1728.5999999999997;4.878333333333333;4.0;4.0;4.8;0.0111111111111111;17.822222222222223;518.3111111111111;538.688888888889;5.625;4.0;4.0;1.2555555555555555;0.0;7.466666666666668;0.9777777777777779;2.933333333333333;5.075;4.0;5.0;1.1666666666666667;0.10714285714285715;6.803968253968254;0.9444444444444443;2.9222222222222225;4.766666666666667;4.0;5.0;0.0
12.422222222222222;0.0111111111111111;43.8111111111111;1681.788888888889;1734.1999999999998;5.156666666666666;4.0;1.0;12.344444444444447;0.0;44.43333333333333;1692.4999999999998;1745.177777777778;5.285000000000001;4.0;2.0;12.21111111111111;0.05555555555555555;43.07777777777778;1686.0333333333335;1739.1666666666667;4.696666666666667;4.0;2.0;13.18888888888889;0.5222222222222223;84.63333333333333;1690.4555555555555;1742.5333333333335;9.473333333333333;4.0;3.0;12.411111111111111;0.0;42.699999999999996;1686.0777777777778;1738.9666666666665;5.408333333333332;4.0;3.0;12.266666666666667;0.03333333333333333;43.81111111111111;1675.2444444444443;1728.5999999999997;4.878333333333333;4.0;4.0;4.8;0.0111111111111111;17.822222222222223;518.3111111111111;538.688888888889;5.625;4.0;4.0;1.2555555555555555;0.0;7.466666666666668;0.9777777777777779;2.933333333333333;5.075;4.0;5.0;1.1666666666666667;0.10714285714285715;6.803968253968254;0.9444444444444443;2.9222222222222225;4.766666666666667;4.0;5.0;1.2777777777777777;0.37777777777777777;7.164285714285715;0.9;2.9111111111111114;4.57;4.0;6.0;0.0
12.344444444444447;0.0;44.43333333333333;1692.4999999999998;1745.177777777778;5.285000000000001;4.0;2.0;12.21111111111111;0.05555555555555555;43.07777777777778;1686.0333333333335;1739.1666666666667;4.696666666666667;4.0;2.0;13.18888888888889;0.5222222222222223;84.63333333333333;1690.4555555555555;1742.5333333333335;9.473333333333333;4.0;3.0;12.411111111111111;0.0;42.699999999999996;1686.0777777777778;1738.9666666666665;5.408333333333332;4.0;3.0;12.266666666666667;0.03333333333333333;43.81111111111111;1675.2444444444443;1728.5999999999997;4.878333333333333;4.0;4.0;4.8;0.0111111111111111;17.822222222222223;518.3111111111111;538.688888888889;5.625;4.0;4.0;1.2555555555555555;0.0;7.466666666666668;0.9777777777777779;2.933333333333333;5.075;4.0;5.0;1.1666666666666667;0.10714285714285715;6.803968253968254;0.9444444444444443;2.9222222222222225;4.766666666666667;4.0;5.0;1.2777777777777777;0.37777777777777777;7.164285714285715;0.9;2.9111111111111114;4.57;4.0;6.0;1.2111111111111112;0.0;6.644444444444445;0.9;2.8333333333333335;5.156666666666666;4.0;6.0;0.0
12.21111111111111;0.05555555555555555;43.07777777777778;1686.0333333333335;1739.1666666666667;4.696666666666667;4.0;2.0;13.18888888888889;0.5222222222222223;84.63333333333333;1690.4555555555555;1742.5333333333335;9.473333333333333;4.0;3.0;12.411111111111111;0.0;42.699999999999996;1686.0777777777778;1738.9666666666665;5.408333333333332;4.0;3.0;12.266666666666667;0.03333333333333333;43.81111111111111;1675.2444444444443;1728.5999999999997;4.878333333333333;4.0;4.0;4.8;0.0111111111111111;17.822222222222223;518.3111111111111;538.688888888889;5.625;4.0;4.0;1.2555555555555555;0.0;7.466666666666668;0.9777777777777779;2.933333333333333;5.075;4.0;5.0;1.1666666666666667;0.10714285714285715;6.803968253968254;0.9444444444444443;2.9222222222222225;4.766666666666667;4.0;5.0;1.2777777777777777;0.37777777777777777;7.164285714285715;0.9;2.9111111111111114;4.57;4.0;6.0;1.2111111111111112;0.0;6.644444444444445;0.9;2.8333333333333335;5.156666666666666;4.0;6.0;1.2444444444444445;0.0;7.3;0.8666666666666667;2.8222222222222215;5.488333333333333;4.0;7.0;0.0
13.18888888888889;0.5222222222222223;84.63333333333333;1690.4555555555555;1742.5333333333335;9.473333333333333;4.0;3.0;12.411111111111111;0.0;42.699999999999996;1686.0777777777778;1738.9666666666665;5.408333333333332;4.0;3.0;12.266666666666667;0.03333333333333333;43.81111111111111;1675.2444444444443;1728.5999999999997;4.878333333333333;4.0;4.0;4.8;0.0111111111111111;17.822222222222223;518.3111111111111;538.688888888889;5.625;4.0;4.0;1.2555555555555555;0.0;7.466666666666668;0.9777777777777779;2.933333333333333;5.075;4.0;5.0;1.1666666666666667;0.10714285714285715;6.803968253968254;0.9444444444444443;2.9222222222222225;4.766666666666667;4.0;5.0;1.2777777777777777;0.37777777777777777;7.164285714285715;0.9;2.9111111111111114;4.57;4.0;6.0;1.2111111111111112;0.0;6.644444444444445;0.9;2.8333333333333335;5.156666666666666;4.0;6.0;1.2444444444444445;0.0;7.3;0.8666666666666667;2.8222222222222215;5.488333333333333;4.0;7.0;1.2222222222222223;0.1111111111111111;6.68888888888889;0.8444444444444444;2.8333333333333335;4.558333333333334;4.0;7.0;0.0
12.411111111111111;0.0;42.699999999999996;1686.0777777777778;1738.9666666666665;5.408333333333332;4.0;3.0;12.266666666666667;0.03333333333333333;43.81111111111111;1675.2444444444443;1728.5999999999997;4.878333333333333;4.0;4.0;4.8;0.0111111111111111;17.822222222222223;518.3111111111111;538.688888888889;5.625;4.0;4.0;1.2555555555555555;0.0;7.466666666666668;0.9777777777777779;2.933333333333333;5.075;4.0;5.0;1.1666666666666667;0.10714285714285715;6.803968253968254;0.9444444444444443;2.9222222222222225;4.766666666666667;4.0;5.0;1.2777777777777777;0.37777777777777777;7.164285714285715;0.9;2.9111111111111114;4.57;4.0;6.0;1.2111111111111112;0.0;6.644444444444445;0.9;2.8333333333333335;5.156666666666666;4.0;6.0;1.2444444444444445;0.0;7.3;0.8666666666666667;2.8222222222222215;5.488333333333333;4.0;7.0;1.2222222222222223;0.1111111111111111;6.68888888888889;0.8444444444444444;2.8333333333333335;4.558333333333334;4.0;7.0;1.2;0.09999999999999999;7.533333333333332;0.8777777777777778;2.8222222222222215;5.41;4.0;8.0;0.0
12.266666666666667;0.03333333333333333;43.81111111111111;1675.2444444444443;1728.5999999999997;4.878333333333333;4.0;4.0;4.8;0.0111111111111111;17.822222222222223;518.3111111111111;538.688888888889;5.625;4.0;4.0;1.2555555555555555;0.0;7.466666666666668;0.9777777777777779;2.933333333333333;5.075;4.0;5.0;1.1666666666666667;0.10714285714285715;6.803968253968254;0.9444444444444443;2.9222222222222225;4.766666666666667;4.0;5.0;1.2777777777777777;0.37777777777777777;7.164285714285715;0.9;2.9111111111111114;4.57;4.0;6.0;1.2111111111111112;0.0;6.644444444444445;0.9;2.8333333333333335;5.156666666666666;4.0;6.0;1.2444444444444445;0.0;7.3;0.8666666666666667;2.8222222222222215;5.488333333333333;4.0;7.0;1.2222222222222223;0.1111111111111111;6.68888888888889;0.8444444444444444;2.8333333333333335;4.558333333333334;4.0;7.0;1.2;0.09999999999999999;7.533333333333332;0.8777777777777778;2.8222222222222215;5.41;4.0;8.0;1.2;0.0;6.588888888888889;0.8777777777777778;2.8222222222222224;4.788333333333333;4.0;8.0;0.0
4.8;0.0111111111111111;17.822222222222223;518.3111111111111;538.688888888889;5.625;4.0;4.0;1.2555555555555555;0.0;7.466666666666668;0.9777777777777779;2.933333333333333;5.075;4.0;5.0;1.1666666666666667;0.10714285714285715;6.803968253968254;0.9444444444444443;2.9222222222222225;4.766666666666667;4.0;5.0;1.2777777777777777;0.37777777777777777;7.164285714285715;0.9;2.9111111111111114;4.57;4.0;6.0;1.2111111111111112;0.0;6.644444444444445;0.9;2.8333333333333335;5.156666666666666;4.0;6.0;1.2444444444444445;0.0;7.3;0.8666666666666667;2.8222222222222215;5.488333333333333;4.0;7.0;1.2222222222222223;0.1111111111111111;6.68888888888889;0.8444444444444444;2.8333333333333335;4.558333333333334;4.0;7.0;1.2;0.09999999999999999;7.533333333333332;0.8777777777777778;2.8222222222222215;5.41;4.0;8.0;1.2;0.0;6.588888888888889;0.8777777777777778;2.8222222222222224;4.788333333333333;4.0;8.0;1.1666666666666667;0.0;7.388888888888889;1.1333333333333333;3.111111111111111;4.511666666666667;4.0;9.0;0.0
1.2555555555555555;0.0;7.466666666666668;0.9777777777777779;2.933333333333333;5.075;4.0;5.0;1.1666666666666667;0.10714285714285715;6.803968253968254;0.9444444444444443;2.9222222222222225;4.766666666666667;4.0;5.0;1.2777777777777777;0.37777777777777777;7.164285714285715;0.9;2.9111111111111114;4.57;4.0;6.0;1.2111111111111112;0.0;6.644444444444445;0.9;2.8333333333333335;5.156666666666666;4.0;6.0;1.2444444444444445;0.0;7.3;0.8666666666666667;2.8222222222222215;5.488333333333333;4.0;7.0;1.2222222222222223;0.1111111111111111;6.68888888888889;0.8444444444444444;2.8333333333333335;4.558333333333334;4.0;7.0;1.2;0.09999999999999999;7.533333333333332;0.8777777777777778;2.8222222222222215;5.41;4.0;8.0;1.2;0.0;6.588888888888889;0.8777777777777778;2.8222222222222224;4.788333333333333;4.0;8.0;1.1666666666666667;0.0;7.388888888888889;1.1333333333333333;3.111111111111111;4.511666666666667;4.0;9.0;1.2222222222222223;0.0;6.544444444444444;1.1444444444444446;3.0444444444444443;5.315;4.0;9.0;0.0
1.1666666666666667;0.10714285714285715;6.803968253968254;0.9444444444444443;2.9222222222222225;4.766666666666667;4.0;5.0;1.2777777777777777;0.37777777777777777;7.164285714285715;0.9;2.9111111111111114;4.57;4.0;6.0;1.2111111111111112;0.0;6.644444444444445;0.9;2.8333333333333335;5.156666666666666;4.0;6.0;1.2444444444444445;0.0;7.3;0.8666666666666667;2.8222222222222215;5.488333333333333;4.0;7.0;1.2222222222222223;0.1111111111111111;6.68888888888889;0.8444444444444444;2.8333333333333335;4.558333333333334;4.0;7.0;1.2;0.09999999999999999;7.533333333333332;0.8777777777777778;2.8222222222222215;5.41;4.0;8.0;1.2;0.0;6.588888888888889;0.8777777777777778;2.8222222222222224;4.788333333333333;4.0;8.0;1.1666666666666667;0.0;7.388888888888889;1.1333333333333333;3.111111111111111;4.511666666666667;4.0;9.0;1.2222222222222223;0.0;6.544444444444444;1.1444444444444446;3.0444444444444443;5.315;4.0;9.0;1.211111111111111;0.0;7.288888888888889;0.9111111111111111;2.8444444444444446;4.718333333333334;4.0;10.0;0.0
1.2777777777777777;0.37777777777777777;7.164285714285715;0.9;2.9111111111111114;4.57;4.0;6.0;1.2111111111111112;0.0;6.644444444444445;0.9;2.8333333333333335;5.156666666666666;4.0;6.0;1.2444444444444445;0.0;7.3;0.8666666666666667;2.8222222222222215;5.488333333333333;4.0;7.0;1.2222222222222223;0.1111111111111111;6.68888888888889;0.8444444444444444;2.8333333333333335;4.558333333333334;4.0;7.0;1.2;0.09999999999999999;7.533333333333332;0.8777777777777778;2.8222222222222215;5.41;4.0;8.0;1.2;0.0;6.588888888888889;0.8777777777777778;2.8222222222222224;4.788333333333333;4.0;8.0;1.1666666666666667;0.0;7.388888888888889;1.1333333333333333;3.111111111111111;4.511666666666667;4.0;9.0;1.2222222222222223;0.0;6.544444444444444;1.1444444444444446;3.0444444444444443;5.315;4.0;9.0;1.211111111111111;0.0;7.288888888888889;0.9111111111111111;2.8444444444444446;4.718333333333334;4.0;10.0;1.2222222222222223;0.0;6.533333333333334;1.1333333333333335;3.0444444444444443;4.548333333333333;4.0;10.0;0.0
1.2111111111111112;0.0;6.644444444444445;0.9;2.8333333333333335;5.156666666666666;4.0;6.0;1.2444444444444445;0.0;7.3;0.8666666666666667;2.8222222222222215;5.488333333333333;4.0;7.0;1.2222222222222223;0.1111111111111111;6.68888888888889;0.8444444444444444;2.8333333333333335;4.558333333333334;4.0;7.0;1.2;0.09999999999999999;7.533333333333332;0.8777777777777778;2.8222222222222215;5.41;4.0;8.0;1.2;0.0;6.588888888888889;0.8777777777777778;2.8222222222222224;4.788333333333333;4.0;8.0;1.1666666666666667;0.0;7.388888888888889;1.1333333333333333;3.111111111111111;4.511666666666667;4.0;9.0;1.2222222222222223;0.0;6.544444444444444;1.1444444444444446;3.0444444444444443;5.315;4.0;9.0;1.211111111111111;0.0;7.288888888888889;0.9111111111111111;2.8444444444444446;4.718333333333334;4.0;10.0;1.2222222222222223;0.0;6.533333333333334;1.1333333333333335;3.0444444444444443;4.548333333333333;4.0;10.0;1.3333333333333333;0.0;7.388888888888888;0.9333333333333332;2.9000000000000004;5.831666666666667;4.0;11.0;0.0
1.2444444444444445;0.0;7.3;0.8666666666666667;2.8222222222222215;5.488333333333333;4.0;7.0;1.2222222222222223;0.1111111111111111;6.68888888888889;0.8444444444444444;2.8333333333333335;4.558333333333334;4.0;7.0;1.2;0.09999999999999999;7.533333333333332;0.8777777777777778;2.8222222222222215;5.41;4.0;8.0;1.2;0.0;6.588888888888889;0.8777777777777778;2.8222222222222224;4.788333333333333;4.0;8.0;1.1666666666666667;0.0;7.388888888888889;1.1333333333333333;3.111111111111111;4.511666666666667;4.0;9.0;1.2222222222222223;0.0;6.544444444444444;1.1444444444444446;3.0444444444444443;5.315;4.0;9.0;1.211111111111111;0.0;7.288888888888889;0.9111111111111111;2.8444444444444446;4.718333333333334;4.0;10.0;1.2222222222222223;0.0;6.533333333333334;1.1333333333333335;3.0444444444444443;4.548333333333333;4.0;10.0;1.3333333333333333;0.0;7.388888888888888;0.9333333333333332;2.9000000000000004;5.831666666666667;4.0;11.0;1.1555555555555557;0.0;6.455555555555556;1.2555555555555555;3.1999999999999997;4.408333333333334;4.0;11.0;0.0
1.2222222222222223;0.1111111111111111;6.68888888888889;0.8444444444444444;2.8333333333333335;4.558333333333334;4.0;7.0;1.2;0.09999999999999999;7.533333333333332;0.8777777777777778;2.8222222222222215;5.41;4.0;8.0;1.2;0.0;6.588888888888889;0.8777777777777778;2.8222222222222224;4.788333333333333;4.0;8.0;1.1666666666666667;0.0;7.388888888888889;1.1333333333333333;3.111111111111111;4.511666666666667;4.0;9.0;1.2222222222222223;0.0;6.544444444444444;1.1444444444444446;3.0444444444444443;5.315;4.0;9.0;1.211111111111111;0.0;7.288888888888889;0.9111111111111111;2.8444444444444446;4.718333333333334;4.0;10.0;1.2222222222222223;0.0;6.533333333333334;1.1333333333333335;3.0444444444444443;4.548333333333333;4.0;10.0;1.3333333333333333;0.0;7.388888888888888;0.9333333333333332;2.9000000000000004;5.831666666666667;4.0;11.0;1.1555555555555557;0.0;6.455555555555556;1.2555555555555555;3.1999999999999997;4.408333333333334;4.0;11.0;1.2444444444444445;0.0;7.333333333333333;1.3333333333333333;3.566666666666667;5.915;4.0;12.0;0.0
1.2;0.09999999999999999;7.533333333333332;0.8777777777777778;2.8222222222222215;5.41;4.0;8.0;1.2;0.0;6.588888888888889;0.8777777777777778;2.8222222222222224;4.788333333333333;4.0;8.0;1.1666666666666667;0.0;7.388888888888889;1.1333333333333333;3.111111111111111;4.511666666666667;4.0;9.0;1.2222222222222223;0.0;6.544444444444444;1.1444444444444446;3.0444444444444443;5.315;4.0;9.0;1.211111111111111;0.0;7.288888888888889;0.9111111111111111;2.8444444444444446;4.718333333333334;4.0;10.0;1.2222222222222223;0.0;6.533333333333334;1.1333333333333335;3.0444444444444443;4.548333333333333;4.0;10.0;1.3333333333333333;0.0;7.388888888888888;0.9333333333333332;2.9000000000000004;5.831666666666667;4.0;11.0;1.1555555555555557;0.0;6.455555555555556;1.2555555555555555;3.1999999999999997;4.408333333333334;4.0;11.0;1.2444444444444445;0.0;7.333333333333333;1.3333333333333333;3.566666666666667;5.915;4.0;12.0;1.1333333333333333;0.0;6.655555555555555;1.1555555555555557;3.033333333333333;3.7549999999999994;4.0;12.0;0.0
1.2;0.0;6.588888888888889;0.8777777777777778;2.8222222222222224;4.788333333333333;4.0;8.0;1.1666666666666667;0.0;7.388888888888889;1.1333333333333333;3.111111111111111;4.511666666666667;4.0;9.0;1.2222222222222223;0.0;6.544444444444444;1.1444444444444446;3.0444444444444443;5.315;4.0;9.0;1.211111111111111;0.0;7.288888888888889;0.9111111111111111;2.8444444444444446;4.718333333333334;4.0;10.0;1.2222222222222223;0.0;6.533333333333334;1.1333333333333335;3.0444444444444443;4.548333333333333;4.0;10.0;1.3333333333333333;0.0;7.388888888888888;0.9333333333333332;2.9000000000000004;5.831666666666667;4.0;11.0;1.1555555555555557;0.0;6.455555555555556;1.2555555555555555;3.1999999999999997;4.408333333333334;4.0;11.0;1.2444444444444445;0.0;7.333333333333333;1.3333333333333333;3.566666666666667;5.915;4.0;12.0;1.1333333333333333;0.0;6.655555555555555;1.1555555555555557;3.033333333333333;3.7549999999999994;4.0;12.0;1.2777777777777777;0.0;7.2;0.9111111111111111;2.8222222222222224;5.235;4.0;13.0;0.0
1.1666666666666667;0.0;7.388888888888889;1.1333333333333333;3.111111111111111;4.511666666666667;4.0;9.0;1.2222222222222223;0.0;6.544444444444444;1.1444444444444446;3.0444444444444443;5.315;4.0;9.0;1.211111111111111;0.0;7.288888888888889;0.9111111111111111;2.8444444444444446;4.718333333333334;4.0;10.0;1.2222222222222223;0.0;6.533333333333334;1.1333333333333335;3.0444444444444443;4.548333333333333;4.0;10.0;1.3333333333333333;0.0;7.388888888888888;0.9333333333333332;2.9000000000000004;5.831666666666667;4.0;11.0;1.1555555555555557;0.0;6.455555555555556;1.2555555555555555;3.1999999999999997;4.408333333333334;4.0;11.0;1.2444444444444445;0.0;7.333333333333333;1.3333333333333333;3.566666666666667;5.915;4.0;12.0;1.1333333333333333;0.0;6.655555555555555;1.1555555555555557;3.033333333333333;3.7549999999999994;4.0;12.0;1.2777777777777777;0.0;7.2;0.9111111111111111;2.8222222222222224;5.235;4.0;13.0;1.2;0.0;6.599999999999999;0.9777777777777777;3.1555555555555554;4.741666666666667;4.0;13.0;0.0
1.2222222222222223;0.0;6.544444444444444;1.1444444444444446;3.0444444444444443;5.315;4.0;9.0;1.211111111111111;0.0;7.288888888888889;0.9111111111111111;2.8444444444444446;4.718333333333334;4.0;10.0;1.2222222222222223;0.0;6.533333333333334;1.1333333333333335;3.0444444444444443;4.548333333333333;4.0;10.0;1.3333333333333333;0.0;7.388888888888888;0.9333333333333332;2.9000000000000004;5.831666666666667;4.0;11.0;1.1555555555555557;0.0;6.455555555555556;1.2555555555555555;3.1999999999999997;4.408333333333334;4.0;11.0;1.2444444444444445;0.0;7.333333333333333;1.3333333333333333;3.566666666666667;5.915;4.0;12.0;1.1333333333333333;0.0;6.655555555555555;1.1555555555555557;3.033333333333333;3.7549999999999994;4.0;12.0;1.2777777777777777;0.0;7.2;0.9111111111111111;2.8222222222222224;5.235;4.0;13.0;1.2;0.0;6.599999999999999;0.9777777777777777;3.1555555555555554;4.741666666666667;4.0;13.0;1.2222222222222223;0.0;7.177777777777778;0.9555555555555556;3.1555555555555554;4.891666666666667;4.0;14.0;0.0
1.211111111111111;0.0;7.288888888888889;0.9111111111111111;2.8444444444444446;4.718333333333334;4.0;10.0;1.2222222222222223;0.0;6.533333333333334;1.1333333333333335;3.0444444444444443;4.548333333333333;4.0;10.0;1.3333333333333333;0.0;7.388888888888888;0.9333333333333332;2.9000000000000004;5.831666666666667;4.0;11.0;1.1555555555555557;0.0;6.455555555555556;1.2555555555555555;3.1999999999999997;4.408333333333334;4.0;11.0;1.2444444444444445;0.0;7.333333333333333;1.3333333333333333;3.566666666666667;5.915;4.0;12.0;1.1333333333333333;0.0;6.655555555555555;1.1555555555555557;3.033333333333333;3.7549999999999994;4.0;12.0;1.2777777777777777;0.0;7.2;0.9111111111111111;2.8222222222222224;5.235;4.0;13.0;1.2;0.0;6.599999999999999;0.9777777777777777;3.1555555555555554;4.741666666666667;4.0;13.0;1.2222222222222223;0.0;7.177777777777778;0.9555555555555556;3.1555555555555554;4.891666666666667;4.0;14.0;1.2;0.0;6.411111111111111;0.9;2.766666666666666;4.868333333333333;4.0;14.0;0.0
1.2222222222222223;0.0;6.533333333333334;1.1333333333333335;3.0444444444444443;4.548333333333333;4.0;10.0;1.3333333333333333;0.0;7.388888888888888;0.9333333333333332;2.9000000000000004;5.831666666666667;4.0;11.0;1.1555555555555557;0.0;6.455555555555556;1.2555555555555555;3.1999999999999997;4.408333333333334;4.0;11.0;1.2444444444444445;0.0;7.333333333333333;1.3333333333333333;3.566666666666667;5.915;4.0;12.0;1.1333333333333333;0.0;6.655555555555555;1.1555555555555557;3.033333333333333;3.7549999999999994;4.0;12.0;1.2777777777777777;0.0;7.2;0.9111111111111111;2.8222222222222224;5.235;4.0;13.0;1.2;0.0;6.599999999999999;0.9777777777777777;3.1555555555555554;4.741666666666667;4.0;13.0;1.2222222222222223;0.0;7.177777777777778;0.9555555555555556;3.1555555555555554;4.891666666666667;4.0;14.0;1.2;0.0;6.411111111111111;0.9;2.766666666666666;4.868333333333333;4.0;14.0;1.2;0.0;7.31111111111111;0.9444444444444443;2.788888888888889;4.431666666666667;4.0;15.0;0.0
1.3333333333333333;0.0;7.388888888888888;0.9333333333333332;2.9000000000000004;5.831666666666667;4.0;11.0;1.1555555555555557;0.0;6.455555555555556;1.2555555555555555;3.1999999999999997;4.408333333333334;4.0;11.0;1.2444444444444445;0.0;7.333333333333333;1.3333333333333333;3.566666666666667;5.915;4.0;12.0;1.1333333333333333;0.0;6.655555555555555;1.1555555555555557;3.033333333333333;3.7549999999999994;4.0;12.0;1.2777777777777777;0.0;7.2;0.9111111111111111;2.8222222222222224;5.235;4.0;13.0;1.2;0.0;6.599999999999999;0.9777777777777777;3.1555555555555554;4.741666666666667;4.0;13.0;1.2222222222222223;0.0;7.177777777777778;0.9555555555555556;3.1555555555555554;4.891666666666667;4.0;14.0;1.2;0.0;6.411111111111111;0.9;2.766666666666666;4.868333333333333;4.0;14.0;1.2;0.0;7.31111111111111;0.9444444444444443;2.788888888888889;4.431666666666667;4.0;15.0;1.211111111111111;0.0;6.777777777777778;0.9;2.777777777777778;4.340000000000001;4.0;15.0;0.0
1.1555555555555557;0.0;6.455555555555556;1.2555555555555555;3.1999999999999997;4.408333333333334;4.0;11.0;1.2444444444444445;0.0;7.333333333333333;1.3333333333333333;3.566666666666667;5.915;4.0;12.0;1.1333333333333333;0.0;6.655555555555555;1.1555555555555557;3.033333333333333;3.7549999999999994;4.0;12.0;1.2777777777777777;0.0;7.2;0.9111111111111111;2.8222222222222224;5.235;4.0;13.0;1.2;0.0;6.599999999999999;0.9777777777777777;3.1555555555555554;4.741666666666667;4.0;13.0;1.2222222222222223;0.0;7.177777777777778;0.9555555555555556;3.1555555555555554;4.891666666666667;4.0;14.0;1.2;0.0;6.411111111111111;0.9;2.766666666666666;4.868333333333333;4.0;14.0;1.2;0.0;7.31111111111111;0.9444444444444443;2.788888888888889;4.431666666666667;4.0;15.0;1.211111111111111;0.0;6.777777777777778;0.9;2.777777777777778;4.340000000000001;4.0;15.0;1.2333333333333334;0.0;7.266666666666666;0.9111111111111111;2.7999999999999994;5.823333333333333;4.0;16.0;0.0
1.2444444444444445;0.0;7.333333333333333;1.3333333333333333;3.566666666666667;5.915;4.0;12.0;1.1333333333333333;0.0;6.655555555555555;1.1555555555555557;3.033333333333333;3.7549999999999994;4.0;12.0;1.2777777777777777;0.0;7.2;0.9111111111111111;2.8222222222222224;5.235;4.0;13.0;1.2;0.0;6.599999999999999;0.9777777777777777;3.1555555555555554;4.741666666666667;4.0;13.0;1.2222222222222223;0.0;7.177777777777778;0.9555555555555556;3.1555555555555554;4.891666666666667;4.0;14.0;1.2;0.0;6.411111111111111;0.9;2.766666666666666;4.868333333333333;4.0;14.0;1.2;0.0;7.31111111111111;0.9444444444444443;2.788888888888889;4.431666666666667;4.0;15.0;1.211111111111111;0.0;6.777777777777778;0.9;2.777777777777778;4.340000000000001;4.0;15.0;1.2333333333333334;0.0;7.266666666666666;0.9111111111111111;2.7999999999999994;5.823333333333333;4.0;16.0;1.2;0.0;6.433333333333334;0.8666666666666666;2.6999999999999997;5.086666666666667;4.0;16.0;0.0
1.1333333333333333;0.0;6.655555555555555;1.1555555555555557;3.033333333333333;3.7549999999999994;4.0;12.0;1.2777777777777777;0.0;7.2;0.9111111111111111;2.8222222222222224;5.235;4.0;13.0;1.2;0.0;6.599999999999999;0.9777777777777777;3.1555555555555554;4.741666666666667;4.0;13.0;1.2222222222222223;0.0;7.177777777777778;0.9555555555555556;3.1555555555555554;4.891666666666667;4.0;14.0;1.2;0.0;6.411111111111111;0.9;2.766666666666666;4.868333333333333;4.0;14.0;1.2;0.0;7.31111111111111;0.9444444444444443;2.788888888888889;4.431666666666667;4.0;15.0;1.211111111111111;0.0;6.777777777777778;0.9;2.777777777777778;4.340000000000001;4.0;15.0;1.2333333333333334;0.0;7.266666666666666;0.9111111111111111;2.7999999999999994;5.823333333333333;4.0;16.0;1.2;0.0;6.433333333333334;0.8666666666666666;2.6999999999999997;5.086666666666667;4.0;16.0;1.2555555555555555;0.0;7.355555555555555;0.9888888888888889;2.8666666666666667;5.41;4.0;17.0;0.0
1.2777777777777777;0.0;7.2;0.9111111111111111;2.8222222222222224;5.235;4.0;13.0;1.2;0.0;6.599999999999999;0.9777777777777777;3.1555555555555554;4.741666666666667;4.0;13.0;1.2222222222222223;0.0;7.177777777777778;0.9555555555555556;3.1555555555555554;4.891666666666667;4.0;14.0;1.2;0.0;6.411111111111111;0.9;2.766666666666666;4.868333333333333;4.0;14.0;1.2;0.0;7.31111111111111;0.9444444444444443;2.788888888888889;4.431666666666667;4.0;15.0;1.211111111111111;0.0;6.777777777777778;0.9;2.777777777777778;4.340000000000001;4.0;15.0;1.2333333333333334;0.0;7.266666666666666;0.9111111111111111;2.7999999999999994;5.823333333333333;4.0;16.0;1.2;0.0;6.433333333333334;0.8666666666666666;2.6999999999999997;5.086666666666667;4.0;16.0;1.2555555555555555;0.0;7.355555555555555;0.9888888888888889;2.8666666666666667;5.41;4.0;17.0;1.1666666666666667;0.0;6.633333333333334;0.9333333333333335;2.766666666666666;5.2716666666666665;4.0;17.0;0.0
1.2;0.0;6.599999999999999;0.9777777777777777;3.1555555555555554;4.741666666666667;4.0;13.0;1.2222222222222223;0.0;7.177777777777778;0.9555555555555556;3.1555555555555554;4.891666666666667;4.0;14.0;1.2;0.0;6.411111111111111;0.9;2.766666666666666;4.868333333333333;4.0;14.0;1.2;0.0;7.31111111111111;0.9444444444444443;2.788888888888889;4.431666666666667;4.0;15.0;1.211111111111111;0.0;6.777777777777778;0.9;2.777777777777778;4.340000000000001;4.0;15.0;1.2333333333333334;0.0;7.266666666666666;0.9111111111111111;2.7999999999999994;5.823333333333333;4.0;16.0;1.2;0.0;6.433333333333334;0.8666666666666666;2.6999999999999997;5.086666666666667;4.0;16.0;1.2555555555555555;0.0;7.355555555555555;0.9888888888888889;2.8666666666666667;5.41;4.0;17.0;1.1666666666666667;0.0;6.633333333333334;0.9333333333333335;2.766666666666666;5.2716666666666665;4.0;17.0;1.2666666666666666;0.0;7.266666666666667;0.9333333333333336;2.8222222222222224;4.871666666666666;4.0;18.0;0.0
1.2222222222222223;0.0;7.177777777777778;0.9555555555555556;3.1555555555555554;4.891666666666667;4.0;14.0;1.2;0.0;6.411111111111111;0.9;2.766666666666666;4.868333333333333;4.0;14.0;1.2;0.0;7.31111111111111;0.9444444444444443;2.788888888888889;4.431666666666667;4.0;15.0;1.211111111111111;0.0;6.777777777777778;0.9;2.777777777777778;4.340000000000001;4.0;15.0;1.2333333333333334;0.0;7.266666666666666;0.9111111111111111;2.7999999999999994;5.823333333333333;4.0;16.0;1.2;0.0;6.433333333333334;0.8666666666666666;2.6999999999999997;5.086666666666667;4.0;16.0;1.2555555555555555;0.0;7.355555555555555;0.9888888888888889;2.8666666666666667;5.41;4.0;17.0;1.1666666666666667;0.0;6.633333333333334;0.9333333333333335;2.766666666666666;5.2716666666666665;4.0;17.0;1.2666666666666666;0.0;7.266666666666667;0.9333333333333336;2.8222222222222224;4.871666666666666;4.0;18.0;1.2111111111111112;0.0;6.722222222222221;0.9;2.755555555555556;4.2716666666666665;4.0;18.0;0.0
1.2;0.0;6.411111111111111;0.9;2.766666666666666;4.868333333333333;4.0;14.0;1.2;0.0;7.31111111111111;0.9444444444444443;2.788888888888889;4.431666666666667;4.0;15.0;1.211111111111111;0.0;6.777777777777778;0.9;2.777777777777778;4.340000000000001;4.0;15.0;1.2333333333333334;0.0;7.266666666666666;0.9111111111111111;2.7999999999999994;5.823333333333333;4.0;16.0;1.2;0.0;6.433333333333334;0.8666666666666666;2.6999999999999997;5.086666666666667;4.0;16.0;1.2555555555555555;0.0;7.355555555555555;0.9888888888888889;2.8666666666666667;5.41;4.0;17.0;1.1666666666666667;0.0;6.633333333333334;0.9333333333333335;2.766666666666666;5.2716666666666665;4.0;17.0;1.2666666666666666;0.0;7.266666666666667;0.9333333333333336;2.8222222222222224;4.871666666666666;4.0;18.0;1.2111111111111112;0.0;6.722222222222221;0.9;2.755555555555556;4.2716666666666665;4.0;18.0;1.9222222222222223;0.0;9.21111111111111;73.17777777777778;77.25555555555556;4.673333333333334;4.0;19.0;0.0
1.2;0.0;7.31111111111111;0.9444444444444443;2.788888888888889;4.431666666666667;4.0;15.0;1.211111111111111;0.0;6.777777777777778;0.9;2.777777777777778;4.340000000000001;4.0;15.0;1.2333333333333334;0.0;7.266666666666666;0.9111111111111111;2.7999999999999994;5.823333333333333;4.0;16.0;1.2;0.0;6.433333333333334;0.8666666666666666;2.6999999999999997;5.086666666666667;4.0;16.0;1.2555555555555555;0.0;7.355555555555555;0.9888888888888889;2.8666666666666667;5.41;4.0;17.0;1.1666666666666667;0.0;6.633333333333334;0.9333333333333335;2.766666666666666;5.2716666666666665;4.0;17.0;1.2666666666666666;0.0;7.266666666666667;0.9333333333333336;2.8222222222222224;4.871666666666666;4.0;18.0;1.2111111111111112;0.0;6.722222222222221;0.9;2.755555555555556;4.2716666666666665;4.0;18.0;1.9222222222222223;0.0;9.21111111111111;73.17777777777778;77.25555555555556;4.673333333333334;4.0;19.0;1.611111111111111;0.0;6.777777777777778;3.1444444444444444;5.044444444444445;3.8816666666666673;4.0;19.0;0.0
1.211111111111111;0.0;6.777777777777778;0.9;2.777777777777778;4.340000000000001;4.0;15.0;1.2333333333333334;0.0;7.266666666666666;0.9111111111111111;2.7999999999999994;5.823333333333333;4.0;16.0;1.2;0.0;6.433333333333334;0.8666666666666666;2.6999999999999997;5.086666666666667;4.0;16.0;1.2555555555555555;0.0;7.355555555555555;0.9888888888888889;2.8666666666666667;5.41;4.0;17.0;1.1666666666666667;0.0;6.633333333333334;0.9333333333333335;2.766666666666666;5.2716666666666665;4.0;17.0;1.2666666666666666;0.0;7.266666666666667;0.9333333333333336;2.8222222222222224;4.871666666666666;4.0;18.0;1.2111111111111112;0.0;6.722222222222221;0.9;2.755555555555556;4.2716666666666665;4.0;18.0;1.9222222222222223;0.0;9.21111111111111;73.17777777777778;77.25555555555556;4.673333333333334;4.0;19.0;1.611111111111111;0.0;6.777777777777778;3.1444444444444444;5.044444444444445;3.8816666666666673;4.0;19.0;2.2333333333333334;0.0;8.233333333333334;0.9222222222222224;2.8333333333333335;5.73;4.0;20.0;0.0
1.2333333333333334;0.0;7.266666666666666;0.9111111111111111;2.7999999999999994;5.823333333333333;4.0;16.0;1.2;0.0;6.433333333333334;0.8666666666666666;2.6999999999999997;5.086666666666667;4.0;16.0;1.2555555555555555;0.0;7.355555555555555;0.9888888888888889;2.8666666666666667;5.41;4.0;17.0;1.1666666666666667;0.0;6.633333333333334;0.9333333333333335;2.766666666666666;5.2716666666666665;4.0;17.0;1.2666666666666666;0.0;7.266666666666667;0.9333333333333336;2.8222222222222224;4.871666666666666;4.0;18.0;1.2111111111111112;0.0;6.722222222222221;0.9;2.755555555555556;4.2716666666666665;4.0;18.0;1.9222222222222223;0.0;9.21111111111111;73.17777777777778;77.25555555555556;4.673333333333334;4.0;19.0;1.611111111111111;0.0;6.777777777777778;3.1444444444444444;5.044444444444445;3.8816666666666673;4.0;19.0;2.2333333333333334;0.0;8.233333333333334;0.9222222222222224;2.8333333333333335;5.73;4.0;20.0;2.2;0.0;7.477777777777777;0.8777777777777778;2.788888888888889;5.88;4.0;20.0;0.0
1.2;0.0;6.433333333333334;0.8666666666666666;2.6999999999999997;5.086666666666667;4.0;16.0;1.2555555555555555;0.0;7.355555555555555;0.9888888888888889;2.8666666666666667;5.41;4.0;17.0;1.1666666666666667;0.0;6.633333333333334;0.9333333333333335;2.766666666666666;5.2716666666666665;4.0;17.0;1.2666666666666666;0.0;7.266666666666667;0.9333333333333336;2.8222222222222224;4.871666666666666;4.0;18.0;1.2111111111111112;0.0;6.722222222222221;0.9;2.755555555555556;4.2716666666666665;4.0;18.0;1.9222222222222223;0.0;9.21111111111111;73.17777777777778;77.25555555555556;4.673333333333334;4.0;19.0;1.611111111111111;0.0;6.777777777777778;3.1444444444444444;5.044444444444445;3.8816666666666673;4.0;19.0;2.2333333333333334;0.0;8.233333333333334;0.9222222222222224;2.8333333333333335;5.73;4.0;20.0;2.2;0.0;7.477777777777777;0.8777777777777778;2.788888888888889;5.88;4.0;20.0;2.2222222222222223;0.0;8.277777777777777;0.9333333333333332;2.8444444444444446;4.763333333333334;4.0;21.0;0.0
1.2555555555555555;0.0;7.355555555555555;0.9888888888888889;2.8666666666666667;5.41;4.0;17.0;1.1666666666666667;0.0;6.633333333333334;0.9333333333333335;2.766666666666666;5.2716666666666665;4.0;17.0;1.2666666666666666;0.0;7.266666666666667;0.9333333333333336;2.8222222222222224;4.871666666666666;4.0;18.0;1.2111111111111112;0.0;6.722222222222221;0.9;2.755555555555556;4.2716666666666665;4.0;18.0;1.9222222222222223;0.0;9.21111111111111;73.17777777777778;77.25555555555556;4.673333333333334;4.0;19.0;1.611111111111111;0.0;6.777777777777778;3.1444444444444444;5.044444444444445;3.8816666666666673;4.0;19.0;2.2333333333333334;0.0;8.233333333333334;0.9222222222222224;2.8333333333333335;5.73;4.0;20.0;2.2;0.0;7.477777777777777;0.8777777777777778;2.788888888888889;5.88;4.0;20.0;2.2222222222222223;0.0;8.277777777777777;0.9333333333333332;2.8444444444444446;4.763333333333334;4.0;21.0;2.2333333333333334;0.0;7.400000000000001;0.9444444444444443;2.8444444444444446;5.408333333333334;4.0;21.0;0.0
1.1666666666666667;0.0;6.633333333333334;0.9333333333333335;2.766666666666666;5.2716666666666665;4.0;17.0;1.2666666666666666;0.0;7.266666666666667;0.9333333333333336;2.8222222222222224;4.871666666666666;4.0;18.0;1.2111111111111112;0.0;6.722222222222221;0.9;2.755555555555556;4.2716666666666665;4.0;18.0;1.9222222222222223;0.0;9.21111111111111;73.17777777777778;77.25555555555556;4.673333333333334;4.0;19.0;1.611111111111111;0.0;6.777777777777778;3.1444444444444444;5.044444444444445;3.8816666666666673;4.0;19.0;2.2333333333333334;0.0;8.233333333333334;0.9222222222222224;2.8333333333333335;5.73;4.0;20.0;2.2;0.0;7.477777777777777;0.8777777777777778;2.788888888888889;5.88;4.0;20.0;2.2222222222222223;0.0;8.277777777777777;0.9333333333333332;2.8444444444444446;4.763333333333334;4.0;21.0;2.2333333333333334;0.0;7.400000000000001;0.9444444444444443;2.8444444444444446;5.408333333333334;4.0;21.0;2.2444444444444445;0.0;8.833333333333334;0.9555555555555557;2.8444444444444446;5.373333333333334;4.0;22.0;0.0
1.2666666666666666;0.0;7.266666666666667;0.9333333333333336;2.8222222222222224;4.871666666666666;4.0;18.0;1.2111111111111112;0.0;6.722222222222221;0.9;2.755555555555556;4.2716666666666665;4.0;18.0;1.9222222222222223;0.0;9.21111111111111;73.17777777777778;77.25555555555556;4.673333333333334;4.0;19.0;1.611111111111111;0.0;6.777777777777778;3.1444444444444444;5.044444444444445;3.8816666666666673;4.0;19.0;2.2333333333333334;0.0;8.233333333333334;0.9222222222222224;2.8333333333333335;5.73;4.0;20.0;2.2;0.0;7.477777777777777;0.8777777777777778;2.788888888888889;5.88;4.0;20.0;2.2222222222222223;0.0;8.277777777777777;0.9333333333333332;2.8444444444444446;4.763333333333334;4.0;21.0;2.2333333333333334;0.0;7.400000000000001;0.9444444444444443;2.8444444444444446;5.408333333333334;4.0;21.0;2.2444444444444445;0.0;8.833333333333334;0.9555555555555557;2.8444444444444446;5.373333333333334;4.0;22.0;2.1777777777777776;0.0;7.577777777777778;0.9444444444444445;2.8333333333333335;3.9616666666666664;4.0;22.0;0.0
1.2111111111111112;0.0;6.722222222222221;0.9;2.755555555555556;4.2716666666666665;4.0;18.0;1.9222222222222223;0.0;9.21111111111111;73.17777777777778;77.25555555555556;4.673333333333334;4.0;19.0;1.611111111111111;0.0;6.777777777777778;3.1444444444444444;5.044444444444445;3.8816666666666673;4.0;19.0;2.2333333333333334;0.0;8.233333333333334;0.9222222222222224;2.8333333333333335;5.73;4.0;20.0;2.2;0.0;7.477777777777777;0.8777777777777778;2.788888888888889;5.88;4.0;20.0;2.2222222222222223;0.0;8.277777777777777;0.9333333333333332;2.8444444444444446;4.763333333333334;4.0;21.0;2.2333333333333334;0.0;7.400000000000001;0.9444444444444443;2.8444444444444446;5.408333333333334;4.0;21.0;2.2444444444444445;0.0;8.833333333333334;0.9555555555555557;2.8444444444444446;5.373333333333334;4.0;22.0;2.1777777777777776;0.0;7.577777777777778;0.9444444444444445;2.8333333333333335;3.9616666666666664;4.0;22.0;2.2111111111111112;0.0;8.422222222222222;0.9;2.755555555555555;6.155;4.0;23.0;0.0
1.9222222222222223;0.0;9.21111111111111;73.17777777777778;77.25555555555556;4.673333333333334;4.0;19.0;1.611111111111111;0.0;6.777777777777778;3.1444444444444444;5.044444444444445;3.8816666666666673;4.0;19.0;2.2333333333333334;0.0;8.233333333333334;0.9222222222222224;2.8333333333333335;5.73;4.0;20.0;2.2;0.0;7.477777777777777;0.8777777777777778;2.788888888888889;5.88;4.0;20.0;2.2222222222222223;0.0;8.277777777777777;0.9333333333333332;2.8444444444444446;4.763333333333334;4.0;21.0;2.2333333333333334;0.0;7.400000000000001;0.9444444444444443;2.8444444444444446;5.408333333333334;4.0;21.0;2.2444444444444445;0.0;8.833333333333334;0.9555555555555557;2.8444444444444446;5.373333333333334;4.0;22.0;2.1777777777777776;0.0;7.577777777777778;0.9444444444444445;2.8333333333333335;3.9616666666666664;4.0;22.0;2.2111111111111112;0.0;8.422222222222222;0.9;2.755555555555555;6.155;4.0;23.0;2.2333333333333334;0.0;7.611111111111111;0.8777777777777778;2.744444444444444;4.823333333333333;4.0;23.0;0.0
1.611111111111111;0.0;6.777777777777778;3.1444444444444444;5.044444444444445;3.8816666666666673;4.0;19.0;2.2333333333333334;0.0;8.233333333333334;0.9222222222222224;2.8333333333333335;5.73;4.0;20.0;2.2;0.0;7.477777777777777;0.8777777777777778;2.788888888888889;5.88;4.0;20.0;2.2222222222222223;0.0;8.277777777777777;0.9333333333333332;2.8444444444444446;4.763333333333334;4.0;21.0;2.2333333333333334;0.0;7.400000000000001;0.9444444444444443;2.8444444444444446;5.408333333333334;4.0;21.0;2.2444444444444445;0.0;8.833333333333334;0.9555555555555557;2.8444444444444446;5.373333333333334;4.0;22.0;2.1777777777777776;0.0;7.577777777777778;0.9444444444444445;2.8333333333333335;3.9616666666666664;4.0;22.0;2.2111111111111112;0.0;8.422222222222222;0.9;2.755555555555555;6.155;4.0;23.0;2.2333333333333334;0.0;7.611111111111111;0.8777777777777778;2.744444444444444;4.823333333333333;4.0;23.0;2.2222222222222223;0.0;7.89047619047619;0.9111111111111111;2.755555555555555;4.743333333333333;5.0;0.0;0.0
2.2333333333333334;0.0;8.233333333333334;0.9222222222222224;2.8333333333333335;5.73;4.0;20.0;2.2;0.0;7.477777777777777;0.8777777777777778;2.788888888888889;5.88;4.0;20.0;2.2222222222222223;0.0;8.277777777777777;0.9333333333333332;2.8444444444444446;4.763333333333334;4.0;21.0;2.2333333333333334;0.0;7.400000000000001;0.9444444444444443;2.8444444444444446;5.408333333333334;4.0;21.0;2.2444444444444445;0.0;8.833333333333334;0.9555555555555557;2.8444444444444446;5.373333333333334;4.0;22.0;2.1777777777777776;0.0;7.577777777777778;0.9444444444444445;2.8333333333333335;3.9616666666666664;4.0;22.0;2.2111111111111112;0.0;8.422222222222222;0.9;2.755555555555555;6.155;4.0;23.0;2.2333333333333334;0.0;7.611111111111111;0.8777777777777778;2.744444444444444;4.823333333333333;4.0;23.0;2.2222222222222223;0.0;7.89047619047619;0.9111111111111111;2.755555555555555;4.743333333333333;5.0;0.0;8.577777777777778;0.0;30.099999999999998;1085.0333333333335;1118.5777777777778;4.745;5.0;0.0;1.0
2.2;0.0;7.477777777777777;0.8777777777777778;2.788888888888889;5.88;4.0;20.0;2.2222222222222223;0.0;8.277777777777777;0.9333333333333332;2.8444444444444446;4.763333333333334;4.0;21.0;2.2333333333333334;0.0;7.400000000000001;0.9444444444444443;2.8444444444444446;5.408333333333334;4.0;21.0;2.2444444444444445;0.0;8.833333333333334;0.9555555555555557;2.8444444444444446;5.373333333333334;4.0;22.0;2.1777777777777776;0.0;7.577777777777778;0.9444444444444445;2.8333333333333335;3.9616666666666664;4.0;22.0;2.2111111111111112;0.0;8.422222222222222;0.9;2.755555555555555;6.155;4.0;23.0;2.2333333333333334;0.0;7.611111111111111;0.8777777777777778;2.744444444444444;4.823333333333333;4.0;23.0;2.2222222222222223;0.0;7.89047619047619;0.9111111111111111;2.755555555555555;4.743333333333333;5.0;0.0;8.577777777777778;0.0;30.099999999999998;1085.0333333333335;1118.5777777777778;4.745;5.0;0.0;12.533333333333333;0.0;43.93333333333333;1688.3888888888887;1741.9666666666665;4.846666666666667;5.0;1.0;1.0
2.2222222222222223;0.0;8.277777777777777;0.9333333333333332;2.8444444444444446;4.763333333333334;4.0;21.0;2.2333333333333334;0.0;7.400000000000001;0.9444444444444443;2.8444444444444446;5.408333333333334;4.0;21.0;2.2444444444444445;0.0;8.833333333333334;0.9555555555555557;2.8444444444444446;5.373333333333334;4.0;22.0;2.1777777777777776;0.0;7.577777777777778;0.9444444444444445;2.8333333333333335;3.9616666666666664;4.0;22.0;2.2111111111111112;0.0;8.422222222222222;0.9;2.755555555555555;6.155;4.0;23.0;2.2333333333333334;0.0;7.611111111111111;0.8777777777777778;2.744444444444444;4.823333333333333;4.0;23.0;2.2222222222222223;0.0;7.89047619047619;0.9111111111111111;2.755555555555555;4.743333333333333;5.0;0.0;8.577777777777778;0.0;30.099999999999998;1085.0333333333335;1118.5777777777778;4.745;5.0;0.0;12.533333333333333;0.0;43.93333333333333;1688.3888888888887;1741.9666666666665;4.846666666666667;5.0;1.0;12.388888888888888;0.0;42.833333333333336;1672.5666666666666;1725.7666666666667;4.25;5.0;1.0;1.0
2.2333333333333334;0.0;7.400000000000001;0.9444444444444443;2.8444444444444446;5.408333333333334;4.0;21.0;2.2444444444444445;0.0;8.833333333333334;0.9555555555555557;2.8444444444444446;5.373333333333334;4.0;22.0;2.1777777777777776;0.0;7.577777777777778;0.9444444444444445;2.8333333333333335;3.9616666666666664;4.0;22.0;2.2111111111111112;0.0;8.422222222222222;0.9;2.755555555555555;6.155;4.0;23.0;2.2333333333333334;0.0;7.611111111111111;0.8777777777777778;2.744444444444444;4.823333333333333;4.0;23.0;2.2222222222222223;0.0;7.89047619047619;0.9111111111111111;2.755555555555555;4.743333333333333;5.0;0.0;8.577777777777778;0.0;30.099999999999998;1085.0333333333335;1118.5777777777778;4.745;5.0;0.0;12.533333333333333;0.0;43.93333333333333;1688.3888888888887;1741.9666666666665;4.846666666666667;5.0;1.0;12.388888888888888;0.0;42.833333333333336;1672.5666666666666;1725.7666666666667;4.25;5.0;1.0;12.655555555555557;0.0;43.74444444444444;1691.4555555555555;1743.3;4.881666666666667;5.0;2.0;1.0
2.2444444444444445;0.0;8.833333333333334;0.9555555555555557;2.8444444444444446;5.373333333333334;4.0;22.0;2.1777777777777776;0.0;7.577777777777778;0.9444444444444445;2.8333333333333335;3.9616666666666664;4.0;22.0;2.2111111111111112;0.0;8.422222222222222;0.9;2.755555555555555;6.155;4.0;23.0;2.2333333333333334;0.0;7.611111111111111;0.8777777777777778;2.744444444444444;4.823333333333333;4.0;23.0;2.2222222222222223;0.0;7.89047619047619;0.9111111111111111;2.755555555555555;4.743333333333333;5.0;0.0;8.577777777777778;0.0;30.099999999999998;1085.0333333333335;1118.5777777777778;4.745;5.0;0.0;12.533333333333333;0.0;43.93333333333333;1688.3888888888887;1741.9666666666665;4.846666666666667;5.0;1.0;12.388888888888888;0.0;42.833333333333336;1672.5666666666666;1725.7666666666667;4.25;5.0;1.0;12.655555555555557;0.0;43.74444444444444;1691.4555555555555;1743.3;4.881666666666667;5.0;2.0;12.355555555555554;0.0;43.25555555555556;1688.3222222222223;1740.788888888889;4.696666666666666;5.0;2.0;1.0
2.1777777777777776;0.0;7.577777777777778;0.9444444444444445;2.8333333333333335;3.9616666666666664;4.0;22.0;2.2111111111111112;0.0;8.422222222222222;0.9;2.755555555555555;6.155;4.0;23.0;2.2333333333333334;0.0;7.611111111111111;0.8777777777777778;2.744444444444444;4.823333333333333;4.0;23.0;2.2222222222222223;0.0;7.89047619047619;0.9111111111111111;2.755555555555555;4.743333333333333;5.0;0.0;8.577777777777778;0.0;30.099999999999998;1085.0333333333335;1118.5777777777778;4.745;5.0;0.0;12.533333333333333;0.0;43.93333333333333;1688.3888888888887;1741.9666666666665;4.846666666666667;5.0;1.0;12.388888888888888;0.0;42.833333333333336;1672.5666666666666;1725.7666666666667;4.25;5.0;1.0;12.655555555555557;0.0;43.74444444444444;1691.4555555555555;1743.3;4.881666666666667;5.0;2.0;12.355555555555554;0.0;43.25555555555556;1688.3222222222223;1740.788888888889;4.696666666666666;5.0;2.0;13.444444444444445;9.422222222222222;137.32222222222222;1688.3777777777777;1736.8777777777777;10.99;5.0;3.0;1.0
2.2111111111111112;0.0;8.422222222222222;0.9;2.755555555555555;6.155;4.0;23.0;2.2333333333333334;0.0;7.611111111111111;0.8777777777777778;2.744444444444444;4.823333333333333;4.0;23.0;2.2222222222222223;0.0;7.89047619047619;0.9111111111111111;2.755555555555555;4.743333333333333;5.0;0.0;8.577777777777778;0.0;30.099999999999998;1085.0333333333335;1118.5777777777778;4.745;5.0;0.0;12.533333333333333;0.0;43.93333333333333;1688.3888888888887;1741.9666666666665;4.846666666666667;5.0;1.0;12.388888888888888;0.0;42.833333333333336;1672.5666666666666;1725.7666666666667;4.25;5.0;1.0;12.655555555555557;0.0;43.74444444444444;1691.4555555555555;1743.3;4.881666666666667;5.0;2.0;12.355555555555554;0.0;43.25555555555556;1688.3222222222223;1740.788888888889;4.696666666666666;5.0;2.0;13.444444444444445;9.422222222222222;137.32222222222222;1688.3777777777777;1736.8777777777777;10.99;5.0;3.0;12.233333333333334;0.0;42.84444444444444;1689.9555555555555;1742.2;4.858333333333333;5.0;3.0;1.0
2.2333333333333334;0.0;7.611111111111111;0.8777777777777778;2.744444444444444;4.823333333333333;4.0;23.0;2.2222222222222223;0.0;7.89047619047619;0.9111111111111111;2.755555555555555;4.743333333333333;5.0;0.0;8.577777777777778;0.0;30.099999999999998;1085.0333333333335;1118.5777777777778;4.745;5.0;0.0;12.533333333333333;0.0;43.93333333333333;1688.3888888888887;1741.9666666666665;4.846666666666667;5.0;1.0;12.388888888888888;0.0;42.833333333333336;1672.5666666666666;1725.7666666666667;4.25;5.0;1.0;12.655555555555557;0.0;43.74444444444444;1691.4555555555555;1743.3;4.881666666666667;5.0;2.0;12.355555555555554;0.0;43.25555555555556;1688.3222222222223;1740.788888888889;4.696666666666666;5.0;2.0;13.444444444444445;9.422222222222222;137.32222222222222;1688.3777777777777;1736.8777777777777;10.99;5.0;3.0;12.233333333333334;0.0;42.84444444444444;1689.9555555555555;1742.2;4.858333333333333;5.0;3.0;12.388888888888888;0.0;43.73333333333333;1675.6000000000001;1728.2777777777776;4.776666666666666;5.0;4.0;0.0
2.2222222222222223;0.0;7.89047619047619;0.9111111111111111;2.755555555555555;4.743333333333333;5.0;0.0;8.577777777777778;0.0;30.099999999999998;1085.0333333333335;1118.5777777777778;4.745;5.0;0.0;12.533333333333333;0.0;43.93333333333333;1688.3888888888887;1741.9666666666665;4.846666666666667;5.0;1.0;12.388888888888888;0.0;42.833333333333336;1672.5666666666666;1725.7666666666667;4.25;5.0;1.0;12.655555555555557;0.0;43.74444444444444;1691.4555555555555;1743.3;4.881666666666667;5.0;2.0;12.355555555555554;0.0;43.25555555555556;1688.3222222222223;1740.788888888889;4.696666666666666;5.0;2.0;13.444444444444445;9.422222222222222;137.32222222222222;1688.3777777777777;1736.8777777777777;10.99;5.0;3.0;12.233333333333334;0.0;42.84444444444444;1689.9555555555555;1742.2;4.858333333333333;5.0;3.0;12.388888888888888;0.0;43.73333333333333;1675.6000000000001;1728.2777777777776;4.776666666666666;5.0;4.0;4.611111111111111;0.0;18.099999999999998;494.6666666666667;515.1;5.155;5.0;4.0;0.0
8.577777777777778;0.0;30.099999999999998;1085.0333333333335;1118.5777777777778;4.745;5.0;0.0;12.533333333333333;0.0;43.93333333333333;1688.3888888888887;1741.9666666666665;4.846666666666667;5.0;1.0;12.388888888888888;0.0;42.833333333333336;1672.5666666666666;1725.7666666666667;4.25;5.0;1.0;12.655555555555557;0.0;43.74444444444444;1691.4555555555555;1743.3;4.881666666666667;5.0;2.0;12.355555555555554;0.0;43.25555555555556;1688.3222222222223;1740.788888888889;4.696666666666666;5.0;2.0;13.444444444444445;9.422222222222222;137.32222222222222;1688.3777777777777;1736.8777777777777;10.99;5.0;3.0;12.233333333333334;0.0;42.84444444444444;1689.9555555555555;1742.2;4.858333333333333;5.0;3.0;12.388888888888888;0.0;43.73333333333333;1675.6000000000001;1728.2777777777776;4.776666666666666;5.0;4.0;4.611111111111111;0.0;18.099999999999998;494.6666666666667;515.1;5.155;5.0;4.0;1.222222222222222;0.0;7.533333333333332;0.9444444444444445;2.9333333333333336;5.615000000000001;5.0;5.0;0.0
12.533333333333333;0.0;43.93333333333333;1688.3888888888887;1741.9666666666665;4.846666666666667;5.0;1.0;12.388888888888888;0.0;42.833333333333336;1672.5666666666666;1725.7666666666667;4.25;5.0;1.0;12.655555555555557;0.0;43.74444444444444;1691.4555555555555;1743.3;4.881666666666667;5.0;2.0;12.355555555555554;0.0;43.25555555555556;1688.3222222222223;1740.788888888889;4.696666666666666;5.0;2.0;13.444444444444445;9.422222222222222;137.32222222222222;1688.3777777777777;1736.8777777777777;10.99;5.0;3.0;12.233333333333334;0.0;42.84444444444444;1689.9555555555555;1742.2;4.858333333333333;5.0;3.0;12.388888888888888;0.0;43.73333333333333;1675.6000000000001;1728.2777777777776;4.776666666666666;5.0;4.0;4.611111111111111;0.0;18.099999999999998;494.6666666666667;515.1;5.155;5.0;4.0;1.222222222222222;0.0;7.533333333333332;0.9444444444444445;2.9333333333333336;5.615000000000001;5.0;5.0;1.2222222222222223;0.0;6.933333333333334;0.9777777777777777;2.9222222222222225;5.295;5.0;5.0;0.0
12.388888888888888;0.0;42.833333333333336;1672.5666666666666;1725.7666666666667;4.25;5.0;1.0;12.655555555555557;0.0;43.74444444444444;1691.4555555555555;1743.3;4.881666666666667;5.0;2.0;12.355555555555554;0.0;43.25555555555556;1688.3222222222223;1740.788888888889;4.696666666666666;5.0;2.0;13.444444444444445;9.422222222222222;137.32222222222222;1688.3777777777777;1736.8777777777777;10.99;5.0;3.0;12.233333333333334;0.0;42.84444444444444;1689.9555555555555;1742.2;4.858333333333333;5.0;3.0;12.388888888888888;0.0;43.73333333333333;1675.6000000000001;1728.2777777777776;4.776666666666666;5.0;4.0;4.611111111111111;0.0;18.099999999999998;494.6666666666667;515.1;5.155;5.0;4.0;1.222222222222222;0.0;7.533333333333332;0.9444444444444445;2.9333333333333336;5.615000000000001;5.0;5.0;1.2222222222222223;0.0;6.933333333333334;0.9777777777777777;2.9222222222222225;5.295;5.0;5.0;1.277777777777778;0.0;7.4444444444444455;0.9777777777777779;2.9333333333333336;5.845;5.0;6.0;0.0
12.655555555555557;0.0;43.74444444444444;1691.4555555555555;1743.3;4.881666666666667;5.0;2.0;12.355555555555554;0.0;43.25555555555556;1688.3222222222223;1740.788888888889;4.696666666666666;5.0;2.0;13.444444444444445;9.422222222222222;137.32222222222222;1688.3777777777777;1736.8777777777777;10.99;5.0;3.0;12.233333333333334;0.0;42.84444444444444;1689.9555555555555;1742.2;4.858333333333333;5.0;3.0;12.388888888888888;0.0;43.73333333333333;1675.6000000000001;1728.2777777777776;4.776666666666666;5.0;4.0;4.611111111111111;0.0;18.099999999999998;494.6666666666667;515.1;5.155;5.0;4.0;1.222222222222222;0.0;7.533333333333332;0.9444444444444445;2.9333333333333336;5.615000000000001;5.0;5.0;1.2222222222222223;0.0;6.933333333333334;0.9777777777777777;2.9222222222222225;5.295;5.0;5.0;1.277777777777778;0.0;7.4444444444444455;0.9777777777777779;2.9333333333333336;5.845;5.0;6.0;1.222222222222222;0.0;6.733333333333333;0.9777777777777779;2.9222222222222225;5.431666666666666;5.0;6.0;0.0
12.355555555555554;0.0;43.25555555555556;1688.3222222222223;1740.788888888889;4.696666666666666;5.0;2.0;13.444444444444445;9.422222222222222;137.32222222222222;1688.3777777777777;1736.8777777777777;10.99;5.0;3.0;12.233333333333334;0.0;42.84444444444444;1689.9555555555555;1742.2;4.858333333333333;5.0;3.0;12.388888888888888;0.0;43.73333333333333;1675.6000000000001;1728.2777777777776;4.776666666666666;5.0;4.0;4.611111111111111;0.0;18.099999999999998;494.6666666666667;515.1;5.155;5.0;4.0;1.222222222222222;0.0;7.533333333333332;0.9444444444444445;2.9333333333333336;5.615000000000001;5.0;5.0;1.2222222222222223;0.0;6.933333333333334;0.9777777777777777;2.9222222222222225;5.295;5.0;5.0;1.277777777777778;0.0;7.4444444444444455;0.9777777777777779;2.9333333333333336;5.845;5.0;6.0;1.222222222222222;0.0;6.733333333333333;0.9777777777777779;2.9222222222222225;5.431666666666666;5.0;6.0;1.2555555555555555;0.0;7.622222222222223;0.9222222222222222;2.9444444444444446;5.881666666666667;5.0;7.0;0.0
13.444444444444445;9.422222222222222;137.32222222222222;1688.3777777777777;1736.8777777777777;10.99;5.0;3.0;12.233333333333334;0.0;42.84444444444444;1689.9555555555555;1742.2;4.858333333333333;5.0;3.0;12.388888888888888;0.0;43.73333333333333;1675.6000000000001;1728.2777777777776;4.776666666666666;5.0;4.0;4.611111111111111;0.0;18.099999999999998;494.6666666666667;515.1;5.155;5.0;4.0;1.222222222222222;0.0;7.533333333333332;0.9444444444444445;2.9333333333333336;5.615000000000001;5.0;5.0;1.2222222222222223;0.0;6.933333333333334;0.9777777777777777;2.9222222222222225;5.295;5.0;5.0;1.277777777777778;0.0;7.4444444444444455;0.9777777777777779;2.9333333333333336;5.845;5.0;6.0;1.222222222222222;0.0;6.733333333333333;0.9777777777777779;2.9222222222222225;5.431666666666666;5.0;6.0;1.2555555555555555;0.0;7.622222222222223;0.9222222222222222;2.9444444444444446;5.881666666666667;5.0;7.0;1.2333333333333334;0.0;6.6000000000000005;0.8888888888888888;2.9222222222222225;5.133333333333334;5.0;7.0;0.0
12.233333333333334;0.0;42.84444444444444;1689.9555555555555;1742.2;4.858333333333333;5.0;3.0;12.388888888888888;0.0;43.73333333333333;1675.6000000000001;1728.2777777777776;4.776666666666666;5.0;4.0;4.611111111111111;0.0;18.099999999999998;494.6666666666667;515.1;5.155;5.0;4.0;1.222222222222222;0.0;7.533333333333332;0.9444444444444445;2.9333333333333336;5.615000000000001;5.0;5.0;1.2222222222222223;0.0;6.933333333333334;0.9777777777777777;2.9222222222222225;5.295;5.0;5.0;1.277777777777778;0.0;7.4444444444444455;0.9777777777777779;2.9333333333333336;5.845;5.0;6.0;1.222222222222222;0.0;6.733333333333333;0.9777777777777779;2.9222222222222225;5.431666666666666;5.0;6.0;1.2555555555555555;0.0;7.622222222222223;0.9222222222222222;2.9444444444444446;5.881666666666667;5.0;7.0;1.2333333333333334;0.0;6.6000000000000005;0.8888888888888888;2.9222222222222225;5.133333333333334;5.0;7.0;1.2555555555555555;0.0;7.633333333333333;0.9444444444444445;2.9000000000000004;6.533333333333334;5.0;8.0;0.0
12.388888888888888;0.0;43.73333333333333;1675.6000000000001;1728.2777777777776;4.776666666666666;5.0;4.0;4.611111111111111;0.0;18.099999999999998;494.6666666666667;515.1;5.155;5.0;4.0;1.222222222222222;0.0;7.533333333333332;0.9444444444444445;2.9333333333333336;5.615000000000001;5.0;5.0;1.2222222222222223;0.0;6.933333333333334;0.9777777777777777;2.9222222222222225;5.295;5.0;5.0;1.277777777777778;0.0;7.4444444444444455;0.9777777777777779;2.9333333333333336;5.845;5.0;6.0;1.222222222222222;0.0;6.733333333333333;0.9777777777777779;2.9222222222222225;5.431666666666666;5.0;6.0;1.2555555555555555;0.0;7.622222222222223;0.9222222222222222;2.9444444444444446;5.881666666666667;5.0;7.0;1.2333333333333334;0.0;6.6000000000000005;0.8888888888888888;2.9222222222222225;5.133333333333334;5.0;7.0;1.2555555555555555;0.0;7.633333333333333;0.9444444444444445;2.9000000000000004;6.533333333333334;5.0;8.0;1.2222222222222223;0.0;6.988888888888888;0.9222222222222222;2.888888888888889;4.998333333333334;5.0;8.0;0.0
4.611111111111111;0.0;18.099999999999998;494.6666666666667;515.1;5.155;5.0;4.0;1.222222222222222;0.0;7.533333333333332;0.9444444444444445;2.9333333333333336;5.615000000000001;5.0;5.0;1.2222222222222223;0.0;6.933333333333334;0.9777777777777777;2.9222222222222225;5.295;5.0;5.0;1.277777777777778;0.0;7.4444444444444455;0.9777777777777779;2.9333333333333336;5.845;5.0;6.0;1.222222222222222;0.0;6.733333333333333;0.9777777777777779;2.9222222222222225;5.431666666666666;5.0;6.0;1.2555555555555555;0.0;7.622222222222223;0.9222222222222222;2.9444444444444446;5.881666666666667;5.0;7.0;1.2333333333333334;0.0;6.6000000000000005;0.8888888888888888;2.9222222222222225;5.133333333333334;5.0;7.0;1.2555555555555555;0.0;7.633333333333333;0.9444444444444445;2.9000000000000004;6.533333333333334;5.0;8.0;1.2222222222222223;0.0;6.988888888888888;0.9222222222222222;2.888888888888889;4.998333333333334;5.0;8.0;1.2777777777777777;0.0;7.688888888888889;0.9111111111111111;2.8555555555555556;5.295;5.0;9.0;0.0
1.222222222222222;0.0;7.533333333333332;0.9444444444444445;2.9333333333333336;5.615000000000001;5.0;5.0;1.2222222222222223;0.0;6.933333333333334;0.9777777777777777;2.9222222222222225;5.295;5.0;5.0;1.277777777777778;0.0;7.4444444444444455;0.9777777777777779;2.9333333333333336;5.845;5.0;6.0;1.222222222222222;0.0;6.733333333333333;0.9777777777777779;2.9222222222222225;5.431666666666666;5.0;6.0;1.2555555555555555;0.0;7.622222222222223;0.9222222222222222;2.9444444444444446;5.881666666666667;5.0;7.0;1.2333333333333334;0.0;6.6000000000000005;0.8888888888888888;2.9222222222222225;5.133333333333334;5.0;7.0;1.2555555555555555;0.0;7.633333333333333;0.9444444444444445;2.9000000000000004;6.533333333333334;5.0;8.0;1.2222222222222223;0.0;6.988888888888888;0.9222222222222222;2.888888888888889;4.998333333333334;5.0;8.0;1.2777777777777777;0.0;7.688888888888889;0.9111111111111111;2.8555555555555556;5.295;5.0;9.0;1.2333333333333334;0.0;7.033333333333334;0.8999999999999999;2.8555555555555556;5.8566666666666665;5.0;9.0;0.0
1.2222222222222223;0.0;6.933333333333334;0.9777777777777777;2.9222222222222225;5.295;5.0;5.0;1.277777777777778;0.0;7.4444444444444455;0.9777777777777779;2.9333333333333336;5.845;5.0;6.0;1.222222222222222;0.0;6.733333333333333;0.9777777777777779;2.9222222222222225;5.431666666666666;5.0;6.0;1.2555555555555555;0.0;7.622222222222223;0.9222222222222222;2.9444444444444446;5.881666666666667;5.0;7.0;1.2333333333333334;0.0;6.6000000000000005;0.8888888888888888;2.9222222222222225;5.133333333333334;5.0;7.0;1.2555555555555555;0.0;7.633333333333333;0.9444444444444445;2.9000000000000004;6.533333333333334;5.0;8.0;1.2222222222222223;0.0;6.988888888888888;0.9222222222222222;2.888888888888889;4.998333333333334;5.0;8.0;1.2777777777777777;0.0;7.688888888888889;0.9111111111111111;2.8555555555555556;5.295;5.0;9.0;1.2333333333333334;0.0;7.033333333333334;0.8999999999999999;2.8555555555555556;5.8566666666666665;5.0;9.0;1.3111111111111111;0.0;7.422222222222222;0.9222222222222222;2.8777777777777778;5.109999999999999;5.0;10.0;0.0
1.277777777777778;0.0;7.4444444444444455;0.9777777777777779;2.9333333333333336;5.845;5.0;6.0;1.222222222222222;0.0;6.733333333333333;0.9777777777777779;2.9222222222222225;5.431666666666666;5.0;6.0;1.2555555555555555;0.0;7.622222222222223;0.9222222222222222;2.9444444444444446;5.881666666666667;5.0;7.0;1.2333333333333334;0.0;6.6000000000000005;0.8888888888888888;2.9222222222222225;5.133333333333334;5.0;7.0;1.2555555555555555;0.0;7.633333333333333;0.9444444444444445;2.9000000000000004;6.533333333333334;5.0;8.0;1.2222222222222223;0.0;6.988888888888888;0.9222222222222222;2.888888888888889;4.998333333333334;5.0;8.0;1.2777777777777777;0.0;7.688888888888889;0.9111111111111111;2.8555555555555556;5.295;5.0;9.0;1.2333333333333334;0.0;7.033333333333334;0.8999999999999999;2.8555555555555556;5.8566666666666665;5.0;9.0;1.3111111111111111;0.0;7.422222222222222;0.9222222222222222;2.8777777777777778;5.109999999999999;5.0;10.0;1.2222222222222223;0.0;6.566666666666666;0.9111111111111113;2.866666666666667;5.338333333333334;5.0;10.0;0.0
1.222222222222222;0.0;6.733333333333333;0.9777777777777779;2.9222222222222225;5.431666666666666;5.0;6.0;1.2555555555555555;0.0;7.622222222222223;0.9222222222222222;2.9444444444444446;5.881666666666667;5.0;7.0;1.2333333333333334;0.0;6.6000000000000005;0.8888888888888888;2.9222222222222225;5.133333333333334;5.0;7.0;1.2555555555555555;0.0;7.633333333333333;0.9444444444444445;2.9000000000000004;6.533333333333334;5.0;8.0;1.2222222222222223;0.0;6.988888888888888;0.9222222222222222;2.888888888888889;4.998333333333334;5.0;8.0;1.2777777777777777;0.0;7.688888888888889;0.9111111111111111;2.8555555555555556;5.295;5.0;9.0;1.2333333333333334;0.0;7.033333333333334;0.8999999999999999;2.8555555555555556;5.8566666666666665;5.0;9.0;1.3111111111111111;0.0;7.422222222222222;0.9222222222222222;2.8777777777777778;5.109999999999999;5.0;10.0;1.2222222222222223;0.0;6.566666666666666;0.9111111111111113;2.866666666666667;5.338333333333334;5.0;10.0;1.2555555555555555;0.0;7.622222222222223;0.9333333333333335;2.9333333333333336;6.0183333333333335;5.0;11.0;0.0
1.2555555555555555;0.0;7.622222222222223;0.9222222222222222;2.9444444444444446;5.881666666666667;5.0;7.0;1.2333333333333334;0.0;6.6000000000000005;0.8888888888888888;2.9222222222222225;5.133333333333334;5.0;7.0;1.2555555555555555;0.0;7.633333333333333;0.9444444444444445;2.9000000000000004;6.533333333333334;5.0;8.0;1.2222222222222223;0.0;6.988888888888888;0.9222222222222222;2.888888888888889;4.998333333333334;5.0;8.0;1.2777777777777777;0.0;7.688888888888889;0.9111111111111111;2.8555555555555556;5.295;5.0;9.0;1.2333333333333334;0.0;7.033333333333334;0.8999999999999999;2.8555555555555556;5.8566666666666665;5.0;9.0;1.3111111111111111;0.0;7.422222222222222;0.9222222222222222;2.8777777777777778;5.109999999999999;5.0;10.0;1.2222222222222223;0.0;6.566666666666666;0.9111111111111113;2.866666666666667;5.338333333333334;5.0;10.0;1.2555555555555555;0.0;7.622222222222223;0.9333333333333335;2.9333333333333336;6.0183333333333335;5.0;11.0;1.2222222222222223;0.0;6.666666666666667;0.9444444444444445;2.8666666666666667;5.041666666666667;5.0;11.0;0.0
1.2333333333333334;0.0;6.6000000000000005;0.8888888888888888;2.9222222222222225;5.133333333333334;5.0;7.0;1.2555555555555555;0.0;7.633333333333333;0.9444444444444445;2.9000000000000004;6.533333333333334;5.0;8.0;1.2222222222222223;0.0;6.988888888888888;0.9222222222222222;2.888888888888889;4.998333333333334;5.0;8.0;1.2777777777777777;0.0;7.688888888888889;0.9111111111111111;2.8555555555555556;5.295;5.0;9.0;1.2333333333333334;0.0;7.033333333333334;0.8999999999999999;2.8555555555555556;5.8566666666666665;5.0;9.0;1.3111111111111111;0.0;7.422222222222222;0.9222222222222222;2.8777777777777778;5.109999999999999;5.0;10.0;1.2222222222222223;0.0;6.566666666666666;0.9111111111111113;2.866666666666667;5.338333333333334;5.0;10.0;1.2555555555555555;0.0;7.622222222222223;0.9333333333333335;2.9333333333333336;6.0183333333333335;5.0;11.0;1.2222222222222223;0.0;6.666666666666667;0.9444444444444445;2.8666666666666667;5.041666666666667;5.0;11.0;1.2777777777777777;0.0;7.5;1.388888888888889;3.4;4.65;5.0;12.0;0.0
1.2555555555555555;0.0;7.633333333333333;0.9444444444444445;2.9000000000000004;6.533333333333334;5.0;8.0;1.2222222222222223;0.0;6.988888888888888;0.9222222222222222;2.888888888888889;4.998333333333334;5.0;8.0;1.2777777777777777;0.0;7.688888888888889;0.9111111111111111;2.8555555555555556;5.295;5.0;9.0;1.2333333333333334;0.0;7.033333333333334;0.8999999999999999;2.8555555555555556;5.8566666666666665;5.0;9.0;1.3111111111111111;0.0;7.422222222222222;0.9222222222222222;2.8777777777777778;5.109999999999999;5.0;10.0;1.2222222222222223;0.0;6.566666666666666;0.9111111111111113;2.866666666666667;5.338333333333334;5.0;10.0;1.2555555555555555;0.0;7.622222222222223;0.9333333333333335;2.9333333333333336;6.0183333333333335;5.0;11.0;1.2222222222222223;0.0;6.666666666666667;0.9444444444444445;2.8666666666666667;5.041666666666667;5.0;11.0;1.2777777777777777;0.0;7.5;1.388888888888889;3.4;4.65;5.0;12.0;1.2333333333333334;0.0;6.822222222222223;0.8777777777777778;2.888888888888889;5.603333333333334;5.0;12.0;0.0
1.2222222222222223;0.0;6.988888888888888;0.9222222222222222;2.888888888888889;4.998333333333334;5.0;8.0;1.2777777777777777;0.0;7.688888888888889;0.9111111111111111;2.8555555555555556;5.295;5.0;9.0;1.2333333333333334;0.0;7.033333333333334;0.8999999999999999;2.8555555555555556;5.8566666666666665;5.0;9.0;1.3111111111111111;0.0;7.422222222222222;0.9222222222222222;2.8777777777777778;5.109999999999999;5.0;10.0;1.2222222222222223;0.0;6.566666666666666;0.9111111111111113;2.866666666666667;5.338333333333334;5.0;10.0;1.2555555555555555;0.0;7.622222222222223;0.9333333333333335;2.9333333333333336;6.0183333333333335;5.0;11.0;1.2222222222222223;0.0;6.666666666666667;0.9444444444444445;2.8666666666666667;5.041666666666667;5.0;11.0;1.2777777777777777;0.0;7.5;1.388888888888889;3.4;4.65;5.0;12.0;1.2333333333333334;0.0;6.822222222222223;0.8777777777777778;2.888888888888889;5.603333333333334;5.0;12.0;1.288888888888889;0.0;7.455555555555556;0.9;2.9222222222222225;5.2700000000000005;5.0;13.0;0.0
1.2777777777777777;0.0;7.688888888888889;0.9111111111111111;2.8555555555555556;5.295;5.0;9.0;1.2333333333333334;0.0;7.033333333333334;0.8999999999999999;2.8555555555555556;5.8566666666666665;5.0;9.0;1.3111111111111111;0.0;7.422222222222222;0.9222222222222222;2.8777777777777778;5.109999999999999;5.0;10.0;1.2222222222222223;0.0;6.566666666666666;0.9111111111111113;2.866666666666667;5.338333333333334;5.0;10.0;1.2555555555555555;0.0;7.622222222222223;0.9333333333333335;2.9333333333333336;6.0183333333333335;5.0;11.0;1.2222222222222223;0.0;6.666666666666667;0.9444444444444445;2.8666666666666667;5.041666666666667;5.0;11.0;1.2777777777777777;0.0;7.5;1.388888888888889;3.4;4.65;5.0;12.0;1.2333333333333334;0.0;6.822222222222223;0.8777777777777778;2.888888888888889;5.603333333333334;5.0;12.0;1.288888888888889;0.0;7.455555555555556;0.9;2.9222222222222225;5.2700000000000005;5.0;13.0;1.2222222222222223;0.0;7.155555555555556;0.9;2.8222222222222224;4.8100000000000005;5.0;13.0;0.0
1.2333333333333334;0.0;7.033333333333334;0.8999999999999999;2.8555555555555556;5.8566666666666665;5.0;9.0;1.3111111111111111;0.0;7.422222222222222;0.9222222222222222;2.8777777777777778;5.109999999999999;5.0;10.0;1.2222222222222223;0.0;6.566666666666666;0.9111111111111113;2.866666666666667;5.338333333333334;5.0;10.0;1.2555555555555555;0.0;7.622222222222223;0.9333333333333335;2.9333333333333336;6.0183333333333335;5.0;11.0;1.2222222222222223;0.0;6.666666666666667;0.9444444444444445;2.8666666666666667;5.041666666666667;5.0;11.0;1.2777777777777777;0.0;7.5;1.388888888888889;3.4;4.65;5.0;12.0;1.2333333333333334;0.0;6.822222222222223;0.8777777777777778;2.888888888888889;5.603333333333334;5.0;12.0;1.288888888888889;0.0;7.455555555555556;0.9;2.9222222222222225;5.2700000000000005;5.0;13.0;1.2222222222222223;0.0;7.155555555555556;0.9;2.8222222222222224;4.8100000000000005;5.0;13.0;1.3;0.0;7.544444444444444;0.9555555555555557;2.8777777777777778;5.89;5.0;14.0;0.0
1.3111111111111111;0.0;7.422222222222222;0.9222222222222222;2.8777777777777778;5.109999999999999;5.0;10.0;1.2222222222222223;0.0;6.566666666666666;0.9111111111111113;2.866666666666667;5.338333333333334;5.0;10.0;1.2555555555555555;0.0;7.622222222222223;0.9333333333333335;2.9333333333333336;6.0183333333333335;5.0;11.0;1.2222222222222223;0.0;6.666666666666667;0.9444444444444445;2.8666666666666667;5.041666666666667;5.0;11.0;1.2777777777777777;0.0;7.5;1.388888888888889;3.4;4.65;5.0;12.0;1.2333333333333334;0.0;6.822222222222223;0.8777777777777778;2.888888888888889;5.603333333333334;5.0;12.0;1.288888888888889;0.0;7.455555555555556;0.9;2.9222222222222225;5.2700000000000005;5.0;13.0;1.2222222222222223;0.0;7.155555555555556;0.9;2.8222222222222224;4.8100000000000005;5.0;13.0;1.3;0.0;7.544444444444444;0.9555555555555557;2.8777777777777778;5.89;5.0;14.0;1.2444444444444445;0.0;6.588888888888889;0.8999999999999999;2.8666666666666667;4.916666666666667;5.0;14.0;0.0
1.2222222222222223;0.0;6.566666666666666;0.9111111111111113;2.866666666666667;5.338333333333334;5.0;10.0;1.2555555555555555;0.0;7.622222222222223;0.9333333333333335;2.9333333333333336;6.0183333333333335;5.0;11.0;1.2222222222222223;0.0;6.666666666666667;0.9444444444444445;2.8666666666666667;5.041666666666667;5.0;11.0;1.2777777777777777;0.0;7.5;1.388888888888889;3.4;4.65;5.0;12.0;1.2333333333333334;0.0;6.822222222222223;0.8777777777777778;2.888888888888889;5.603333333333334;5.0;12.0;1.288888888888889;0.0;7.455555555555556;0.9;2.9222222222222225;5.2700000000000005;5.0;13.0;1.2222222222222223;0.0;7.155555555555556;0.9;2.8222222222222224;4.8100000000000005;5.0;13.0;1.3;0.0;7.544444444444444;0.9555555555555557;2.8777777777777778;5.89;5.0;14.0;1.2444444444444445;0.0;6.588888888888889;0.8999999999999999;2.8666666666666667;4.916666666666667;5.0;14.0;1.2666666666666666;0.0;7.377777777777779;0.9777777777777779;2.8333333333333335;5.1450000000000005;5.0;15.0;0.0
1.2555555555555555;0.0;7.622222222222223;0.9333333333333335;2.9333333333333336;6.0183333333333335;5.0;11.0;1.2222222222222223;0.0;6.666666666666667;0.9444444444444445;2.8666666666666667;5.041666666666667;5.0;11.0;1.2777777777777777;0.0;7.5;1.388888888888889;3.4;4.65;5.0;12.0;1.2333333333333334;0.0;6.822222222222223;0.8777777777777778;2.888888888888889;5.603333333333334;5.0;12.0;1.288888888888889;0.0;7.455555555555556;0.9;2.9222222222222225;5.2700000000000005;5.0;13.0;1.2222222222222223;0.0;7.155555555555556;0.9;2.8222222222222224;4.8100000000000005;5.0;13.0;1.3;0.0;7.544444444444444;0.9555555555555557;2.8777777777777778;5.89;5.0;14.0;1.2444444444444445;0.0;6.588888888888889;0.8999999999999999;2.8666666666666667;4.916666666666667;5.0;14.0;1.2666666666666666;0.0;7.377777777777779;0.9777777777777779;2.8333333333333335;5.1450000000000005;5.0;15.0;1.2777777777777777;0.0;6.644444444444445;0.911111111111111;2.8111111111111113;5.051666666666667;5.0;15.0;0.0
1.2222222222222223;0.0;6.666666666666667;0.9444444444444445;2.8666666666666667;5.041666666666667;5.0;11.0;1.2777777777777777;0.0;7.5;1.388888888888889;3.4;4.65;5.0;12.0;1.2333333333333334;0.0;6.822222222222223;0.8777777777777778;2.888888888888889;5.603333333333334;5.0;12.0;1.288888888888889;0.0;7.455555555555556;0.9;2.9222222222222225;5.2700000000000005;5.0;13.0;1.2222222222222223;0.0;7.155555555555556;0.9;2.8222222222222224;4.8100000000000005;5.0;13.0;1.3;0.0;7.544444444444444;0.9555555555555557;2.8777777777777778;5.89;5.0;14.0;1.2444444444444445;0.0;6.588888888888889;0.8999999999999999;2.8666666666666667;4.916666666666667;5.0;14.0;1.2666666666666666;0.0;7.377777777777779;0.9777777777777779;2.8333333333333335;5.1450000000000005;5.0;15.0;1.2777777777777777;0.0;6.644444444444445;0.911111111111111;2.8111111111111113;5.051666666666667;5.0;15.0;1.2333333333333334;0.0;7.522222222222222;0.9;2.8111111111111113;5.19;5.0;16.0;0.0
1.2777777777777777;0.0;7.5;1.388888888888889;3.4;4.65;5.0;12.0;1.2333333333333334;0.0;6.822222222222223;0.8777777777777778;2.888888888888889;5.603333333333334;5.0;12.0;1.288888888888889;0.0;7.455555555555556;0.9;2.9222222222222225;5.2700000000000005;5.0;13.0;1.2222222222222223;0.0;7.155555555555556;0.9;2.8222222222222224;4.8100000000000005;5.0;13.0;1.3;0.0;7.544444444444444;0.9555555555555557;2.8777777777777778;5.89;5.0;14.0;1.2444444444444445;0.0;6.588888888888889;0.8999999999999999;2.8666666666666667;4.916666666666667;5.0;14.0;1.2666666666666666;0.0;7.377777777777779;0.9777777777777779;2.8333333333333335;5.1450000000000005;5.0;15.0;1.2777777777777777;0.0;6.644444444444445;0.911111111111111;2.8111111111111113;5.051666666666667;5.0;15.0;1.2333333333333334;0.0;7.522222222222222;0.9;2.8111111111111113;5.19;5.0;16.0;1.2;0.0;6.955555555555556;0.9333333333333335;2.8333333333333335;4.801666666666667;5.0;16.0;0.0
1.2333333333333334;0.0;6.822222222222223;0.8777777777777778;2.888888888888889;5.603333333333334;5.0;12.0;1.288888888888889;0.0;7.455555555555556;0.9;2.9222222222222225;5.2700000000000005;5.0;13.0;1.2222222222222223;0.0;7.155555555555556;0.9;2.8222222222222224;4.8100000000000005;5.0;13.0;1.3;0.0;7.544444444444444;0.9555555555555557;2.8777777777777778;5.89;5.0;14.0;1.2444444444444445;0.0;6.588888888888889;0.8999999999999999;2.8666666666666667;4.916666666666667;5.0;14.0;1.2666666666666666;0.0;7.377777777777779;0.9777777777777779;2.8333333333333335;5.1450000000000005;5.0;15.0;1.2777777777777777;0.0;6.644444444444445;0.911111111111111;2.8111111111111113;5.051666666666667;5.0;15.0;1.2333333333333334;0.0;7.522222222222222;0.9;2.8111111111111113;5.19;5.0;16.0;1.2;0.0;6.955555555555556;0.9333333333333335;2.8333333333333335;4.801666666666667;5.0;16.0;1.2555555555555555;0.0;7.677777777777778;0.9222222222222222;2.8222222222222224;4.4783333333333335;5.0;17.0;0.0
1.288888888888889;0.0;7.455555555555556;0.9;2.9222222222222225;5.2700000000000005;5.0;13.0;1.2222222222222223;0.0;7.155555555555556;0.9;2.8222222222222224;4.8100000000000005;5.0;13.0;1.3;0.0;7.544444444444444;0.9555555555555557;2.8777777777777778;5.89;5.0;14.0;1.2444444444444445;0.0;6.588888888888889;0.8999999999999999;2.8666666666666667;4.916666666666667;5.0;14.0;1.2666666666666666;0.0;7.377777777777779;0.9777777777777779;2.8333333333333335;5.1450000000000005;5.0;15.0;1.2777777777777777;0.0;6.644444444444445;0.911111111111111;2.8111111111111113;5.051666666666667;5.0;15.0;1.2333333333333334;0.0;7.522222222222222;0.9;2.8111111111111113;5.19;5.0;16.0;1.2;0.0;6.955555555555556;0.9333333333333335;2.8333333333333335;4.801666666666667;5.0;16.0;1.2555555555555555;0.0;7.677777777777778;0.9222222222222222;2.8222222222222224;4.4783333333333335;5.0;17.0;1.2111111111111112;0.0;7.011111111111112;0.9222222222222222;2.8000000000000003;5.0200000000000005;5.0;17.0;0.0
1.2222222222222223;0.0;7.155555555555556;0.9;2.8222222222222224;4.8100000000000005;5.0;13.0;1.3;0.0;7.544444444444444;0.9555555555555557;2.8777777777777778;5.89;5.0;14.0;1.2444444444444445;0.0;6.588888888888889;0.8999999999999999;2.8666666666666667;4.916666666666667;5.0;14.0;1.2666666666666666;0.0;7.377777777777779;0.9777777777777779;2.8333333333333335;5.1450000000000005;5.0;15.0;1.2777777777777777;0.0;6.644444444444445;0.911111111111111;2.8111111111111113;5.051666666666667;5.0;15.0;1.2333333333333334;0.0;7.522222222222222;0.9;2.8111111111111113;5.19;5.0;16.0;1.2;0.0;6.955555555555556;0.9333333333333335;2.8333333333333335;4.801666666666667;5.0;16.0;1.2555555555555555;0.0;7.677777777777778;0.9222222222222222;2.8222222222222224;4.4783333333333335;5.0;17.0;1.2111111111111112;0.0;7.011111111111112;0.9222222222222222;2.8000000000000003;5.0200000000000005;5.0;17.0;1.2666666666666666;0.0;7.311111111111111;0.9111111111111113;2.744444444444445;5.098333333333333;5.0;18.0;0.0
1.3;0.0;7.544444444444444;0.9555555555555557;2.8777777777777778;5.89;5.0;14.0;1.2444444444444445;0.0;6.588888888888889;0.8999999999999999;2.8666666666666667;4.916666666666667;5.0;14.0;1.2666666666666666;0.0;7.377777777777779;0.9777777777777779;2.8333333333333335;5.1450000000000005;5.0;15.0;1.2777777777777777;0.0;6.644444444444445;0.911111111111111;2.8111111111111113;5.051666666666667;5.0;15.0;1.2333333333333334;0.0;7.522222222222222;0.9;2.8111111111111113;5.19;5.0;16.0;1.2;0.0;6.955555555555556;0.9333333333333335;2.8333333333333335;4.801666666666667;5.0;16.0;1.2555555555555555;0.0;7.677777777777778;0.9222222222222222;2.8222222222222224;4.4783333333333335;5.0;17.0;1.2111111111111112;0.0;7.011111111111112;0.9222222222222222;2.8000000000000003;5.0200000000000005;5.0;17.0;1.2666666666666666;0.0;7.311111111111111;0.9111111111111113;2.744444444444445;5.098333333333333;5.0;18.0;1.2666666666666666;0.0;7.166666666666667;0.9222222222222222;2.722222222222222;5.166666666666667;5.0;18.0;0.0
1.2444444444444445;0.0;6.588888888888889;0.8999999999999999;2.8666666666666667;4.916666666666667;5.0;14.0;1.2666666666666666;0.0;7.377777777777779;0.9777777777777779;2.8333333333333335;5.1450000000000005;5.0;15.0;1.2777777777777777;0.0;6.644444444444445;0.911111111111111;2.8111111111111113;5.051666666666667;5.0;15.0;1.2333333333333334;0.0;7.522222222222222;0.9;2.8111111111111113;5.19;5.0;16.0;1.2;0.0;6.955555555555556;0.9333333333333335;2.8333333333333335;4.801666666666667;5.0;16.0;1.2555555555555555;0.0;7.677777777777778;0.9222222222222222;2.8222222222222224;4.4783333333333335;5.0;17.0;1.2111111111111112;0.0;7.011111111111112;0.9222222222222222;2.8000000000000003;5.0200000000000005;5.0;17.0;1.2666666666666666;0.0;7.311111111111111;0.9111111111111113;2.744444444444445;5.098333333333333;5.0;18.0;1.2666666666666666;0.0;7.166666666666667;0.9222222222222222;2.722222222222222;5.166666666666667;5.0;18.0;1.2777777777777777;0.0;7.68888888888889;0.9222222222222224;2.733333333333334;5.041666666666667;5.0;19.0;0.0
1.2666666666666666;0.0;7.377777777777779;0.9777777777777779;2.8333333333333335;5.1450000000000005;5.0;15.0;1.2777777777777777;0.0;6.644444444444445;0.911111111111111;2.8111111111111113;5.051666666666667;5.0;15.0;1.2333333333333334;0.0;7.522222222222222;0.9;2.8111111111111113;5.19;5.0;16.0;1.2;0.0;6.955555555555556;0.9333333333333335;2.8333333333333335;4.801666666666667;5.0;16.0;1.2555555555555555;0.0;7.677777777777778;0.9222222222222222;2.8222222222222224;4.4783333333333335;5.0;17.0;1.2111111111111112;0.0;7.011111111111112;0.9222222222222222;2.8000000000000003;5.0200000000000005;5.0;17.0;1.2666666666666666;0.0;7.311111111111111;0.9111111111111113;2.744444444444445;5.098333333333333;5.0;18.0;1.2666666666666666;0.0;7.166666666666667;0.9222222222222222;2.722222222222222;5.166666666666667;5.0;18.0;1.2777777777777777;0.0;7.68888888888889;0.9222222222222224;2.733333333333334;5.041666666666667;5.0;19.0;1.2777777777777777;0.0;6.888888888888889;0.8555555555555556;2.733333333333333;4.973333333333333;5.0;19.0;0.0
1.2777777777777777;0.0;6.644444444444445;0.911111111111111;2.8111111111111113;5.051666666666667;5.0;15.0;1.2333333333333334;0.0;7.522222222222222;0.9;2.8111111111111113;5.19;5.0;16.0;1.2;0.0;6.955555555555556;0.9333333333333335;2.8333333333333335;4.801666666666667;5.0;16.0;1.2555555555555555;0.0;7.677777777777778;0.9222222222222222;2.8222222222222224;4.4783333333333335;5.0;17.0;1.2111111111111112;0.0;7.011111111111112;0.9222222222222222;2.8000000000000003;5.0200000000000005;5.0;17.0;1.2666666666666666;0.0;7.311111111111111;0.9111111111111113;2.744444444444445;5.098333333333333;5.0;18.0;1.2666666666666666;0.0;7.166666666666667;0.9222222222222222;2.722222222222222;5.166666666666667;5.0;18.0;1.2777777777777777;0.0;7.68888888888889;0.9222222222222224;2.733333333333334;5.041666666666667;5.0;19.0;1.2777777777777777;0.0;6.888888888888889;0.8555555555555556;2.733333333333333;4.973333333333333;5.0;19.0;1.2555555555555555;0.0;7.722222222222222;0.888888888888889;2.733333333333334;5.213333333333334;5.0;20.0;0.0
1.2333333333333334;0.0;7.522222222222222;0.9;2.8111111111111113;5.19;5.0;16.0;1.2;0.0;6.955555555555556;0.9333333333333335;2.8333333333333335;4.801666666666667;5.0;16.0;1.2555555555555555;0.0;7.677777777777778;0.9222222222222222;2.8222222222222224;4.4783333333333335;5.0;17.0;1.2111111111111112;0.0;7.011111111111112;0.9222222222222222;2.8000000000000003;5.0200000000000005;5.0;17.0;1.2666666666666666;0.0;7.311111111111111;0.9111111111111113;2.744444444444445;5.098333333333333;5.0;18.0;1.2666666666666666;0.0;7.166666666666667;0.9222222222222222;2.722222222222222;5.166666666666667;5.0;18.0;1.2777777777777777;0.0;7.68888888888889;0.9222222222222224;2.733333333333334;5.041666666666667;5.0;19.0;1.2777777777777777;0.0;6.888888888888889;0.8555555555555556;2.733333333333333;4.973333333333333;5.0;19.0;1.2555555555555555;0.0;7.722222222222222;0.888888888888889;2.733333333333334;5.213333333333334;5.0;20.0;1.222222222222222;0.0;6.655555555555556;0.8555555555555555;2.744444444444445;5.581666666666667;5.0;20.0;0.0
1.2;0.0;6.955555555555556;0.9333333333333335;2.8333333333333335;4.801666666666667;5.0;16.0;1.2555555555555555;0.0;7.677777777777778;0.9222222222222222;2.8222222222222224;4.4783333333333335;5.0;17.0;1.2111111111111112;0.0;7.011111111111112;0.9222222222222222;2.8000000000000003;5.0200000000000005;5.0;17.0;1.2666666666666666;0.0;7.311111111111111;0.9111111111111113;2.744444444444445;5.098333333333333;5.0;18.0;1.2666666666666666;0.0;7.166666666666667;0.9222222222222222;2.722222222222222;5.166666666666667;5.0;18.0;1.2777777777777777;0.0;7.68888888888889;0.9222222222222224;2.733333333333334;5.041666666666667;5.0;19.0;1.2777777777777777;0.0;6.888888888888889;0.8555555555555556;2.733333333333333;4.973333333333333;5.0;19.0;1.2555555555555555;0.0;7.722222222222222;0.888888888888889;2.733333333333334;5.213333333333334;5.0;20.0;1.222222222222222;0.0;6.655555555555556;0.8555555555555555;2.744444444444445;5.581666666666667;5.0;20.0;1.2444444444444445;0.0;7.377777777777777;0.8777777777777778;2.766666666666667;5.558333333333334;5.0;21.0;0.0
1.2555555555555555;0.0;7.677777777777778;0.9222222222222222;2.8222222222222224;4.4783333333333335;5.0;17.0;1.2111111111111112;0.0;7.011111111111112;0.9222222222222222;2.8000000000000003;5.0200000000000005;5.0;17.0;1.2666666666666666;0.0;7.311111111111111;0.9111111111111113;2.744444444444445;5.098333333333333;5.0;18.0;1.2666666666666666;0.0;7.166666666666667;0.9222222222222222;2.722222222222222;5.166666666666667;5.0;18.0;1.2777777777777777;0.0;7.68888888888889;0.9222222222222224;2.733333333333334;5.041666666666667;5.0;19.0;1.2777777777777777;0.0;6.888888888888889;0.8555555555555556;2.733333333333333;4.973333333333333;5.0;19.0;1.2555555555555555;0.0;7.722222222222222;0.888888888888889;2.733333333333334;5.213333333333334;5.0;20.0;1.222222222222222;0.0;6.655555555555556;0.8555555555555555;2.744444444444445;5.581666666666667;5.0;20.0;1.2444444444444445;0.0;7.377777777777777;0.8777777777777778;2.766666666666667;5.558333333333334;5.0;21.0;1.2;0.0;6.7888888888888905;0.8888888888888888;2.7000000000000006;4.845;5.0;21.0;0.0
1.2111111111111112;0.0;7.011111111111112;0.9222222222222222;2.8000000000000003;5.0200000000000005;5.0;17.0;1.2666666666666666;0.0;7.311111111111111;0.9111111111111113;2.744444444444445;5.098333333333333;5.0;18.0;1.2666666666666666;0.0;7.166666666666667;0.9222222222222222;2.722222222222222;5.166666666666667;5.0;18.0;1.2777777777777777;0.0;7.68888888888889;0.9222222222222224;2.733333333333334;5.041666666666667;5.0;19.0;1.2777777777777777;0.0;6.888888888888889;0.8555555555555556;2.733333333333333;4.973333333333333;5.0;19.0;1.2555555555555555;0.0;7.722222222222222;0.888888888888889;2.733333333333334;5.213333333333334;5.0;20.0;1.222222222222222;0.0;6.655555555555556;0.8555555555555555;2.744444444444445;5.581666666666667;5.0;20.0;1.2444444444444445;0.0;7.377777777777777;0.8777777777777778;2.766666666666667;5.558333333333334;5.0;21.0;1.2;0.0;6.7888888888888905;0.8888888888888888;2.7000000000000006;4.845;5.0;21.0;1.2444444444444445;0.0;7.288888888888889;0.9444444444444446;2.6999999999999997;4.833333333333333;5.0;22.0;0.0
1.2666666666666666;0.0;7.311111111111111;0.9111111111111113;2.744444444444445;5.098333333333333;5.0;18.0;1.2666666666666666;0.0;7.166666666666667;0.9222222222222222;2.722222222222222;5.166666666666667;5.0;18.0;1.2777777777777777;0.0;7.68888888888889;0.9222222222222224;2.733333333333334;5.041666666666667;5.0;19.0;1.2777777777777777;0.0;6.888888888888889;0.8555555555555556;2.733333333333333;4.973333333333333;5.0;19.0;1.2555555555555555;0.0;7.722222222222222;0.888888888888889;2.733333333333334;5.213333333333334;5.0;20.0;1.222222222222222;0.0;6.655555555555556;0.8555555555555555;2.744444444444445;5.581666666666667;5.0;20.0;1.2444444444444445;0.0;7.377777777777777;0.8777777777777778;2.766666666666667;5.558333333333334;5.0;21.0;1.2;0.0;6.7888888888888905;0.8888888888888888;2.7000000000000006;4.845;5.0;21.0;1.2444444444444445;0.0;7.288888888888889;0.9444444444444446;2.6999999999999997;4.833333333333333;5.0;22.0;1.2;0.0;6.955555555555556;0.9555555555555556;2.733333333333334;4.536666666666667;5.0;22.0;0.0
1.2666666666666666;0.0;7.166666666666667;0.9222222222222222;2.722222222222222;5.166666666666667;5.0;18.0;1.2777777777777777;0.0;7.68888888888889;0.9222222222222224;2.733333333333334;5.041666666666667;5.0;19.0;1.2777777777777777;0.0;6.888888888888889;0.8555555555555556;2.733333333333333;4.973333333333333;5.0;19.0;1.2555555555555555;0.0;7.722222222222222;0.888888888888889;2.733333333333334;5.213333333333334;5.0;20.0;1.222222222222222;0.0;6.655555555555556;0.8555555555555555;2.744444444444445;5.581666666666667;5.0;20.0;1.2444444444444445;0.0;7.377777777777777;0.8777777777777778;2.766666666666667;5.558333333333334;5.0;21.0;1.2;0.0;6.7888888888888905;0.8888888888888888;2.7000000000000006;4.845;5.0;21.0;1.2444444444444445;0.0;7.288888888888889;0.9444444444444446;2.6999999999999997;4.833333333333333;5.0;22.0;1.2;0.0;6.955555555555556;0.9555555555555556;2.733333333333334;4.536666666666667;5.0;22.0;1.1777777777777778;0.0;7.888888888888889;0.922222222222222;2.744444444444444;4.595;5.0;23.0;0.0
1.2777777777777777;0.0;7.68888888888889;0.9222222222222224;2.733333333333334;5.041666666666667;5.0;19.0;1.2777777777777777;0.0;6.888888888888889;0.8555555555555556;2.733333333333333;4.973333333333333;5.0;19.0;1.2555555555555555;0.0;7.722222222222222;0.888888888888889;2.733333333333334;5.213333333333334;5.0;20.0;1.222222222222222;0.0;6.655555555555556;0.8555555555555555;2.744444444444445;5.581666666666667;5.0;20.0;1.2444444444444445;0.0;7.377777777777777;0.8777777777777778;2.766666666666667;5.558333333333334;5.0;21.0;1.2;0.0;6.7888888888888905;0.8888888888888888;2.7000000000000006;4.845;5.0;21.0;1.2444444444444445;0.0;7.288888888888889;0.9444444444444446;2.6999999999999997;4.833333333333333;5.0;22.0;1.2;0.0;6.955555555555556;0.9555555555555556;2.733333333333334;4.536666666666667;5.0;22.0;1.1777777777777778;0.0;7.888888888888889;0.922222222222222;2.744444444444444;4.595;5.0;23.0;1.2;0.0;7.066666666666666;0.8999999999999999;2.722222222222222;5.006666666666667;5.0;23.0;0.0
1.2777777777777777;0.0;6.888888888888889;0.8555555555555556;2.733333333333333;4.973333333333333;5.0;19.0;1.2555555555555555;0.0;7.722222222222222;0.888888888888889;2.733333333333334;5.213333333333334;5.0;20.0;1.222222222222222;0.0;6.655555555555556;0.8555555555555555;2.744444444444445;5.581666666666667;5.0;20.0;1.2444444444444445;0.0;7.377777777777777;0.8777777777777778;2.766666666666667;5.558333333333334;5.0;21.0;1.2;0.0;6.7888888888888905;0.8888888888888888;2.7000000000000006;4.845;5.0;21.0;1.2444444444444445;0.0;7.288888888888889;0.9444444444444446;2.6999999999999997;4.833333333333333;5.0;22.0;1.2;0.0;6.955555555555556;0.9555555555555556;2.733333333333334;4.536666666666667;5.0;22.0;1.1777777777777778;0.0;7.888888888888889;0.922222222222222;2.744444444444444;4.595;5.0;23.0;1.2;0.0;7.066666666666666;0.8999999999999999;2.722222222222222;5.006666666666667;5.0;23.0;1.2444444444444445;0.0;7.288888888888889;0.9;2.6999999999999997;4.766666666666667;6.0;0.0;0.0
1.2555555555555555;0.0;7.722222222222222;0.888888888888889;2.733333333333334;5.213333333333334;5.0;20.0;1.222222222222222;0.0;6.655555555555556;0.8555555555555555;2.744444444444445;5.581666666666667;5.0;20.0;1.2444444444444445;0.0;7.377777777777777;0.8777777777777778;2.766666666666667;5.558333333333334;5.0;21.0;1.2;0.0;6.7888888888888905;0.8888888888888888;2.7000000000000006;4.845;5.0;21.0;1.2444444444444445;0.0;7.288888888888889;0.9444444444444446;2.6999999999999997;4.833333333333333;5.0;22.0;1.2;0.0;6.955555555555556;0.9555555555555556;2.733333333333334;4.536666666666667;5.0;22.0;1.1777777777777778;0.0;7.888888888888889;0.922222222222222;2.744444444444444;4.595;5.0;23.0;1.2;0.0;7.066666666666666;0.8999999999999999;2.722222222222222;5.006666666666667;5.0;23.0;1.2444444444444445;0.0;7.288888888888889;0.9;2.6999999999999997;4.766666666666667;6.0;0.0;1.222222222222222;0.0;6.422222222222222;0.8777777777777778;2.7222222222222228;5.7299999999999995;6.0;0.0;0.0
1.222222222222222;0.0;6.655555555555556;0.8555555555555555;2.744444444444445;5.581666666666667;5.0;20.0;1.2444444444444445;0.0;7.377777777777777;0.8777777777777778;2.766666666666667;5.558333333333334;5.0;21.0;1.2;0.0;6.7888888888888905;0.8888888888888888;2.7000000000000006;4.845;5.0;21.0;1.2444444444444445;0.0;7.288888888888889;0.9444444444444446;2.6999999999999997;4.833333333333333;5.0;22.0;1.2;0.0;6.955555555555556;0.9555555555555556;2.733333333333334;4.536666666666667;5.0;22.0;1.1777777777777778;0.0;7.888888888888889;0.922222222222222;2.744444444444444;4.595;5.0;23.0;1.2;0.0;7.066666666666666;0.8999999999999999;2.722222222222222;5.006666666666667;5.0;23.0;1.2444444444444445;0.0;7.288888888888889;0.9;2.6999999999999997;4.766666666666667;6.0;0.0;1.222222222222222;0.0;6.422222222222222;0.8777777777777778;2.7222222222222228;5.7299999999999995;6.0;0.0;1.3111111111111111;0.0;7.731746031746031;0.9111111111111111;2.777777777777778;4.88;6.0;1.0;0.0
1.2444444444444445;0.0;7.377777777777777;0.8777777777777778;2.766666666666667;5.558333333333334;5.0;21.0;1.2;0.0;6.7888888888888905;0.8888888888888888;2.7000000000000006;4.845;5.0;21.0;1.2444444444444445;0.0;7.288888888888889;0.9444444444444446;2.6999999999999997;4.833333333333333;5.0;22.0;1.2;0.0;6.955555555555556;0.9555555555555556;2.733333333333334;4.536666666666667;5.0;22.0;1.1777777777777778;0.0;7.888888888888889;0.922222222222222;2.744444444444444;4.595;5.0;23.0;1.2;0.0;7.066666666666666;0.8999999999999999;2.722222222222222;5.006666666666667;5.0;23.0;1.2444444444444445;0.0;7.288888888888889;0.9;2.6999999999999997;4.766666666666667;6.0;0.0;1.222222222222222;0.0;6.422222222222222;0.8777777777777778;2.7222222222222228;5.7299999999999995;6.0;0.0;1.3111111111111111;0.0;7.731746031746031;0.9111111111111111;2.777777777777778;4.88;6.0;1.0;1.1666666666666667;0.0;6.8;0.9111111111111111;2.766666666666667;4.03;6.0;1.0;0.0
1.2;0.0;6.7888888888888905;0.8888888888888888;2.7000000000000006;4.845;5.0;21.0;1.2444444444444445;0.0;7.288888888888889;0.9444444444444446;2.6999999999999997;4.833333333333333;5.0;22.0;1.2;0.0;6.955555555555556;0.9555555555555556;2.733333333333334;4.536666666666667;5.0;22.0;1.1777777777777778;0.0;7.888888888888889;0.922222222222222;2.744444444444444;4.595;5.0;23.0;1.2;0.0;7.066666666666666;0.8999999999999999;2.722222222222222;5.006666666666667;5.0;23.0;1.2444444444444445;0.0;7.288888888888889;0.9;2.6999999999999997;4.766666666666667;6.0;0.0;1.222222222222222;0.0;6.422222222222222;0.8777777777777778;2.7222222222222228;5.7299999999999995;6.0;0.0;1.3111111111111111;0.0;7.731746031746031;0.9111111111111111;2.777777777777778;4.88;6.0;1.0;1.1666666666666667;0.0;6.8;0.9111111111111111;2.766666666666667;4.03;6.0;1.0;1.277777777777778;0.0;7.522222222222222;0.9555555555555556;2.766666666666667;4.995;6.0;2.0;0.0
1.2444444444444445;0.0;7.288888888888889;0.9444444444444446;2.6999999999999997;4.833333333333333;5.0;22.0;1.2;0.0;6.955555555555556;0.9555555555555556;2.733333333333334;4.536666666666667;5.0;22.0;1.1777777777777778;0.0;7.888888888888889;0.922222222222222;2.744444444444444;4.595;5.0;23.0;1.2;0.0;7.066666666666666;0.8999999999999999;2.722222222222222;5.006666666666667;5.0;23.0;1.2444444444444445;0.0;7.288888888888889;0.9;2.6999999999999997;4.766666666666667;6.0;0.0;1.222222222222222;0.0;6.422222222222222;0.8777777777777778;2.7222222222222228;5.7299999999999995;6.0;0.0;1.3111111111111111;0.0;7.731746031746031;0.9111111111111111;2.777777777777778;4.88;6.0;1.0;1.1666666666666667;0.0;6.8;0.9111111111111111;2.766666666666667;4.03;6.0;1.0;1.277777777777778;0.0;7.522222222222222;0.9555555555555556;2.766666666666667;4.995;6.0;2.0;2.0444444444444443;7.377777777777777;83.71111111111111;6.944444444444444;2.9555555555555557;7.968333333333334;6.0;2.0;0.0
1.2;0.0;6.955555555555556;0.9555555555555556;2.733333333333334;4.536666666666667;5.0;22.0;1.1777777777777778;0.0;7.888888888888889;0.922222222222222;2.744444444444444;4.595;5.0;23.0;1.2;0.0;7.066666666666666;0.8999999999999999;2.722222222222222;5.006666666666667;5.0;23.0;1.2444444444444445;0.0;7.288888888888889;0.9;2.6999999999999997;4.766666666666667;6.0;0.0;1.222222222222222;0.0;6.422222222222222;0.8777777777777778;2.7222222222222228;5.7299999999999995;6.0;0.0;1.3111111111111111;0.0;7.731746031746031;0.9111111111111111;2.777777777777778;4.88;6.0;1.0;1.1666666666666667;0.0;6.8;0.9111111111111111;2.766666666666667;4.03;6.0;1.0;1.277777777777778;0.0;7.522222222222222;0.9555555555555556;2.766666666666667;4.995;6.0;2.0;2.0444444444444443;7.377777777777777;83.71111111111111;6.944444444444444;2.9555555555555557;7.968333333333334;6.0;2.0;1.0999999999999999;0.0;7.8;0.8888888888888888;2.8000000000000003;4.675;6.0;3.0;0.0
1.1777777777777778;0.0;7.888888888888889;0.922222222222222;2.744444444444444;4.595;5.0;23.0;1.2;0.0;7.066666666666666;0.8999999999999999;2.722222222222222;5.006666666666667;5.0;23.0;1.2444444444444445;0.0;7.288888888888889;0.9;2.6999999999999997;4.766666666666667;6.0;0.0;1.222222222222222;0.0;6.422222222222222;0.8777777777777778;2.7222222222222228;5.7299999999999995;6.0;0.0;1.3111111111111111;0.0;7.731746031746031;0.9111111111111111;2.777777777777778;4.88;6.0;1.0;1.1666666666666667;0.0;6.8;0.9111111111111111;2.766666666666667;4.03;6.0;1.0;1.277777777777778;0.0;7.522222222222222;0.9555555555555556;2.766666666666667;4.995;6.0;2.0;2.0444444444444443;7.377777777777777;83.71111111111111;6.944444444444444;2.9555555555555557;7.968333333333334;6.0;2.0;1.0999999999999999;0.0;7.8;0.8888888888888888;2.8000000000000003;4.675;6.0;3.0;1.0999999999999999;0.0;6.811111111111111;0.8888888888888888;2.766666666666666;4.1;6.0;3.0;0.0
1.2;0.0;7.066666666666666;0.8999999999999999;2.722222222222222;5.006666666666667;5.0;23.0;1.2444444444444445;0.0;7.288888888888889;0.9;2.6999999999999997;4.766666666666667;6.0;0.0;1.222222222222222;0.0;6.422222222222222;0.8777777777777778;2.7222222222222228;5.7299999999999995;6.0;0.0;1.3111111111111111;0.0;7.731746031746031;0.9111111111111111;2.777777777777778;4.88;6.0;1.0;1.1666666666666667;0.0;6.8;0.9111111111111111;2.766666666666667;4.03;6.0;1.0;1.277777777777778;0.0;7.522222222222222;0.9555555555555556;2.766666666666667;4.995;6.0;2.0;2.0444444444444443;7.377777777777777;83.71111111111111;6.944444444444444;2.9555555555555557;7.968333333333334;6.0;2.0;1.0999999999999999;0.0;7.8;0.8888888888888888;2.8000000000000003;4.675;6.0;3.0;1.0999999999999999;0.0;6.811111111111111;0.8888888888888888;2.766666666666666;4.1;6.0;3.0;1.1;0.0;7.222222222222222;0.8888888888888888;2.777777777777778;4.108333333333333;6.0;4.0;0.0
1.2444444444444445;0.0;7.288888888888889;0.9;2.6999999999999997;4.766666666666667;6.0;0.0;1.222222222222222;0.0;6.422222222222222;0.8777777777777778;2.7222222222222228;5.7299999999999995;6.0;0.0;1.3111111111111111;0.0;7.731746031746031;0.9111111111111111;2.777777777777778;4.88;6.0;1.0;1.1666666666666667;0.0;6.8;0.9111111111111111;2.766666666666667;4.03;6.0;1.0;1.277777777777778;0.0;7.522222222222222;0.9555555555555556;2.766666666666667;4.995;6.0;2.0;2.0444444444444443;7.377777777777777;83.71111111111111;6.944444444444444;2.9555555555555557;7.968333333333334;6.0;2.0;1.0999999999999999;0.0;7.8;0.8888888888888888;2.8000000000000003;4.675;6.0;3.0;1.0999999999999999;0.0;6.811111111111111;0.8888888888888888;2.766666666666666;4.1;6.0;3.0;1.1;0.0;7.222222222222222;0.8888888888888888;2.777777777777778;4.108333333333333;6.0;4.0;1.1;0.0;6.51111111111111;0.9;2.744444444444444;4.043333333333334;6.0;4.0;0.0
1.222222222222222;0.0;6.422222222222222;0.8777777777777778;2.7222222222222228;5.7299999999999995;6.0;0.0;1.3111111111111111;0.0;7.731746031746031;0.9111111111111111;2.777777777777778;4.88;6.0;1.0;1.1666666666666667;0.0;6.8;0.9111111111111111;2.766666666666667;4.03;6.0;1.0;1.277777777777778;0.0;7.522222222222222;0.9555555555555556;2.766666666666667;4.995;6.0;2.0;2.0444444444444443;7.377777777777777;83.71111111111111;6.944444444444444;2.9555555555555557;7.968333333333334;6.0;2.0;1.0999999999999999;0.0;7.8;0.8888888888888888;2.8000000000000003;4.675;6.0;3.0;1.0999999999999999;0.0;6.811111111111111;0.8888888888888888;2.766666666666666;4.1;6.0;3.0;1.1;0.0;7.222222222222222;0.8888888888888888;2.777777777777778;4.108333333333333;6.0;4.0;1.1;0.0;6.51111111111111;0.9;2.744444444444444;4.043333333333334;6.0;4.0;1.1;0.0;7.711111111111111;0.888888888888889;2.766666666666667;3.3183333333333334;6.0;5.0;0.0
1.3111111111111111;0.0;7.731746031746031;0.9111111111111111;2.777777777777778;4.88;6.0;1.0;1.1666666666666667;0.0;6.8;0.9111111111111111;2.766666666666667;4.03;6.0;1.0;1.277777777777778;0.0;7.522222222222222;0.9555555555555556;2.766666666666667;4.995;6.0;2.0;2.0444444444444443;7.377777777777777;83.71111111111111;6.944444444444444;2.9555555555555557;7.968333333333334;6.0;2.0;1.0999999999999999;0.0;7.8;0.8888888888888888;2.8000000000000003;4.675;6.0;3.0;1.0999999999999999;0.0;6.811111111111111;0.8888888888888888;2.766666666666666;4.1;6.0;3.0;1.1;0.0;7.222222222222222;0.8888888888888888;2.777777777777778;4.108333333333333;6.0;4.0;1.1;0.0;6.51111111111111;0.9;2.744444444444444;4.043333333333334;6.0;4.0;1.1;0.0;7.711111111111111;0.888888888888889;2.766666666666667;3.3183333333333334;6.0;5.0;1.1;0.0;6.48888888888889;0.8888888888888888;2.766666666666666;4.0183333333333335;6.0;5.0;0.0
1.1666666666666667;0.0;6.8;0.9111111111111111;2.766666666666667;4.03;6.0;1.0;1.277777777777778;0.0;7.522222222222222;0.9555555555555556;2.766666666666667;4.995;6.0;2.0;2.0444444444444443;7.377777777777777;83.71111111111111;6.944444444444444;2.9555555555555557;7.968333333333334;6.0;2.0;1.0999999999999999;0.0;7.8;0.8888888888888888;2.8000000000000003;4.675;6.0;3.0;1.0999999999999999;0.0;6.811111111111111;0.8888888888888888;2.766666666666666;4.1;6.0;3.0;1.1;0.0;7.222222222222222;0.8888888888888888;2.777777777777778;4.108333333333333;6.0;4.0;1.1;0.0;6.51111111111111;0.9;2.744444444444444;4.043333333333334;6.0;4.0;1.1;0.0;7.711111111111111;0.888888888888889;2.766666666666667;3.3183333333333334;6.0;5.0;1.1;0.0;6.48888888888889;0.8888888888888888;2.766666666666666;4.0183333333333335;6.0;5.0;1.1;0.0;7.388888888888889;0.9222222222222222;2.8222222222222224;3.445;6.0;6.0;0.0
1.277777777777778;0.0;7.522222222222222;0.9555555555555556;2.766666666666667;4.995;6.0;2.0;2.0444444444444443;7.377777777777777;83.71111111111111;6.944444444444444;2.9555555555555557;7.968333333333334;6.0;2.0;1.0999999999999999;0.0;7.8;0.8888888888888888;2.8000000000000003;4.675;6.0;3.0;1.0999999999999999;0.0;6.811111111111111;0.8888888888888888;2.766666666666666;4.1;6.0;3.0;1.1;0.0;7.222222222222222;0.8888888888888888;2.777777777777778;4.108333333333333;6.0;4.0;1.1;0.0;6.51111111111111;0.9;2.744444444444444;4.043333333333334;6.0;4.0;1.1;0.0;7.711111111111111;0.888888888888889;2.766666666666667;3.3183333333333334;6.0;5.0;1.1;0.0;6.48888888888889;0.8888888888888888;2.766666666666666;4.0183333333333335;6.0;5.0;1.1;0.0;7.388888888888889;0.9222222222222222;2.8222222222222224;3.445;6.0;6.0;1.1;0.0;7.088888888888889;0.9333333333333336;2.8333333333333335;4.64;6.0;6.0;0.0
2.0444444444444443;7.377777777777777;83.71111111111111;6.944444444444444;2.9555555555555557;7.968333333333334;6.0;2.0;1.0999999999999999;0.0;7.8;0.8888888888888888;2.8000000000000003;4.675;6.0;3.0;1.0999999999999999;0.0;6.811111111111111;0.8888888888888888;2.766666666666666;4.1;6.0;3.0;1.1;0.0;7.222222222222222;0.8888888888888888;2.777777777777778;4.108333333333333;6.0;4.0;1.1;0.0;6.51111111111111;0.9;2.744444444444444;4.043333333333334;6.0;4.0;1.1;0.0;7.711111111111111;0.888888888888889;2.766666666666667;3.3183333333333334;6.0;5.0;1.1;0.0;6.48888888888889;0.8888888888888888;2.766666666666666;4.0183333333333335;6.0;5.0;1.1;0.0;7.388888888888889;0.9222222222222222;2.8222222222222224;3.445;6.0;6.0;1.1;0.0;7.088888888888889;0.9333333333333336;2.8333333333333335;4.64;6.0;6.0;1.1;0.0;7.322222222222222;0.9222222222222222;2.7999999999999994;3.6183333333333336;6.0;7.0;0.0
1.0999999999999999;0.0;7.8;0.8888888888888888;2.8000000000000003;4.675;6.0;3.0;1.0999999999999999;0.0;6.811111111111111;0.8888888888888888;2.766666666666666;4.1;6.0;3.0;1.1;0.0;7.222222222222222;0.8888888888888888;2.777777777777778;4.108333333333333;6.0;4.0;1.1;0.0;6.51111111111111;0.9;2.744444444444444;4.043333333333334;6.0;4.0;1.1;0.0;7.711111111111111;0.888888888888889;2.766666666666667;3.3183333333333334;6.0;5.0;1.1;0.0;6.48888888888889;0.8888888888888888;2.766666666666666;4.0183333333333335;6.0;5.0;1.1;0.0;7.388888888888889;0.9222222222222222;2.8222222222222224;3.445;6.0;6.0;1.1;0.0;7.088888888888889;0.9333333333333336;2.8333333333333335;4.64;6.0;6.0;1.1;0.0;7.322222222222222;0.9222222222222222;2.7999999999999994;3.6183333333333336;6.0;7.0;1.1222222222222225;0.0;7.033333333333334;0.888888888888889;2.733333333333333;4.215;6.0;7.0;0.0
1.0999999999999999;0.0;6.811111111111111;0.8888888888888888;2.766666666666666;4.1;6.0;3.0;1.1;0.0;7.222222222222222;0.8888888888888888;2.777777777777778;4.108333333333333;6.0;4.0;1.1;0.0;6.51111111111111;0.9;2.744444444444444;4.043333333333334;6.0;4.0;1.1;0.0;7.711111111111111;0.888888888888889;2.766666666666667;3.3183333333333334;6.0;5.0;1.1;0.0;6.48888888888889;0.8888888888888888;2.766666666666666;4.0183333333333335;6.0;5.0;1.1;0.0;7.388888888888889;0.9222222222222222;2.8222222222222224;3.445;6.0;6.0;1.1;0.0;7.088888888888889;0.9333333333333336;2.8333333333333335;4.64;6.0;6.0;1.1;0.0;7.322222222222222;0.9222222222222222;2.7999999999999994;3.6183333333333336;6.0;7.0;1.1222222222222225;0.0;7.033333333333334;0.888888888888889;2.733333333333333;4.215;6.0;7.0;1.1;0.0;7.2;0.9;2.788888888888889;4.87;6.0;8.0;0.0
1.1;0.0;7.222222222222222;0.8888888888888888;2.777777777777778;4.108333333333333;6.0;4.0;1.1;0.0;6.51111111111111;0.9;2.744444444444444;4.043333333333334;6.0;4.0;1.1;0.0;7.711111111111111;0.888888888888889;2.766666666666667;3.3183333333333334;6.0;5.0;1.1;0.0;6.48888888888889;0.8888888888888888;2.766666666666666;4.0183333333333335;6.0;5.0;1.1;0.0;7.388888888888889;0.9222222222222222;2.8222222222222224;3.445;6.0;6.0;1.1;0.0;7.088888888888889;0.9333333333333336;2.8333333333333335;4.64;6.0;6.0;1.1;0.0;7.322222222222222;0.9222222222222222;2.7999999999999994;3.6183333333333336;6.0;7.0;1.1222222222222225;0.0;7.033333333333334;0.888888888888889;2.733333333333333;4.215;6.0;7.0;1.1;0.0;7.2;0.9;2.788888888888889;4.87;6.0;8.0;1.1333333333333333;0.0;6.655555555555555;0.8777777777777778;2.722222222222222;4.123333333333334;6.0;8.0;0.0
1.1;0.0;6.51111111111111;0.9;2.744444444444444;4.043333333333334;6.0;4.0;1.1;0.0;7.711111111111111;0.888888888888889;2.766666666666667;3.3183333333333334;6.0;5.0;1.1;0.0;6.48888888888889;0.8888888888888888;2.766666666666666;4.0183333333333335;6.0;5.0;1.1;0.0;7.388888888888889;0.9222222222222222;2.8222222222222224;3.445;6.0;6.0;1.1;0.0;7.088888888888889;0.9333333333333336;2.8333333333333335;4.64;6.0;6.0;1.1;0.0;7.322222222222222;0.9222222222222222;2.7999999999999994;3.6183333333333336;6.0;7.0;1.1222222222222225;0.0;7.033333333333334;0.888888888888889;2.733333333333333;4.215;6.0;7.0;1.1;0.0;7.2;0.9;2.788888888888889;4.87;6.0;8.0;1.1333333333333333;0.0;6.655555555555555;0.8777777777777778;2.722222222222222;4.123333333333334;6.0;8.0;1.1;0.0;7.666666666666667;0.9;2.8333333333333335;3.7549999999999994;6.0;9.0;0.0
1.1;0.0;7.711111111111111;0.888888888888889;2.766666666666667;3.3183333333333334;6.0;5.0;1.1;0.0;6.48888888888889;0.8888888888888888;2.766666666666666;4.0183333333333335;6.0;5.0;1.1;0.0;7.388888888888889;0.9222222222222222;2.8222222222222224;3.445;6.0;6.0;1.1;0.0;7.088888888888889;0.9333333333333336;2.8333333333333335;4.64;6.0;6.0;1.1;0.0;7.322222222222222;0.9222222222222222;2.7999999999999994;3.6183333333333336;6.0;7.0;1.1222222222222225;0.0;7.033333333333334;0.888888888888889;2.733333333333333;4.215;6.0;7.0;1.1;0.0;7.2;0.9;2.788888888888889;4.87;6.0;8.0;1.1333333333333333;0.0;6.655555555555555;0.8777777777777778;2.722222222222222;4.123333333333334;6.0;8.0;1.1;0.0;7.666666666666667;0.9;2.8333333333333335;3.7549999999999994;6.0;9.0;1.1;0.0;6.7555555555555555;0.9;2.733333333333333;3.961666666666666;6.0;9.0;0.0
1.1;0.0;6.48888888888889;0.8888888888888888;2.766666666666666;4.0183333333333335;6.0;5.0;1.1;0.0;7.388888888888889;0.9222222222222222;2.8222222222222224;3.445;6.0;6.0;1.1;0.0;7.088888888888889;0.9333333333333336;2.8333333333333335;4.64;6.0;6.0;1.1;0.0;7.322222222222222;0.9222222222222222;2.7999999999999994;3.6183333333333336;6.0;7.0;1.1222222222222225;0.0;7.033333333333334;0.888888888888889;2.733333333333333;4.215;6.0;7.0;1.1;0.0;7.2;0.9;2.788888888888889;4.87;6.0;8.0;1.1333333333333333;0.0;6.655555555555555;0.8777777777777778;2.722222222222222;4.123333333333334;6.0;8.0;1.1;0.0;7.666666666666667;0.9;2.8333333333333335;3.7549999999999994;6.0;9.0;1.1;0.0;6.7555555555555555;0.9;2.733333333333333;3.961666666666666;6.0;9.0;1.1;0.0;7.566666666666666;0.9;2.744444444444444;4.2716666666666665;6.0;10.0;0.0
1.1;0.0;7.388888888888889;0.9222222222222222;2.8222222222222224;3.445;6.0;6.0;1.1;0.0;7.088888888888889;0.9333333333333336;2.8333333333333335;4.64;6.0;6.0;1.1;0.0;7.322222222222222;0.9222222222222222;2.7999999999999994;3.6183333333333336;6.0;7.0;1.1222222222222225;0.0;7.033333333333334;0.888888888888889;2.733333333333333;4.215;6.0;7.0;1.1;0.0;7.2;0.9;2.788888888888889;4.87;6.0;8.0;1.1333333333333333;0.0;6.655555555555555;0.8777777777777778;2.722222222222222;4.123333333333334;6.0;8.0;1.1;0.0;7.666666666666667;0.9;2.8333333333333335;3.7549999999999994;6.0;9.0;1.1;0.0;6.7555555555555555;0.9;2.733333333333333;3.961666666666666;6.0;9.0;1.1;0.0;7.566666666666666;0.9;2.744444444444444;4.2716666666666665;6.0;10.0;1.1;0.0;6.822222222222222;0.9222222222222222;2.733333333333333;3.4683333333333333;6.0;10.0;0.0
1.1;0.0;7.088888888888889;0.9333333333333336;2.8333333333333335;4.64;6.0;6.0;1.1;0.0;7.322222222222222;0.9222222222222222;2.7999999999999994;3.6183333333333336;6.0;7.0;1.1222222222222225;0.0;7.033333333333334;0.888888888888889;2.733333333333333;4.215;6.0;7.0;1.1;0.0;7.2;0.9;2.788888888888889;4.87;6.0;8.0;1.1333333333333333;0.0;6.655555555555555;0.8777777777777778;2.722222222222222;4.123333333333334;6.0;8.0;1.1;0.0;7.666666666666667;0.9;2.8333333333333335;3.7549999999999994;6.0;9.0;1.1;0.0;6.7555555555555555;0.9;2.733333333333333;3.961666666666666;6.0;9.0;1.1;0.0;7.566666666666666;0.9;2.744444444444444;4.2716666666666665;6.0;10.0;1.1;0.0;6.822222222222222;0.9222222222222222;2.733333333333333;3.4683333333333333;6.0;10.0;1.1;0.0;7.588888888888889;0.9333333333333336;2.744444444444444;5.051666666666667;6.0;11.0;0.0
1.1;0.0;7.322222222222222;0.9222222222222222;2.7999999999999994;3.6183333333333336;6.0;7.0;1.1222222222222225;0.0;7.033333333333334;0.888888888888889;2.733333333333333;4.215;6.0;7.0;1.1;0.0;7.2;0.9;2.788888888888889;4.87;6.0;8.0;1.1333333333333333;0.0;6.655555555555555;0.8777777777777778;2.722222222222222;4.123333333333334;6.0;8.0;1.1;0.0;7.666666666666667;0.9;2.8333333333333335;3.7549999999999994;6.0;9.0;1.1;0.0;6.7555555555555555;0.9;2.733333333333333;3.961666666666666;6.0;9.0;1.1;0.0;7.566666666666666;0.9;2.744444444444444;4.2716666666666665;6.0;10.0;1.1;0.0;6.822222222222222;0.9222222222222222;2.733333333333333;3.4683333333333333;6.0;10.0;1.1;0.0;7.588888888888889;0.9333333333333336;2.744444444444444;5.051666666666667;6.0;11.0;1.1111111111111112;0.0;7.000000000000001;0.9222222222222225;2.8333333333333335;4.351666666666667;6.0;11.0;0.0
1.1222222222222225;0.0;7.033333333333334;0.888888888888889;2.733333333333333;4.215;6.0;7.0;1.1;0.0;7.2;0.9;2.788888888888889;4.87;6.0;8.0;1.1333333333333333;0.0;6.655555555555555;0.8777777777777778;2.722222222222222;4.123333333333334;6.0;8.0;1.1;0.0;7.666666666666667;0.9;2.8333333333333335;3.7549999999999994;6.0;9.0;1.1;0.0;6.7555555555555555;0.9;2.733333333333333;3.961666666666666;6.0;9.0;1.1;0.0;7.566666666666666;0.9;2.744444444444444;4.2716666666666665;6.0;10.0;1.1;0.0;6.822222222222222;0.9222222222222222;2.733333333333333;3.4683333333333333;6.0;10.0;1.1;0.0;7.588888888888889;0.9333333333333336;2.744444444444444;5.051666666666667;6.0;11.0;1.1111111111111112;0.0;7.000000000000001;0.9222222222222225;2.8333333333333335;4.351666666666667;6.0;11.0;1.1;0.0;7.3;0.9555555555555557;2.8000000000000003;4.226666666666667;6.0;12.0;0.0
1.1;0.0;7.2;0.9;2.788888888888889;4.87;6.0;8.0;1.1333333333333333;0.0;6.655555555555555;0.8777777777777778;2.722222222222222;4.123333333333334;6.0;8.0;1.1;0.0;7.666666666666667;0.9;2.8333333333333335;3.7549999999999994;6.0;9.0;1.1;0.0;6.7555555555555555;0.9;2.733333333333333;3.961666666666666;6.0;9.0;1.1;0.0;7.566666666666666;0.9;2.744444444444444;4.2716666666666665;6.0;10.0;1.1;0.0;6.822222222222222;0.9222222222222222;2.733333333333333;3.4683333333333333;6.0;10.0;1.1;0.0;7.588888888888889;0.9333333333333336;2.744444444444444;5.051666666666667;6.0;11.0;1.1111111111111112;0.0;7.000000000000001;0.9222222222222225;2.8333333333333335;4.351666666666667;6.0;11.0;1.1;0.0;7.3;0.9555555555555557;2.8000000000000003;4.226666666666667;6.0;12.0;1.1111111111111112;0.0;6.955555555555556;0.9111111111111111;2.766666666666667;4.845000000000001;6.0;12.0;0.0
1.1333333333333333;0.0;6.655555555555555;0.8777777777777778;2.722222222222222;4.123333333333334;6.0;8.0;1.1;0.0;7.666666666666667;0.9;2.8333333333333335;3.7549999999999994;6.0;9.0;1.1;0.0;6.7555555555555555;0.9;2.733333333333333;3.961666666666666;6.0;9.0;1.1;0.0;7.566666666666666;0.9;2.744444444444444;4.2716666666666665;6.0;10.0;1.1;0.0;6.822222222222222;0.9222222222222222;2.733333333333333;3.4683333333333333;6.0;10.0;1.1;0.0;7.588888888888889;0.9333333333333336;2.744444444444444;5.051666666666667;6.0;11.0;1.1111111111111112;0.0;7.000000000000001;0.9222222222222225;2.8333333333333335;4.351666666666667;6.0;11.0;1.1;0.0;7.3;0.9555555555555557;2.8000000000000003;4.226666666666667;6.0;12.0;1.1111111111111112;0.0;6.955555555555556;0.9111111111111111;2.766666666666667;4.845000000000001;6.0;12.0;1.1;0.0;7.777777777777778;0.888888888888889;2.7777777777777772;4.365;6.0;13.0;0.0
1.1;0.0;7.666666666666667;0.9;2.8333333333333335;3.7549999999999994;6.0;9.0;1.1;0.0;6.7555555555555555;0.9;2.733333333333333;3.961666666666666;6.0;9.0;1.1;0.0;7.566666666666666;0.9;2.744444444444444;4.2716666666666665;6.0;10.0;1.1;0.0;6.822222222222222;0.9222222222222222;2.733333333333333;3.4683333333333333;6.0;10.0;1.1;0.0;7.588888888888889;0.9333333333333336;2.744444444444444;5.051666666666667;6.0;11.0;1.1111111111111112;0.0;7.000000000000001;0.9222222222222225;2.8333333333333335;4.351666666666667;6.0;11.0;1.1;0.0;7.3;0.9555555555555557;2.8000000000000003;4.226666666666667;6.0;12.0;1.1111111111111112;0.0;6.955555555555556;0.9111111111111111;2.766666666666667;4.845000000000001;6.0;12.0;1.1;0.0;7.777777777777778;0.888888888888889;2.7777777777777772;4.365;6.0;13.0;1.1;0.0;6.544444444444444;0.888888888888889;2.722222222222222;3.686666666666667;6.0;13.0;0.0
1.1;0.0;6.7555555555555555;0.9;2.733333333333333;3.961666666666666;6.0;9.0;1.1;0.0;7.566666666666666;0.9;2.744444444444444;4.2716666666666665;6.0;10.0;1.1;0.0;6.822222222222222;0.9222222222222222;2.733333333333333;3.4683333333333333;6.0;10.0;1.1;0.0;7.588888888888889;0.9333333333333336;2.744444444444444;5.051666666666667;6.0;11.0;1.1111111111111112;0.0;7.000000000000001;0.9222222222222225;2.8333333333333335;4.351666666666667;6.0;11.0;1.1;0.0;7.3;0.9555555555555557;2.8000000000000003;4.226666666666667;6.0;12.0;1.1111111111111112;0.0;6.955555555555556;0.9111111111111111;2.766666666666667;4.845000000000001;6.0;12.0;1.1;0.0;7.777777777777778;0.888888888888889;2.7777777777777772;4.365;6.0;13.0;1.1;0.0;6.544444444444444;0.888888888888889;2.722222222222222;3.686666666666667;6.0;13.0;1.1222222222222225;0.0;7.733333333333333;0.8999999999999999;2.8222222222222224;4.661666666666666;6.0;14.0;0.0
1.1;0.0;7.566666666666666;0.9;2.744444444444444;4.2716666666666665;6.0;10.0;1.1;0.0;6.822222222222222;0.9222222222222222;2.733333333333333;3.4683333333333333;6.0;10.0;1.1;0.0;7.588888888888889;0.9333333333333336;2.744444444444444;5.051666666666667;6.0;11.0;1.1111111111111112;0.0;7.000000000000001;0.9222222222222225;2.8333333333333335;4.351666666666667;6.0;11.0;1.1;0.0;7.3;0.9555555555555557;2.8000000000000003;4.226666666666667;6.0;12.0;1.1111111111111112;0.0;6.955555555555556;0.9111111111111111;2.766666666666667;4.845000000000001;6.0;12.0;1.1;0.0;7.777777777777778;0.888888888888889;2.7777777777777772;4.365;6.0;13.0;1.1;0.0;6.544444444444444;0.888888888888889;2.722222222222222;3.686666666666667;6.0;13.0;1.1222222222222225;0.0;7.733333333333333;0.8999999999999999;2.8222222222222224;4.661666666666666;6.0;14.0;1.1;0.0;6.577777777777778;0.8666666666666667;2.766666666666666;3.5366666666666666;6.0;14.0;0.0
1.1;0.0;6.822222222222222;0.9222222222222222;2.733333333333333;3.4683333333333333;6.0;10.0;1.1;0.0;7.588888888888889;0.9333333333333336;2.744444444444444;5.051666666666667;6.0;11.0;1.1111111111111112;0.0;7.000000000000001;0.9222222222222225;2.8333333333333335;4.351666666666667;6.0;11.0;1.1;0.0;7.3;0.9555555555555557;2.8000000000000003;4.226666666666667;6.0;12.0;1.1111111111111112;0.0;6.955555555555556;0.9111111111111111;2.766666666666667;4.845000000000001;6.0;12.0;1.1;0.0;7.777777777777778;0.888888888888889;2.7777777777777772;4.365;6.0;13.0;1.1;0.0;6.544444444444444;0.888888888888889;2.722222222222222;3.686666666666667;6.0;13.0;1.1222222222222225;0.0;7.733333333333333;0.8999999999999999;2.8222222222222224;4.661666666666666;6.0;14.0;1.1;0.0;6.577777777777778;0.8666666666666667;2.766666666666666;3.5366666666666666;6.0;14.0;1.1;0.0;7.5888888888888895;0.9111111111111111;2.777777777777778;5.213333333333334;6.0;15.0;0.0
1.1;0.0;7.588888888888889;0.9333333333333336;2.744444444444444;5.051666666666667;6.0;11.0;1.1111111111111112;0.0;7.000000000000001;0.9222222222222225;2.8333333333333335;4.351666666666667;6.0;11.0;1.1;0.0;7.3;0.9555555555555557;2.8000000000000003;4.226666666666667;6.0;12.0;1.1111111111111112;0.0;6.955555555555556;0.9111111111111111;2.766666666666667;4.845000000000001;6.0;12.0;1.1;0.0;7.777777777777778;0.888888888888889;2.7777777777777772;4.365;6.0;13.0;1.1;0.0;6.544444444444444;0.888888888888889;2.722222222222222;3.686666666666667;6.0;13.0;1.1222222222222225;0.0;7.733333333333333;0.8999999999999999;2.8222222222222224;4.661666666666666;6.0;14.0;1.1;0.0;6.577777777777778;0.8666666666666667;2.766666666666666;3.5366666666666666;6.0;14.0;1.1;0.0;7.5888888888888895;0.9111111111111111;2.777777777777778;5.213333333333334;6.0;15.0;1.1;0.0;6.566666666666666;0.9;2.733333333333333;4.651666666666666;6.0;15.0;0.0
1.1111111111111112;0.0;7.000000000000001;0.9222222222222225;2.8333333333333335;4.351666666666667;6.0;11.0;1.1;0.0;7.3;0.9555555555555557;2.8000000000000003;4.226666666666667;6.0;12.0;1.1111111111111112;0.0;6.955555555555556;0.9111111111111111;2.766666666666667;4.845000000000001;6.0;12.0;1.1;0.0;7.777777777777778;0.888888888888889;2.7777777777777772;4.365;6.0;13.0;1.1;0.0;6.544444444444444;0.888888888888889;2.722222222222222;3.686666666666667;6.0;13.0;1.1222222222222225;0.0;7.733333333333333;0.8999999999999999;2.8222222222222224;4.661666666666666;6.0;14.0;1.1;0.0;6.577777777777778;0.8666666666666667;2.766666666666666;3.5366666666666666;6.0;14.0;1.1;0.0;7.5888888888888895;0.9111111111111111;2.777777777777778;5.213333333333334;6.0;15.0;1.1;0.0;6.566666666666666;0.9;2.733333333333333;4.651666666666666;6.0;15.0;1.1;0.0;7.377777777777777;0.8888888888888888;2.8000000000000003;4.168333333333333;6.0;16.0;0.0
1.1;0.0;7.3;0.9555555555555557;2.8000000000000003;4.226666666666667;6.0;12.0;1.1111111111111112;0.0;6.955555555555556;0.9111111111111111;2.766666666666667;4.845000000000001;6.0;12.0;1.1;0.0;7.777777777777778;0.888888888888889;2.7777777777777772;4.365;6.0;13.0;1.1;0.0;6.544444444444444;0.888888888888889;2.722222222222222;3.686666666666667;6.0;13.0;1.1222222222222225;0.0;7.733333333333333;0.8999999999999999;2.8222222222222224;4.661666666666666;6.0;14.0;1.1;0.0;6.577777777777778;0.8666666666666667;2.766666666666666;3.5366666666666666;6.0;14.0;1.1;0.0;7.5888888888888895;0.9111111111111111;2.777777777777778;5.213333333333334;6.0;15.0;1.1;0.0;6.566666666666666;0.9;2.733333333333333;4.651666666666666;6.0;15.0;1.1;0.0;7.377777777777777;0.8888888888888888;2.8000000000000003;4.168333333333333;6.0;16.0;1.1333333333333333;0.0;6.766666666666667;0.8777777777777778;2.8111111111111113;3.985;6.0;16.0;0.0
1.1111111111111112;0.0;6.955555555555556;0.9111111111111111;2.766666666666667;4.845000000000001;6.0;12.0;1.1;0.0;7.777777777777778;0.888888888888889;2.7777777777777772;4.365;6.0;13.0;1.1;0.0;6.544444444444444;0.888888888888889;2.722222222222222;3.686666666666667;6.0;13.0;1.1222222222222225;0.0;7.733333333333333;0.8999999999999999;2.8222222222222224;4.661666666666666;6.0;14.0;1.1;0.0;6.577777777777778;0.8666666666666667;2.766666666666666;3.5366666666666666;6.0;14.0;1.1;0.0;7.5888888888888895;0.9111111111111111;2.777777777777778;5.213333333333334;6.0;15.0;1.1;0.0;6.566666666666666;0.9;2.733333333333333;4.651666666666666;6.0;15.0;1.1;0.0;7.377777777777777;0.8888888888888888;2.8000000000000003;4.168333333333333;6.0;16.0;1.1333333333333333;0.0;6.766666666666667;0.8777777777777778;2.8111111111111113;3.985;6.0;16.0;1.1;0.0;7.488888888888888;0.8555555555555555;2.755555555555555;4.5;6.0;17.0;0.0
1.1;0.0;7.777777777777778;0.888888888888889;2.7777777777777772;4.365;6.0;13.0;1.1;0.0;6.544444444444444;0.888888888888889;2.722222222222222;3.686666666666667;6.0;13.0;1.1222222222222225;0.0;7.733333333333333;0.8999999999999999;2.8222222222222224;4.661666666666666;6.0;14.0;1.1;0.0;6.577777777777778;0.8666666666666667;2.766666666666666;3.5366666666666666;6.0;14.0;1.1;0.0;7.5888888888888895;0.9111111111111111;2.777777777777778;5.213333333333334;6.0;15.0;1.1;0.0;6.566666666666666;0.9;2.733333333333333;4.651666666666666;6.0;15.0;1.1;0.0;7.377777777777777;0.8888888888888888;2.8000000000000003;4.168333333333333;6.0;16.0;1.1333333333333333;0.0;6.766666666666667;0.8777777777777778;2.8111111111111113;3.985;6.0;16.0;1.1;0.0;7.488888888888888;0.8555555555555555;2.755555555555555;4.5;6.0;17.0;1.1222222222222225;0.0;6.888888888888888;0.8666666666666668;2.744444444444444;4.158333333333333;6.0;17.0;0.0
1.1;0.0;6.544444444444444;0.888888888888889;2.722222222222222;3.686666666666667;6.0;13.0;1.1222222222222225;0.0;7.733333333333333;0.8999999999999999;2.8222222222222224;4.661666666666666;6.0;14.0;1.1;0.0;6.577777777777778;0.8666666666666667;2.766666666666666;3.5366666666666666;6.0;14.0;1.1;0.0;7.5888888888888895;0.9111111111111111;2.777777777777778;5.213333333333334;6.0;15.0;1.1;0.0;6.566666666666666;0.9;2.733333333333333;4.651666666666666;6.0;15.0;1.1;0.0;7.377777777777777;0.8888888888888888;2.8000000000000003;4.168333333333333;6.0;16.0;1.1333333333333333;0.0;6.766666666666667;0.8777777777777778;2.8111111111111113;3.985;6.0;16.0;1.1;0.0;7.488888888888888;0.8555555555555555;2.755555555555555;4.5;6.0;17.0;1.1222222222222225;0.0;6.888888888888888;0.8666666666666668;2.744444444444444;4.158333333333333;6.0;17.0;1.1;0.0;7.288888888888889;0.8777777777777779;2.6999999999999997;4.098333333333334;6.0;18.0;0.0
1.1222222222222225;0.0;7.733333333333333;0.8999999999999999;2.8222222222222224;4.661666666666666;6.0;14.0;1.1;0.0;6.577777777777778;0.8666666666666667;2.766666666666666;3.5366666666666666;6.0;14.0;1.1;0.0;7.5888888888888895;0.9111111111111111;2.777777777777778;5.213333333333334;6.0;15.0;1.1;0.0;6.566666666666666;0.9;2.733333333333333;4.651666666666666;6.0;15.0;1.1;0.0;7.377777777777777;0.8888888888888888;2.8000000000000003;4.168333333333333;6.0;16.0;1.1333333333333333;0.0;6.766666666666667;0.8777777777777778;2.8111111111111113;3.985;6.0;16.0;1.1;0.0;7.488888888888888;0.8555555555555555;2.755555555555555;4.5;6.0;17.0;1.1222222222222225;0.0;6.888888888888888;0.8666666666666668;2.744444444444444;4.158333333333333;6.0;17.0;1.1;0.0;7.288888888888889;0.8777777777777779;2.6999999999999997;4.098333333333334;6.0;18.0;1.1;0.0;6.811111111111111;0.8666666666666667;2.777777777777778;4.501666666666668;6.0;18.0;0.0
1.1;0.0;6.577777777777778;0.8666666666666667;2.766666666666666;3.5366666666666666;6.0;14.0;1.1;0.0;7.5888888888888895;0.9111111111111111;2.777777777777778;5.213333333333334;6.0;15.0;1.1;0.0;6.566666666666666;0.9;2.733333333333333;4.651666666666666;6.0;15.0;1.1;0.0;7.377777777777777;0.8888888888888888;2.8000000000000003;4.168333333333333;6.0;16.0;1.1333333333333333;0.0;6.766666666666667;0.8777777777777778;2.8111111111111113;3.985;6.0;16.0;1.1;0.0;7.488888888888888;0.8555555555555555;2.755555555555555;4.5;6.0;17.0;1.1222222222222225;0.0;6.888888888888888;0.8666666666666668;2.744444444444444;4.158333333333333;6.0;17.0;1.1;0.0;7.288888888888889;0.8777777777777779;2.6999999999999997;4.098333333333334;6.0;18.0;1.1;0.0;6.811111111111111;0.8666666666666667;2.777777777777778;4.501666666666668;6.0;18.0;1.1444444444444446;0.0;7.577777777777778;0.9666666666666667;2.777777777777778;4.801666666666667;6.0;19.0;0.0
1.1;0.0;7.5888888888888895;0.9111111111111111;2.777777777777778;5.213333333333334;6.0;15.0;1.1;0.0;6.566666666666666;0.9;2.733333333333333;4.651666666666666;6.0;15.0;1.1;0.0;7.377777777777777;0.8888888888888888;2.8000000000000003;4.168333333333333;6.0;16.0;1.1333333333333333;0.0;6.766666666666667;0.8777777777777778;2.8111111111111113;3.985;6.0;16.0;1.1;0.0;7.488888888888888;0.8555555555555555;2.755555555555555;4.5;6.0;17.0;1.1222222222222225;0.0;6.888888888888888;0.8666666666666668;2.744444444444444;4.158333333333333;6.0;17.0;1.1;0.0;7.288888888888889;0.8777777777777779;2.6999999999999997;4.098333333333334;6.0;18.0;1.1;0.0;6.811111111111111;0.8666666666666667;2.777777777777778;4.501666666666668;6.0;18.0;1.1444444444444446;0.0;7.577777777777778;0.9666666666666667;2.777777777777778;4.801666666666667;6.0;19.0;1.1333333333333333;0.0;6.711111111111111;0.9333333333333335;2.766666666666667;4.5616666666666665;6.0;19.0;0.0
1.1;0.0;6.566666666666666;0.9;2.733333333333333;4.651666666666666;6.0;15.0;1.1;0.0;7.377777777777777;0.8888888888888888;2.8000000000000003;4.168333333333333;6.0;16.0;1.1333333333333333;0.0;6.766666666666667;0.8777777777777778;2.8111111111111113;3.985;6.0;16.0;1.1;0.0;7.488888888888888;0.8555555555555555;2.755555555555555;4.5;6.0;17.0;1.1222222222222225;0.0;6.888888888888888;0.8666666666666668;2.744444444444444;4.158333333333333;6.0;17.0;1.1;0.0;7.288888888888889;0.8777777777777779;2.6999999999999997;4.098333333333334;6.0;18.0;1.1;0.0;6.811111111111111;0.8666666666666667;2.777777777777778;4.501666666666668;6.0;18.0;1.1444444444444446;0.0;7.577777777777778;0.9666666666666667;2.777777777777778;4.801666666666667;6.0;19.0;1.1333333333333333;0.0;6.711111111111111;0.9333333333333335;2.766666666666667;4.5616666666666665;6.0;19.0;1.1666666666666667;0.0;7.455555555555556;0.9333333333333335;2.755555555555556;4.248333333333333;6.0;20.0;0.0
1.1;0.0;7.377777777777777;0.8888888888888888;2.8000000000000003;4.168333333333333;6.0;16.0;1.1333333333333333;0.0;6.766666666666667;0.8777777777777778;2.8111111111111113;3.985;6.0;16.0;1.1;0.0;7.488888888888888;0.8555555555555555;2.755555555555555;4.5;6.0;17.0;1.1222222222222225;0.0;6.888888888888888;0.8666666666666668;2.744444444444444;4.158333333333333;6.0;17.0;1.1;0.0;7.288888888888889;0.8777777777777779;2.6999999999999997;4.098333333333334;6.0;18.0;1.1;0.0;6.811111111111111;0.8666666666666667;2.777777777777778;4.501666666666668;6.0;18.0;1.1444444444444446;0.0;7.577777777777778;0.9666666666666667;2.777777777777778;4.801666666666667;6.0;19.0;1.1333333333333333;0.0;6.711111111111111;0.9333333333333335;2.766666666666667;4.5616666666666665;6.0;19.0;1.1666666666666667;0.0;7.455555555555556;0.9333333333333335;2.755555555555556;4.248333333333333;6.0;20.0;1.1777777777777778;0.0;6.611111111111111;0.9555555555555557;2.733333333333333;4.226666666666667;6.0;20.0;0.0
1.1333333333333333;0.0;6.766666666666667;0.8777777777777778;2.8111111111111113;3.985;6.0;16.0;1.1;0.0;7.488888888888888;0.8555555555555555;2.755555555555555;4.5;6.0;17.0;1.1222222222222225;0.0;6.888888888888888;0.8666666666666668;2.744444444444444;4.158333333333333;6.0;17.0;1.1;0.0;7.288888888888889;0.8777777777777779;2.6999999999999997;4.098333333333334;6.0;18.0;1.1;0.0;6.811111111111111;0.8666666666666667;2.777777777777778;4.501666666666668;6.0;18.0;1.1444444444444446;0.0;7.577777777777778;0.9666666666666667;2.777777777777778;4.801666666666667;6.0;19.0;1.1333333333333333;0.0;6.711111111111111;0.9333333333333335;2.766666666666667;4.5616666666666665;6.0;19.0;1.1666666666666667;0.0;7.455555555555556;0.9333333333333335;2.755555555555556;4.248333333333333;6.0;20.0;1.1777777777777778;0.0;6.611111111111111;0.9555555555555557;2.733333333333333;4.226666666666667;6.0;20.0;1.166666666666667;0.0;7.655555555555556;0.9333333333333335;2.744444444444444;4.123333333333333;6.0;21.0;0.0
1.1;0.0;7.488888888888888;0.8555555555555555;2.755555555555555;4.5;6.0;17.0;1.1222222222222225;0.0;6.888888888888888;0.8666666666666668;2.744444444444444;4.158333333333333;6.0;17.0;1.1;0.0;7.288888888888889;0.8777777777777779;2.6999999999999997;4.098333333333334;6.0;18.0;1.1;0.0;6.811111111111111;0.8666666666666667;2.777777777777778;4.501666666666668;6.0;18.0;1.1444444444444446;0.0;7.577777777777778;0.9666666666666667;2.777777777777778;4.801666666666667;6.0;19.0;1.1333333333333333;0.0;6.711111111111111;0.9333333333333335;2.766666666666667;4.5616666666666665;6.0;19.0;1.1666666666666667;0.0;7.455555555555556;0.9333333333333335;2.755555555555556;4.248333333333333;6.0;20.0;1.1777777777777778;0.0;6.611111111111111;0.9555555555555557;2.733333333333333;4.226666666666667;6.0;20.0;1.166666666666667;0.0;7.655555555555556;0.9333333333333335;2.744444444444444;4.123333333333333;6.0;21.0;1.1444444444444446;0.0;6.666666666666667;0.9;2.711111111111111;4.616666666666667;6.0;21.0;0.0
1.1222222222222225;0.0;6.888888888888888;0.8666666666666668;2.744444444444444;4.158333333333333;6.0;17.0;1.1;0.0;7.288888888888889;0.8777777777777779;2.6999999999999997;4.098333333333334;6.0;18.0;1.1;0.0;6.811111111111111;0.8666666666666667;2.777777777777778;4.501666666666668;6.0;18.0;1.1444444444444446;0.0;7.577777777777778;0.9666666666666667;2.777777777777778;4.801666666666667;6.0;19.0;1.1333333333333333;0.0;6.711111111111111;0.9333333333333335;2.766666666666667;4.5616666666666665;6.0;19.0;1.1666666666666667;0.0;7.455555555555556;0.9333333333333335;2.755555555555556;4.248333333333333;6.0;20.0;1.1777777777777778;0.0;6.611111111111111;0.9555555555555557;2.733333333333333;4.226666666666667;6.0;20.0;1.166666666666667;0.0;7.655555555555556;0.9333333333333335;2.744444444444444;4.123333333333333;6.0;21.0;1.1444444444444446;0.0;6.666666666666667;0.9;2.711111111111111;4.616666666666667;6.0;21.0;1.177777777777778;0.0;7.2444444444444445;0.9111111111111111;2.722222222222222;4.191666666666666;6.0;22.0;0.0
1.1;0.0;7.288888888888889;0.8777777777777779;2.6999999999999997;4.098333333333334;6.0;18.0;1.1;0.0;6.811111111111111;0.8666666666666667;2.777777777777778;4.501666666666668;6.0;18.0;1.1444444444444446;0.0;7.577777777777778;0.9666666666666667;2.777777777777778;4.801666666666667;6.0;19.0;1.1333333333333333;0.0;6.711111111111111;0.9333333333333335;2.766666666666667;4.5616666666666665;6.0;19.0;1.1666666666666667;0.0;7.455555555555556;0.9333333333333335;2.755555555555556;4.248333333333333;6.0;20.0;1.1777777777777778;0.0;6.611111111111111;0.9555555555555557;2.733333333333333;4.226666666666667;6.0;20.0;1.166666666666667;0.0;7.655555555555556;0.9333333333333335;2.744444444444444;4.123333333333333;6.0;21.0;1.1444444444444446;0.0;6.666666666666667;0.9;2.711111111111111;4.616666666666667;6.0;21.0;1.177777777777778;0.0;7.2444444444444445;0.9111111111111111;2.722222222222222;4.191666666666666;6.0;22.0;1.1777777777777778;0.0;6.7555555555555555;0.888888888888889;2.6999999999999997;4.088333333333334;6.0;22.0;0.0
1.1;0.0;6.811111111111111;0.8666666666666667;2.777777777777778;4.501666666666668;6.0;18.0;1.1444444444444446;0.0;7.577777777777778;0.9666666666666667;2.777777777777778;4.801666666666667;6.0;19.0;1.1333333333333333;0.0;6.711111111111111;0.9333333333333335;2.766666666666667;4.5616666666666665;6.0;19.0;1.1666666666666667;0.0;7.455555555555556;0.9333333333333335;2.755555555555556;4.248333333333333;6.0;20.0;1.1777777777777778;0.0;6.611111111111111;0.9555555555555557;2.733333333333333;4.226666666666667;6.0;20.0;1.166666666666667;0.0;7.655555555555556;0.9333333333333335;2.744444444444444;4.123333333333333;6.0;21.0;1.1444444444444446;0.0;6.666666666666667;0.9;2.711111111111111;4.616666666666667;6.0;21.0;1.177777777777778;0.0;7.2444444444444445;0.9111111111111111;2.722222222222222;4.191666666666666;6.0;22.0;1.1777777777777778;0.0;6.7555555555555555;0.888888888888889;2.6999999999999997;4.088333333333334;6.0;22.0;1.1222222222222225;0.0;7.544444444444444;0.9333333333333332;3.088888888888889;5.318333333333333;6.0;23.0;0.0
1.1444444444444446;0.0;7.577777777777778;0.9666666666666667;2.777777777777778;4.801666666666667;6.0;19.0;1.1333333333333333;0.0;6.711111111111111;0.9333333333333335;2.766666666666667;4.5616666666666665;6.0;19.0;1.1666666666666667;0.0;7.455555555555556;0.9333333333333335;2.755555555555556;4.248333333333333;6.0;20.0;1.1777777777777778;0.0;6.611111111111111;0.9555555555555557;2.733333333333333;4.226666666666667;6.0;20.0;1.166666666666667;0.0;7.655555555555556;0.9333333333333335;2.744444444444444;4.123333333333333;6.0;21.0;1.1444444444444446;0.0;6.666666666666667;0.9;2.711111111111111;4.616666666666667;6.0;21.0;1.177777777777778;0.0;7.2444444444444445;0.9111111111111111;2.722222222222222;4.191666666666666;6.0;22.0;1.1777777777777778;0.0;6.7555555555555555;0.888888888888889;2.6999999999999997;4.088333333333334;6.0;22.0;1.1222222222222225;0.0;7.544444444444444;0.9333333333333332;3.088888888888889;5.318333333333333;6.0;23.0;1.1333333333333335;0.0;6.666666666666667;0.9444444444444446;2.6777777777777776;3.7083333333333335;6.0;23.0;0.0
1.1333333333333333;0.0;6.711111111111111;0.9333333333333335;2.766666666666667;4.5616666666666665;6.0;19.0;1.1666666666666667;0.0;7.455555555555556;0.9333333333333335;2.755555555555556;4.248333333333333;6.0;20.0;1.1777777777777778;0.0;6.611111111111111;0.9555555555555557;2.733333333333333;4.226666666666667;6.0;20.0;1.166666666666667;0.0;7.655555555555556;0.9333333333333335;2.744444444444444;4.123333333333333;6.0;21.0;1.1444444444444446;0.0;6.666666666666667;0.9;2.711111111111111;4.616666666666667;6.0;21.0;1.177777777777778;0.0;7.2444444444444445;0.9111111111111111;2.722222222222222;4.191666666666666;6.0;22.0;1.1777777777777778;0.0;6.7555555555555555;0.888888888888889;2.6999999999999997;4.088333333333334;6.0;22.0;1.1222222222222225;0.0;7.544444444444444;0.9333333333333332;3.088888888888889;5.318333333333333;6.0;23.0;1.1333333333333335;0.0;6.666666666666667;0.9444444444444446;2.6777777777777776;3.7083333333333335;6.0;23.0;1.1222222222222225;0.0;7.734188034188034;0.8777777777777778;2.7888888888888883;4.236666666666666;0.0;0.0;0.0
1.1666666666666667;0.0;7.455555555555556;0.9333333333333335;2.755555555555556;4.248333333333333;6.0;20.0;1.1777777777777778;0.0;6.611111111111111;0.9555555555555557;2.733333333333333;4.226666666666667;6.0;20.0;1.166666666666667;0.0;7.655555555555556;0.9333333333333335;2.744444444444444;4.123333333333333;6.0;21.0;1.1444444444444446;0.0;6.666666666666667;0.9;2.711111111111111;4.616666666666667;6.0;21.0;1.177777777777778;0.0;7.2444444444444445;0.9111111111111111;2.722222222222222;4.191666666666666;6.0;22.0;1.1777777777777778;0.0;6.7555555555555555;0.888888888888889;2.6999999999999997;4.088333333333334;6.0;22.0;1.1222222222222225;0.0;7.544444444444444;0.9333333333333332;3.088888888888889;5.318333333333333;6.0;23.0;1.1333333333333335;0.0;6.666666666666667;0.9444444444444446;2.6777777777777776;3.7083333333333335;6.0;23.0;1.1222222222222225;0.0;7.734188034188034;0.8777777777777778;2.7888888888888883;4.236666666666666;0.0;0.0;1.1111111111111112;0.0;6.811111111111111;0.9333333333333335;2.755555555555555;3.48;0.0;0.0;0.0
1.1777777777777778;0.0;6.611111111111111;0.9555555555555557;2.733333333333333;4.226666666666667;6.0;20.0;1.166666666666667;0.0;7.655555555555556;0.9333333333333335;2.744444444444444;4.123333333333333;6.0;21.0;1.1444444444444446;0.0;6.666666666666667;0.9;2.711111111111111;4.616666666666667;6.0;21.0;1.177777777777778;0.0;7.2444444444444445;0.9111111111111111;2.722222222222222;4.191666666666666;6.0;22.0;1.1777777777777778;0.0;6.7555555555555555;0.888888888888889;2.6999999999999997;4.088333333333334;6.0;22.0;1.1222222222222225;0.0;7.544444444444444;0.9333333333333332;3.088888888888889;5.318333333333333;6.0;23.0;1.1333333333333335;0.0;6.666666666666667;0.9444444444444446;2.6777777777777776;3.7083333333333335;6.0;23.0;1.1222222222222225;0.0;7.734188034188034;0.8777777777777778;2.7888888888888883;4.236666666666666;0.0;0.0;1.1111111111111112;0.0;6.811111111111111;0.9333333333333335;2.755555555555555;3.48;0.0;0.0;1.1333333333333335;0.0;7.611111111111112;0.9666666666666668;2.722222222222222;5.535;0.0;1.0;0.0
1.166666666666667;0.0;7.655555555555556;0.9333333333333335;2.744444444444444;4.123333333333333;6.0;21.0;1.1444444444444446;0.0;6.666666666666667;0.9;2.711111111111111;4.616666666666667;6.0;21.0;1.177777777777778;0.0;7.2444444444444445;0.9111111111111111;2.722222222222222;4.191666666666666;6.0;22.0;1.1777777777777778;0.0;6.7555555555555555;0.888888888888889;2.6999999999999997;4.088333333333334;6.0;22.0;1.1222222222222225;0.0;7.544444444444444;0.9333333333333332;3.088888888888889;5.318333333333333;6.0;23.0;1.1333333333333335;0.0;6.666666666666667;0.9444444444444446;2.6777777777777776;3.7083333333333335;6.0;23.0;1.1222222222222225;0.0;7.734188034188034;0.8777777777777778;2.7888888888888883;4.236666666666666;0.0;0.0;1.1111111111111112;0.0;6.811111111111111;0.9333333333333335;2.755555555555555;3.48;0.0;0.0;1.1333333333333335;0.0;7.611111111111112;0.9666666666666668;2.722222222222222;5.535;0.0;1.0;1.1111111111111112;0.0;6.666666666666667;0.9444444444444446;2.6777777777777776;4.386666666666667;0.0;1.0;0.0
1.1444444444444446;0.0;6.666666666666667;0.9;2.711111111111111;4.616666666666667;6.0;21.0;1.177777777777778;0.0;7.2444444444444445;0.9111111111111111;2.722222222222222;4.191666666666666;6.0;22.0;1.1777777777777778;0.0;6.7555555555555555;0.888888888888889;2.6999999999999997;4.088333333333334;6.0;22.0;1.1222222222222225;0.0;7.544444444444444;0.9333333333333332;3.088888888888889;5.318333333333333;6.0;23.0;1.1333333333333335;0.0;6.666666666666667;0.9444444444444446;2.6777777777777776;3.7083333333333335;6.0;23.0;1.1222222222222225;0.0;7.734188034188034;0.8777777777777778;2.7888888888888883;4.236666666666666;0.0;0.0;1.1111111111111112;0.0;6.811111111111111;0.9333333333333335;2.755555555555555;3.48;0.0;0.0;1.1333333333333335;0.0;7.611111111111112;0.9666666666666668;2.722222222222222;5.535;0.0;1.0;1.1111111111111112;0.0;6.666666666666667;0.9444444444444446;2.6777777777777776;4.386666666666667;0.0;1.0;1.6666666666666667;0.0;62.45555555555555;1.888888888888889;2.8555555555555556;7.753333333333334;0.0;2.0;0.0
1.177777777777778;0.0;7.2444444444444445;0.9111111111111111;2.722222222222222;4.191666666666666;6.0;22.0;1.1777777777777778;0.0;6.7555555555555555;0.888888888888889;2.6999999999999997;4.088333333333334;6.0;22.0;1.1222222222222225;0.0;7.544444444444444;0.9333333333333332;3.088888888888889;5.318333333333333;6.0;23.0;1.1333333333333335;0.0;6.666666666666667;0.9444444444444446;2.6777777777777776;3.7083333333333335;6.0;23.0;1.1222222222222225;0.0;7.734188034188034;0.8777777777777778;2.7888888888888883;4.236666666666666;0.0;0.0;1.1111111111111112;0.0;6.811111111111111;0.9333333333333335;2.755555555555555;3.48;0.0;0.0;1.1333333333333335;0.0;7.611111111111112;0.9666666666666668;2.722222222222222;5.535;0.0;1.0;1.1111111111111112;0.0;6.666666666666667;0.9444444444444446;2.6777777777777776;4.386666666666667;0.0;1.0;1.6666666666666667;0.0;62.45555555555555;1.888888888888889;2.8555555555555556;7.753333333333334;0.0;2.0;1.0888888888888888;0.0;6.722222222222222;0.9222222222222222;2.722222222222222;3.858333333333334;0.0;2.0;0.0
1.1777777777777778;0.0;6.7555555555555555;0.888888888888889;2.6999999999999997;4.088333333333334;6.0;22.0;1.1222222222222225;0.0;7.544444444444444;0.9333333333333332;3.088888888888889;5.318333333333333;6.0;23.0;1.1333333333333335;0.0;6.666666666666667;0.9444444444444446;2.6777777777777776;3.7083333333333335;6.0;23.0;1.1222222222222225;0.0;7.734188034188034;0.8777777777777778;2.7888888888888883;4.236666666666666;0.0;0.0;1.1111111111111112;0.0;6.811111111111111;0.9333333333333335;2.755555555555555;3.48;0.0;0.0;1.1333333333333335;0.0;7.611111111111112;0.9666666666666668;2.722222222222222;5.535;0.0;1.0;1.1111111111111112;0.0;6.666666666666667;0.9444444444444446;2.6777777777777776;4.386666666666667;0.0;1.0;1.6666666666666667;0.0;62.45555555555555;1.888888888888889;2.8555555555555556;7.753333333333334;0.0;2.0;1.0888888888888888;0.0;6.722222222222222;0.9222222222222222;2.722222222222222;3.858333333333334;0.0;2.0;1.133333333333333;0.0;7.411111111111111;0.9555555555555557;2.744444444444444;3.5833333333333335;0.0;3.0;0.0
1.1222222222222225;0.0;7.544444444444444;0.9333333333333332;3.088888888888889;5.318333333333333;6.0;23.0;1.1333333333333335;0.0;6.666666666666667;0.9444444444444446;2.6777777777777776;3.7083333333333335;6.0;23.0;1.1222222222222225;0.0;7.734188034188034;0.8777777777777778;2.7888888888888883;4.236666666666666;0.0;0.0;1.1111111111111112;0.0;6.811111111111111;0.9333333333333335;2.755555555555555;3.48;0.0;0.0;1.1333333333333335;0.0;7.611111111111112;0.9666666666666668;2.722222222222222;5.535;0.0;1.0;1.1111111111111112;0.0;6.666666666666667;0.9444444444444446;2.6777777777777776;4.386666666666667;0.0;1.0;1.6666666666666667;0.0;62.45555555555555;1.888888888888889;2.8555555555555556;7.753333333333334;0.0;2.0;1.0888888888888888;0.0;6.722222222222222;0.9222222222222222;2.722222222222222;3.858333333333334;0.0;2.0;1.133333333333333;0.0;7.411111111111111;0.9555555555555557;2.744444444444444;3.5833333333333335;0.0;3.0;1.0999999999999999;0.0;6.8;0.9444444444444443;2.6888888888888887;3.3633333333333333;0.0;3.0;0.0
1.1333333333333335;0.0;6.666666666666667;0.9444444444444446;2.6777777777777776;3.7083333333333335;6.0;23.0;1.1222222222222225;0.0;7.734188034188034;0.8777777777777778;2.7888888888888883;4.236666666666666;0.0;0.0;1.1111111111111112;0.0;6.811111111111111;0.9333333333333335;2.755555555555555;3.48;0.0;0.0;1.1333333333333335;0.0;7.611111111111112;0.9666666666666668;2.722222222222222;5.535;0.0;1.0;1.1111111111111112;0.0;6.666666666666667;0.9444444444444446;2.6777777777777776;4.386666666666667;0.0;1.0;1.6666666666666667;0.0;62.45555555555555;1.888888888888889;2.8555555555555556;7.753333333333334;0.0;2.0;1.0888888888888888;0.0;6.722222222222222;0.9222222222222222;2.722222222222222;3.858333333333334;0.0;2.0;1.133333333333333;0.0;7.411111111111111;0.9555555555555557;2.744444444444444;3.5833333333333335;0.0;3.0;1.0999999999999999;0.0;6.8;0.9444444444444443;2.6888888888888887;3.3633333333333333;0.0;3.0;1.133333333333333;0.0;7.444444444444444;0.9555555555555557;2.6999999999999997;4.180000000000001;0.0;4.0;0.0
1.1222222222222225;0.0;7.734188034188034;0.8777777777777778;2.7888888888888883;4.236666666666666;0.0;0.0;1.1111111111111112;0.0;6.811111111111111;0.9333333333333335;2.755555555555555;3.48;0.0;0.0;1.1333333333333335;0.0;7.611111111111112;0.9666666666666668;2.722222222222222;5.535;0.0;1.0;1.1111111111111112;0.0;6.666666666666667;0.9444444444444446;2.6777777777777776;4.386666666666667;0.0;1.0;1.6666666666666667;0.0;62.45555555555555;1.888888888888889;2.8555555555555556;7.753333333333334;0.0;2.0;1.0888888888888888;0.0;6.722222222222222;0.9222222222222222;2.722222222222222;3.858333333333334;0.0;2.0;1.133333333333333;0.0;7.411111111111111;0.9555555555555557;2.744444444444444;3.5833333333333335;0.0;3.0;1.0999999999999999;0.0;6.8;0.9444444444444443;2.6888888888888887;3.3633333333333333;0.0;3.0;1.133333333333333;0.0;7.444444444444444;0.9555555555555557;2.6999999999999997;4.180000000000001;0.0;4.0;1.0999999999999999;0.0;6.811111111111113;0.9444444444444443;2.711111111111111;3.6283333333333334;0.0;4.0;0.0
1.1111111111111112;0.0;6.811111111111111;0.9333333333333335;2.755555555555555;3.48;0.0;0.0;1.1333333333333335;0.0;7.611111111111112;0.9666666666666668;2.722222222222222;5.535;0.0;1.0;1.1111111111111112;0.0;6.666666666666667;0.9444444444444446;2.6777777777777776;4.386666666666667;0.0;1.0;1.6666666666666667;0.0;62.45555555555555;1.888888888888889;2.8555555555555556;7.753333333333334;0.0;2.0;1.0888888888888888;0.0;6.722222222222222;0.9222222222222222;2.722222222222222;3.858333333333334;0.0;2.0;1.133333333333333;0.0;7.411111111111111;0.9555555555555557;2.744444444444444;3.5833333333333335;0.0;3.0;1.0999999999999999;0.0;6.8;0.9444444444444443;2.6888888888888887;3.3633333333333333;0.0;3.0;1.133333333333333;0.0;7.444444444444444;0.9555555555555557;2.6999999999999997;4.180000000000001;0.0;4.0;1.0999999999999999;0.0;6.811111111111113;0.9444444444444443;2.711111111111111;3.6283333333333334;0.0;4.0;1.1444444444444446;0.0;7.4444444444444455;0.9555555555555557;2.7888888888888883;4.765;0.0;5.0;0.0
1.1333333333333335;0.0;7.611111111111112;0.9666666666666668;2.722222222222222;5.535;0.0;1.0;1.1111111111111112;0.0;6.666666666666667;0.9444444444444446;2.6777777777777776;4.386666666666667;0.0;1.0;1.6666666666666667;0.0;62.45555555555555;1.888888888888889;2.8555555555555556;7.753333333333334;0.0;2.0;1.0888888888888888;0.0;6.722222222222222;0.9222222222222222;2.722222222222222;3.858333333333334;0.0;2.0;1.133333333333333;0.0;7.411111111111111;0.9555555555555557;2.744444444444444;3.5833333333333335;0.0;3.0;1.0999999999999999;0.0;6.8;0.9444444444444443;2.6888888888888887;3.3633333333333333;0.0;3.0;1.133333333333333;0.0;7.444444444444444;0.9555555555555557;2.6999999999999997;4.180000000000001;0.0;4.0;1.0999999999999999;0.0;6.811111111111113;0.9444444444444443;2.711111111111111;3.6283333333333334;0.0;4.0;1.1444444444444446;0.0;7.4444444444444455;0.9555555555555557;2.7888888888888883;4.765;0.0;5.0;1.0999999999999999;0.0;6.5;0.9666666666666668;2.755555555555555;4.041666666666667;0.0;5.0;0.0
1.1111111111111112;0.0;6.666666666666667;0.9444444444444446;2.6777777777777776;4.386666666666667;0.0;1.0;1.6666666666666667;0.0;62.45555555555555;1.888888888888889;2.8555555555555556;7.753333333333334;0.0;2.0;1.0888888888888888;0.0;6.722222222222222;0.9222222222222222;2.722222222222222;3.858333333333334;0.0;2.0;1.133333333333333;0.0;7.411111111111111;0.9555555555555557;2.744444444444444;3.5833333333333335;0.0;3.0;1.0999999999999999;0.0;6.8;0.9444444444444443;2.6888888888888887;3.3633333333333333;0.0;3.0;1.133333333333333;0.0;7.444444444444444;0.9555555555555557;2.6999999999999997;4.180000000000001;0.0;4.0;1.0999999999999999;0.0;6.811111111111113;0.9444444444444443;2.711111111111111;3.6283333333333334;0.0;4.0;1.1444444444444446;0.0;7.4444444444444455;0.9555555555555557;2.7888888888888883;4.765;0.0;5.0;1.0999999999999999;0.0;6.5;0.9666666666666668;2.755555555555555;4.041666666666667;0.0;5.0;1.111111111111111;0.0;7.288888888888889;0.9777777777777779;2.722222222222222;4.0183333333333335;0.0;6.0;0.0
1.6666666666666667;0.0;62.45555555555555;1.888888888888889;2.8555555555555556;7.753333333333334;0.0;2.0;1.0888888888888888;0.0;6.722222222222222;0.9222222222222222;2.722222222222222;3.858333333333334;0.0;2.0;1.133333333333333;0.0;7.411111111111111;0.9555555555555557;2.744444444444444;3.5833333333333335;0.0;3.0;1.0999999999999999;0.0;6.8;0.9444444444444443;2.6888888888888887;3.3633333333333333;0.0;3.0;1.133333333333333;0.0;7.444444444444444;0.9555555555555557;2.6999999999999997;4.180000000000001;0.0;4.0;1.0999999999999999;0.0;6.811111111111113;0.9444444444444443;2.711111111111111;3.6283333333333334;0.0;4.0;1.1444444444444446;0.0;7.4444444444444455;0.9555555555555557;2.7888888888888883;4.765;0.0;5.0;1.0999999999999999;0.0;6.5;0.9666666666666668;2.755555555555555;4.041666666666667;0.0;5.0;1.111111111111111;0.0;7.288888888888889;0.9777777777777779;2.722222222222222;4.0183333333333335;0.0;6.0;1.1111111111111112;0.0;6.7444444444444445;0.8777777777777778;2.6222222222222222;4.363333333333333;0.0;6.0;0.0
1.0888888888888888;0.0;6.722222222222222;0.9222222222222222;2.722222222222222;3.858333333333334;0.0;2.0;1.133333333333333;0.0;7.411111111111111;0.9555555555555557;2.744444444444444;3.5833333333333335;0.0;3.0;1.0999999999999999;0.0;6.8;0.9444444444444443;2.6888888888888887;3.3633333333333333;0.0;3.0;1.133333333333333;0.0;7.444444444444444;0.9555555555555557;2.6999999999999997;4.180000000000001;0.0;4.0;1.0999999999999999;0.0;6.811111111111113;0.9444444444444443;2.711111111111111;3.6283333333333334;0.0;4.0;1.1444444444444446;0.0;7.4444444444444455;0.9555555555555557;2.7888888888888883;4.765;0.0;5.0;1.0999999999999999;0.0;6.5;0.9666666666666668;2.755555555555555;4.041666666666667;0.0;5.0;1.111111111111111;0.0;7.288888888888889;0.9777777777777779;2.722222222222222;4.0183333333333335;0.0;6.0;1.1111111111111112;0.0;6.7444444444444445;0.8777777777777778;2.6222222222222222;4.363333333333333;0.0;6.0;1.1222222222222222;0.0;7.155555555555556;0.9555555555555557;2.6999999999999997;3.5366666666666666;0.0;7.0;0.0
1.133333333333333;0.0;7.411111111111111;0.9555555555555557;2.744444444444444;3.5833333333333335;0.0;3.0;1.0999999999999999;0.0;6.8;0.9444444444444443;2.6888888888888887;3.3633333333333333;0.0;3.0;1.133333333333333;0.0;7.444444444444444;0.9555555555555557;2.6999999999999997;4.180000000000001;0.0;4.0;1.0999999999999999;0.0;6.811111111111113;0.9444444444444443;2.711111111111111;3.6283333333333334;0.0;4.0;1.1444444444444446;0.0;7.4444444444444455;0.9555555555555557;2.7888888888888883;4.765;0.0;5.0;1.0999999999999999;0.0;6.5;0.9666666666666668;2.755555555555555;4.041666666666667;0.0;5.0;1.111111111111111;0.0;7.288888888888889;0.9777777777777779;2.722222222222222;4.0183333333333335;0.0;6.0;1.1111111111111112;0.0;6.7444444444444445;0.8777777777777778;2.6222222222222222;4.363333333333333;0.0;6.0;1.1222222222222222;0.0;7.155555555555556;0.9555555555555557;2.6999999999999997;3.5366666666666666;0.0;7.0;1.1111111111111112;0.0;6.477777777777778;0.9333333333333332;2.6999999999999997;4.305;0.0;7.0;0.0
1.0999999999999999;0.0;6.8;0.9444444444444443;2.6888888888888887;3.3633333333333333;0.0;3.0;1.133333333333333;0.0;7.444444444444444;0.9555555555555557;2.6999999999999997;4.180000000000001;0.0;4.0;1.0999999999999999;0.0;6.811111111111113;0.9444444444444443;2.711111111111111;3.6283333333333334;0.0;4.0;1.1444444444444446;0.0;7.4444444444444455;0.9555555555555557;2.7888888888888883;4.765;0.0;5.0;1.0999999999999999;0.0;6.5;0.9666666666666668;2.755555555555555;4.041666666666667;0.0;5.0;1.111111111111111;0.0;7.288888888888889;0.9777777777777779;2.722222222222222;4.0183333333333335;0.0;6.0;1.1111111111111112;0.0;6.7444444444444445;0.8777777777777778;2.6222222222222222;4.363333333333333;0.0;6.0;1.1222222222222222;0.0;7.155555555555556;0.9555555555555557;2.6999999999999997;3.5366666666666666;0.0;7.0;1.1111111111111112;0.0;6.477777777777778;0.9333333333333332;2.6999999999999997;4.305;0.0;7.0;1.1;0.0;7.577777777777777;0.9444444444444443;2.722222222222222;4.441666666666666;0.0;8.0;0.0
1.133333333333333;0.0;7.444444444444444;0.9555555555555557;2.6999999999999997;4.180000000000001;0.0;4.0;1.0999999999999999;0.0;6.811111111111113;0.9444444444444443;2.711111111111111;3.6283333333333334;0.0;4.0;1.1444444444444446;0.0;7.4444444444444455;0.9555555555555557;2.7888888888888883;4.765;0.0;5.0;1.0999999999999999;0.0;6.5;0.9666666666666668;2.755555555555555;4.041666666666667;0.0;5.0;1.111111111111111;0.0;7.288888888888889;0.9777777777777779;2.722222222222222;4.0183333333333335;0.0;6.0;1.1111111111111112;0.0;6.7444444444444445;0.8777777777777778;2.6222222222222222;4.363333333333333;0.0;6.0;1.1222222222222222;0.0;7.155555555555556;0.9555555555555557;2.6999999999999997;3.5366666666666666;0.0;7.0;1.1111111111111112;0.0;6.477777777777778;0.9333333333333332;2.6999999999999997;4.305;0.0;7.0;1.1;0.0;7.577777777777777;0.9444444444444443;2.722222222222222;4.441666666666666;0.0;8.0;1.1;0.0;6.833333333333333;0.9444444444444446;2.6444444444444444;3.651666666666667;0.0;8.0;0.0
1.0999999999999999;0.0;6.811111111111113;0.9444444444444443;2.711111111111111;3.6283333333333334;0.0;4.0;1.1444444444444446;0.0;7.4444444444444455;0.9555555555555557;2.7888888888888883;4.765;0.0;5.0;1.0999999999999999;0.0;6.5;0.9666666666666668;2.755555555555555;4.041666666666667;0.0;5.0;1.111111111111111;0.0;7.288888888888889;0.9777777777777779;2.722222222222222;4.0183333333333335;0.0;6.0;1.1111111111111112;0.0;6.7444444444444445;0.8777777777777778;2.6222222222222222;4.363333333333333;0.0;6.0;1.1222222222222222;0.0;7.155555555555556;0.9555555555555557;2.6999999999999997;3.5366666666666666;0.0;7.0;1.1111111111111112;0.0;6.477777777777778;0.9333333333333332;2.6999999999999997;4.305;0.0;7.0;1.1;0.0;7.577777777777777;0.9444444444444443;2.722222222222222;4.441666666666666;0.0;8.0;1.1;0.0;6.833333333333333;0.9444444444444446;2.6444444444444444;3.651666666666667;0.0;8.0;1.4000000000000001;0.0;7.766666666666667;13.9;17.833333333333332;4.066666666666667;0.0;9.0;0.0
1.1444444444444446;0.0;7.4444444444444455;0.9555555555555557;2.7888888888888883;4.765;0.0;5.0;1.0999999999999999;0.0;6.5;0.9666666666666668;2.755555555555555;4.041666666666667;0.0;5.0;1.111111111111111;0.0;7.288888888888889;0.9777777777777779;2.722222222222222;4.0183333333333335;0.0;6.0;1.1111111111111112;0.0;6.7444444444444445;0.8777777777777778;2.6222222222222222;4.363333333333333;0.0;6.0;1.1222222222222222;0.0;7.155555555555556;0.9555555555555557;2.6999999999999997;3.5366666666666666;0.0;7.0;1.1111111111111112;0.0;6.477777777777778;0.9333333333333332;2.6999999999999997;4.305;0.0;7.0;1.1;0.0;7.577777777777777;0.9444444444444443;2.722222222222222;4.441666666666666;0.0;8.0;1.1;0.0;6.833333333333333;0.9444444444444446;2.6444444444444444;3.651666666666667;0.0;8.0;1.4000000000000001;0.0;7.766666666666667;13.9;17.833333333333332;4.066666666666667;0.0;9.0;2.6;0.022222222222222216;8.722222222222221;94.32222222222221;103.93333333333332;5.121666666666667;0.0;9.0;0.0
1.0999999999999999;0.0;6.5;0.9666666666666668;2.755555555555555;4.041666666666667;0.0;5.0;1.111111111111111;0.0;7.288888888888889;0.9777777777777779;2.722222222222222;4.0183333333333335;0.0;6.0;1.1111111111111112;0.0;6.7444444444444445;0.8777777777777778;2.6222222222222222;4.363333333333333;0.0;6.0;1.1222222222222222;0.0;7.155555555555556;0.9555555555555557;2.6999999999999997;3.5366666666666666;0.0;7.0;1.1111111111111112;0.0;6.477777777777778;0.9333333333333332;2.6999999999999997;4.305;0.0;7.0;1.1;0.0;7.577777777777777;0.9444444444444443;2.722222222222222;4.441666666666666;0.0;8.0;1.1;0.0;6.833333333333333;0.9444444444444446;2.6444444444444444;3.651666666666667;0.0;8.0;1.4000000000000001;0.0;7.766666666666667;13.9;17.833333333333332;4.066666666666667;0.0;9.0;2.6;0.022222222222222216;8.722222222222221;94.32222222222221;103.93333333333332;5.121666666666667;0.0;9.0;4.644444444444445;57.46666666666667;280.8555555555555;175.39999999999998;155.42222222222222;11.63;0.0;10.0;0.0
1.111111111111111;0.0;7.288888888888889;0.9777777777777779;2.722222222222222;4.0183333333333335;0.0;6.0;1.1111111111111112;0.0;6.7444444444444445;0.8777777777777778;2.6222222222222222;4.363333333333333;0.0;6.0;1.1222222222222222;0.0;7.155555555555556;0.9555555555555557;2.6999999999999997;3.5366666666666666;0.0;7.0;1.1111111111111112;0.0;6.477777777777778;0.9333333333333332;2.6999999999999997;4.305;0.0;7.0;1.1;0.0;7.577777777777777;0.9444444444444443;2.722222222222222;4.441666666666666;0.0;8.0;1.1;0.0;6.833333333333333;0.9444444444444446;2.6444444444444444;3.651666666666667;0.0;8.0;1.4000000000000001;0.0;7.766666666666667;13.9;17.833333333333332;4.066666666666667;0.0;9.0;2.6;0.022222222222222216;8.722222222222221;94.32222222222221;103.93333333333332;5.121666666666667;0.0;9.0;4.644444444444445;57.46666666666667;280.8555555555555;175.39999999999998;155.42222222222222;11.63;0.0;10.0;2.5;0.0;10.28888888888889;105.77777777777779;112.10000000000001;4.12;0.0;10.0;0.0
1.1111111111111112;0.0;6.7444444444444445;0.8777777777777778;2.6222222222222222;4.363333333333333;0.0;6.0;1.1222222222222222;0.0;7.155555555555556;0.9555555555555557;2.6999999999999997;3.5366666666666666;0.0;7.0;1.1111111111111112;0.0;6.477777777777778;0.9333333333333332;2.6999999999999997;4.305;0.0;7.0;1.1;0.0;7.577777777777777;0.9444444444444443;2.722222222222222;4.441666666666666;0.0;8.0;1.1;0.0;6.833333333333333;0.9444444444444446;2.6444444444444444;3.651666666666667;0.0;8.0;1.4000000000000001;0.0;7.766666666666667;13.9;17.833333333333332;4.066666666666667;0.0;9.0;2.6;0.022222222222222216;8.722222222222221;94.32222222222221;103.93333333333332;5.121666666666667;0.0;9.0;4.644444444444445;57.46666666666667;280.8555555555555;175.39999999999998;155.42222222222222;11.63;0.0;10.0;2.5;0.0;10.28888888888889;105.77777777777779;112.10000000000001;4.12;0.0;10.0;1.1666666666666667;0.0;7.711111111111111;0.9444444444444443;2.777777777777778;4.501666666666667;0.0;11.0;0.0
1.1222222222222222;0.0;7.155555555555556;0.9555555555555557;2.6999999999999997;3.5366666666666666;0.0;7.0;1.1111111111111112;0.0;6.477777777777778;0.9333333333333332;2.6999999999999997;4.305;0.0;7.0;1.1;0.0;7.577777777777777;0.9444444444444443;2.722222222222222;4.441666666666666;0.0;8.0;1.1;0.0;6.833333333333333;0.9444444444444446;2.6444444444444444;3.651666666666667;0.0;8.0;1.4000000000000001;0.0;7.766666666666667;13.9;17.833333333333332;4.066666666666667;0.0;9.0;2.6;0.022222222222222216;8.722222222222221;94.32222222222221;103.93333333333332;5.121666666666667;0.0;9.0;4.644444444444445;57.46666666666667;280.8555555555555;175.39999999999998;155.42222222222222;11.63;0.0;10.0;2.5;0.0;10.28888888888889;105.77777777777779;112.10000000000001;4.12;0.0;10.0;1.1666666666666667;0.0;7.711111111111111;0.9444444444444443;2.777777777777778;4.501666666666667;0.0;11.0;1.3444444444444443;0.0;7.044444444444444;16.344444444444445;19.966666666666665;4.3066666666666675;0.0;11.0;0.0
1.1111111111111112;0.0;6.477777777777778;0.9333333333333332;2.6999999999999997;4.305;0.0;7.0;1.1;0.0;7.577777777777777;0.9444444444444443;2.722222222222222;4.441666666666666;0.0;8.0;1.1;0.0;6.833333333333333;0.9444444444444446;2.6444444444444444;3.651666666666667;0.0;8.0;1.4000000000000001;0.0;7.766666666666667;13.9;17.833333333333332;4.066666666666667;0.0;9.0;2.6;0.022222222222222216;8.722222222222221;94.32222222222221;103.93333333333332;5.121666666666667;0.0;9.0;4.644444444444445;57.46666666666667;280.8555555555555;175.39999999999998;155.42222222222222;11.63;0.0;10.0;2.5;0.0;10.28888888888889;105.77777777777779;112.10000000000001;4.12;0.0;10.0;1.1666666666666667;0.0;7.711111111111111;0.9444444444444443;2.777777777777778;4.501666666666667;0.0;11.0;1.3444444444444443;0.0;7.044444444444444;16.344444444444445;19.966666666666665;4.3066666666666675;0.0;11.0;1.2222222222222223;0.0;7.900000000000001;1.611111111111111;6.133333333333334;4.0183333333333335;0.0;12.0;0.0
1.1;0.0;7.577777777777777;0.9444444444444443;2.722222222222222;4.441666666666666;0.0;8.0;1.1;0.0;6.833333333333333;0.9444444444444446;2.6444444444444444;3.651666666666667;0.0;8.0;1.4000000000000001;0.0;7.766666666666667;13.9;17.833333333333332;4.066666666666667;0.0;9.0;2.6;0.022222222222222216;8.722222222222221;94.32222222222221;103.93333333333332;5.121666666666667;0.0;9.0;4.644444444444445;57.46666666666667;280.8555555555555;175.39999999999998;155.42222222222222;11.63;0.0;10.0;2.5;0.0;10.28888888888889;105.77777777777779;112.10000000000001;4.12;0.0;10.0;1.1666666666666667;0.0;7.711111111111111;0.9444444444444443;2.777777777777778;4.501666666666667;0.0;11.0;1.3444444444444443;0.0;7.044444444444444;16.344444444444445;19.966666666666665;4.3066666666666675;0.0;11.0;1.2222222222222223;0.0;7.900000000000001;1.611111111111111;6.133333333333334;4.0183333333333335;0.0;12.0;4.7;0.0;13.655555555555557;485.81111111111113;500.8333333333333;4.605;0.0;12.0;1.0
1.1;0.0;6.833333333333333;0.9444444444444446;2.6444444444444444;3.651666666666667;0.0;8.0;1.4000000000000001;0.0;7.766666666666667;13.9;17.833333333333332;4.066666666666667;0.0;9.0;2.6;0.022222222222222216;8.722222222222221;94.32222222222221;103.93333333333332;5.121666666666667;0.0;9.0;4.644444444444445;57.46666666666667;280.8555555555555;175.39999999999998;155.42222222222222;11.63;0.0;10.0;2.5;0.0;10.28888888888889;105.77777777777779;112.10000000000001;4.12;0.0;10.0;1.1666666666666667;0.0;7.711111111111111;0.9444444444444443;2.777777777777778;4.501666666666667;0.0;11.0;1.3444444444444443;0.0;7.044444444444444;16.344444444444445;19.966666666666665;4.3066666666666675;0.0;11.0;1.2222222222222223;0.0;7.900000000000001;1.611111111111111;6.133333333333334;4.0183333333333335;0.0;12.0;4.7;0.0;13.655555555555557;485.81111111111113;500.8333333333333;4.605;0.0;12.0;14.299999999999999;0.0;32.166666666666664;1703.0999999999997;1757.822222222222;5.365000000000001;0.0;13.0;1.0
1.4000000000000001;0.0;7.766666666666667;13.9;17.833333333333332;4.066666666666667;0.0;9.0;2.6;0.022222222222222216;8.722222222222221;94.32222222222221;103.93333333333332;5.121666666666667;0.0;9.0;4.644444444444445;57.46666666666667;280.8555555555555;175.39999999999998;155.42222222222222;11.63;0.0;10.0;2.5;0.0;10.28888888888889;105.77777777777779;112.10000000000001;4.12;0.0;10.0;1.1666666666666667;0.0;7.711111111111111;0.9444444444444443;2.777777777777778;4.501666666666667;0.0;11.0;1.3444444444444443;0.0;7.044444444444444;16.344444444444445;19.966666666666665;4.3066666666666675;0.0;11.0;1.2222222222222223;0.0;7.900000000000001;1.611111111111111;6.133333333333334;4.0183333333333335;0.0;12.0;4.7;0.0;13.655555555555557;485.81111111111113;500.8333333333333;4.605;0.0;12.0;14.299999999999999;0.0;32.166666666666664;1703.0999999999997;1757.822222222222;5.365000000000001;0.0;13.0;11.0;0.2888888888888889;26.222222222222225;1141.5666666666666;1176.611111111111;8.176666666666666;0.0;13.0;0.0
2.6;0.022222222222222216;8.722222222222221;94.32222222222221;103.93333333333332;5.121666666666667;0.0;9.0;4.644444444444445;57.46666666666667;280.8555555555555;175.39999999999998;155.42222222222222;11.63;0.0;10.0;2.5;0.0;10.28888888888889;105.77777777777779;112.10000000000001;4.12;0.0;10.0;1.1666666666666667;0.0;7.711111111111111;0.9444444444444443;2.777777777777778;4.501666666666667;0.0;11.0;1.3444444444444443;0.0;7.044444444444444;16.344444444444445;19.966666666666665;4.3066666666666675;0.0;11.0;1.2222222222222223;0.0;7.900000000000001;1.611111111111111;6.133333333333334;4.0183333333333335;0.0;12.0;4.7;0.0;13.655555555555557;485.81111111111113;500.8333333333333;4.605;0.0;12.0;14.299999999999999;0.0;32.166666666666664;1703.0999999999997;1757.822222222222;5.365000000000001;0.0;13.0;11.0;0.2888888888888889;26.222222222222225;1141.5666666666666;1176.611111111111;8.176666666666666;0.0;13.0;1.1666666666666667;0.0;7.611111111111111;1.0888888888888888;3.1999999999999997;4.948333333333333;0.0;14.0;0.0
4.644444444444445;57.46666666666667;280.8555555555555;175.39999999999998;155.42222222222222;11.63;0.0;10.0;2.5;0.0;10.28888888888889;105.77777777777779;112.10000000000001;4.12;0.0;10.0;1.1666666666666667;0.0;7.711111111111111;0.9444444444444443;2.777777777777778;4.501666666666667;0.0;11.0;1.3444444444444443;0.0;7.044444444444444;16.344444444444445;19.966666666666665;4.3066666666666675;0.0;11.0;1.2222222222222223;0.0;7.900000000000001;1.611111111111111;6.133333333333334;4.0183333333333335;0.0;12.0;4.7;0.0;13.655555555555557;485.81111111111113;500.8333333333333;4.605;0.0;12.0;14.299999999999999;0.0;32.166666666666664;1703.0999999999997;1757.822222222222;5.365000000000001;0.0;13.0;11.0;0.2888888888888889;26.222222222222225;1141.5666666666666;1176.611111111111;8.176666666666666;0.0;13.0;1.1666666666666667;0.0;7.611111111111111;1.0888888888888888;3.1999999999999997;4.948333333333333;0.0;14.0;1.1111111111111112;0.0;6.877777777777777;0.9666666666666668;2.988888888888889;4.9366666666666665;0.0;14.0;0.0
2.5;0.0;10.28888888888889;105.77777777777779;112.10000000000001;4.12;0.0;10.0;1.1666666666666667;0.0;7.711111111111111;0.9444444444444443;2.777777777777778;4.501666666666667;0.0;11.0;1.3444444444444443;0.0;7.044444444444444;16.344444444444445;19.966666666666665;4.3066666666666675;0.0;11.0;1.2222222222222223;0.0;7.900000000000001;1.611111111111111;6.133333333333334;4.0183333333333335;0.0;12.0;4.7;0.0;13.655555555555557;485.81111111111113;500.8333333333333;4.605;0.0;12.0;14.299999999999999;0.0;32.166666666666664;1703.0999999999997;1757.822222222222;5.365000000000001;0.0;13.0;11.0;0.2888888888888889;26.222222222222225;1141.5666666666666;1176.611111111111;8.176666666666666;0.0;13.0;1.1666666666666667;0.0;7.611111111111111;1.0888888888888888;3.1999999999999997;4.948333333333333;0.0;14.0;1.1111111111111112;0.0;6.877777777777777;0.9666666666666668;2.988888888888889;4.9366666666666665;0.0;14.0;1.1555555555555557;0.0;7.511111111111112;1.2222222222222223;3.5555555555555554;4.64;0.0;15.0;0.0
1.1666666666666667;0.0;7.711111111111111;0.9444444444444443;2.777777777777778;4.501666666666667;0.0;11.0;1.3444444444444443;0.0;7.044444444444444;16.344444444444445;19.966666666666665;4.3066666666666675;0.0;11.0;1.2222222222222223;0.0;7.900000000000001;1.611111111111111;6.133333333333334;4.0183333333333335;0.0;12.0;4.7;0.0;13.655555555555557;485.81111111111113;500.8333333333333;4.605;0.0;12.0;14.299999999999999;0.0;32.166666666666664;1703.0999999999997;1757.822222222222;5.365000000000001;0.0;13.0;11.0;0.2888888888888889;26.222222222222225;1141.5666666666666;1176.611111111111;8.176666666666666;0.0;13.0;1.1666666666666667;0.0;7.611111111111111;1.0888888888888888;3.1999999999999997;4.948333333333333;0.0;14.0;1.1111111111111112;0.0;6.877777777777777;0.9666666666666668;2.988888888888889;4.9366666666666665;0.0;14.0;1.1555555555555557;0.0;7.511111111111112;1.2222222222222223;3.5555555555555554;4.64;0.0;15.0;1.1333333333333333;0.0;6.777777777777778;0.9777777777777779;3.1444444444444444;4.71;0.0;15.0;0.0
1.3444444444444443;0.0;7.044444444444444;16.344444444444445;19.966666666666665;4.3066666666666675;0.0;11.0;1.2222222222222223;0.0;7.900000000000001;1.611111111111111;6.133333333333334;4.0183333333333335;0.0;12.0;4.7;0.0;13.655555555555557;485.81111111111113;500.8333333333333;4.605;0.0;12.0;14.299999999999999;0.0;32.166666666666664;1703.0999999999997;1757.822222222222;5.365000000000001;0.0;13.0;11.0;0.2888888888888889;26.222222222222225;1141.5666666666666;1176.611111111111;8.176666666666666;0.0;13.0;1.1666666666666667;0.0;7.611111111111111;1.0888888888888888;3.1999999999999997;4.948333333333333;0.0;14.0;1.1111111111111112;0.0;6.877777777777777;0.9666666666666668;2.988888888888889;4.9366666666666665;0.0;14.0;1.1555555555555557;0.0;7.511111111111112;1.2222222222222223;3.5555555555555554;4.64;0.0;15.0;1.1333333333333333;0.0;6.777777777777778;0.9777777777777779;3.1444444444444444;4.71;0.0;15.0;1.3555555555555554;0.0;8.044444444444444;45.93333333333334;49.72222222222222;4.8566666666666665;0.0;16.0;0.0
1.2222222222222223;0.0;7.900000000000001;1.611111111111111;6.133333333333334;4.0183333333333335;0.0;12.0;4.7;0.0;13.655555555555557;485.81111111111113;500.8333333333333;4.605;0.0;12.0;14.299999999999999;0.0;32.166666666666664;1703.0999999999997;1757.822222222222;5.365000000000001;0.0;13.0;11.0;0.2888888888888889;26.222222222222225;1141.5666666666666;1176.611111111111;8.176666666666666;0.0;13.0;1.1666666666666667;0.0;7.611111111111111;1.0888888888888888;3.1999999999999997;4.948333333333333;0.0;14.0;1.1111111111111112;0.0;6.877777777777777;0.9666666666666668;2.988888888888889;4.9366666666666665;0.0;14.0;1.1555555555555557;0.0;7.511111111111112;1.2222222222222223;3.5555555555555554;4.64;0.0;15.0;1.1333333333333333;0.0;6.777777777777778;0.9777777777777779;3.1444444444444444;4.71;0.0;15.0;1.3555555555555554;0.0;8.044444444444444;45.93333333333334;49.72222222222222;4.8566666666666665;0.0;16.0;1.488888888888889;0.0;8.477777777777778;79.54444444444444;84.77777777777779;4.593333333333334;0.0;16.0;0.0
4.7;0.0;13.655555555555557;485.81111111111113;500.8333333333333;4.605;0.0;12.0;14.299999999999999;0.0;32.166666666666664;1703.0999999999997;1757.822222222222;5.365000000000001;0.0;13.0;11.0;0.2888888888888889;26.222222222222225;1141.5666666666666;1176.611111111111;8.176666666666666;0.0;13.0;1.1666666666666667;0.0;7.611111111111111;1.0888888888888888;3.1999999999999997;4.948333333333333;0.0;14.0;1.1111111111111112;0.0;6.877777777777777;0.9666666666666668;2.988888888888889;4.9366666666666665;0.0;14.0;1.1555555555555557;0.0;7.511111111111112;1.2222222222222223;3.5555555555555554;4.64;0.0;15.0;1.1333333333333333;0.0;6.777777777777778;0.9777777777777779;3.1444444444444444;4.71;0.0;15.0;1.3555555555555554;0.0;8.044444444444444;45.93333333333334;49.72222222222222;4.8566666666666665;0.0;16.0;1.488888888888889;0.0;8.477777777777778;79.54444444444444;84.77777777777779;4.593333333333334;0.0;16.0;1.511111111111111;0.0;9.511111111111113;75.72222222222223;80.81111111111112;5.1000000000000005;0.0;17.0;0.0
14.299999999999999;0.0;32.166666666666664;1703.0999999999997;1757.822222222222;5.365000000000001;0.0;13.0;11.0;0.2888888888888889;26.222222222222225;1141.5666666666666;1176.611111111111;8.176666666666666;0.0;13.0;1.1666666666666667;0.0;7.611111111111111;1.0888888888888888;3.1999999999999997;4.948333333333333;0.0;14.0;1.1111111111111112;0.0;6.877777777777777;0.9666666666666668;2.988888888888889;4.9366666666666665;0.0;14.0;1.1555555555555557;0.0;7.511111111111112;1.2222222222222223;3.5555555555555554;4.64;0.0;15.0;1.1333333333333333;0.0;6.777777777777778;0.9777777777777779;3.1444444444444444;4.71;0.0;15.0;1.3555555555555554;0.0;8.044444444444444;45.93333333333334;49.72222222222222;4.8566666666666665;0.0;16.0;1.488888888888889;0.0;8.477777777777778;79.54444444444444;84.77777777777779;4.593333333333334;0.0;16.0;1.511111111111111;0.0;9.511111111111113;75.72222222222223;80.81111111111112;5.1000000000000005;0.0;17.0;1.4333333333333333;0.0;8.155555555555555;73.95555555555556;79.05555555555556;4.158333333333333;0.0;17.0;0.0
11.0;0.2888888888888889;26.222222222222225;1141.5666666666666;1176.611111111111;8.176666666666666;0.0;13.0;1.1666666666666667;0.0;7.611111111111111;1.0888888888888888;3.1999999999999997;4.948333333333333;0.0;14.0;1.1111111111111112;0.0;6.877777777777777;0.9666666666666668;2.988888888888889;4.9366666666666665;0.0;14.0;1.1555555555555557;0.0;7.511111111111112;1.2222222222222223;3.5555555555555554;4.64;0.0;15.0;1.1333333333333333;0.0;6.777777777777778;0.9777777777777779;3.1444444444444444;4.71;0.0;15.0;1.3555555555555554;0.0;8.044444444444444;45.93333333333334;49.72222222222222;4.8566666666666665;0.0;16.0;1.488888888888889;0.0;8.477777777777778;79.54444444444444;84.77777777777779;4.593333333333334;0.0;16.0;1.511111111111111;0.0;9.511111111111113;75.72222222222223;80.81111111111112;5.1000000000000005;0.0;17.0;1.4333333333333333;0.0;8.155555555555555;73.95555555555556;79.05555555555556;4.158333333333333;0.0;17.0;1.5222222222222221;0.0;8.755555555555555;73.7;78.8;4.5600000000000005;0.0;18.0;0.0
1.1666666666666667;0.0;7.611111111111111;1.0888888888888888;3.1999999999999997;4.948333333333333;0.0;14.0;1.1111111111111112;0.0;6.877777777777777;0.9666666666666668;2.988888888888889;4.9366666666666665;0.0;14.0;1.1555555555555557;0.0;7.511111111111112;1.2222222222222223;3.5555555555555554;4.64;0.0;15.0;1.1333333333333333;0.0;6.777777777777778;0.9777777777777779;3.1444444444444444;4.71;0.0;15.0;1.3555555555555554;0.0;8.044444444444444;45.93333333333334;49.72222222222222;4.8566666666666665;0.0;16.0;1.488888888888889;0.0;8.477777777777778;79.54444444444444;84.77777777777779;4.593333333333334;0.0;16.0;1.511111111111111;0.0;9.511111111111113;75.72222222222223;80.81111111111112;5.1000000000000005;0.0;17.0;1.4333333333333333;0.0;8.155555555555555;73.95555555555556;79.05555555555556;4.158333333333333;0.0;17.0;1.5222222222222221;0.0;8.755555555555555;73.7;78.8;4.5600000000000005;0.0;18.0;1.4333333333333333;0.0;7.966666666666666;73.84444444444443;79.18888888888888;3.93;0.0;18.0;0.0
1.1111111111111112;0.0;6.877777777777777;0.9666666666666668;2.988888888888889;4.9366666666666665;0.0;14.0;1.1555555555555557;0.0;7.511111111111112;1.2222222222222223;3.5555555555555554;4.64;0.0;15.0;1.1333333333333333;0.0;6.777777777777778;0.9777777777777779;3.1444444444444444;4.71;0.0;15.0;1.3555555555555554;0.0;8.044444444444444;45.93333333333334;49.72222222222222;4.8566666666666665;0.0;16.0;1.488888888888889;0.0;8.477777777777778;79.54444444444444;84.77777777777779;4.593333333333334;0.0;16.0;1.511111111111111;0.0;9.511111111111113;75.72222222222223;80.81111111111112;5.1000000000000005;0.0;17.0;1.4333333333333333;0.0;8.155555555555555;73.95555555555556;79.05555555555556;4.158333333333333;0.0;17.0;1.5222222222222221;0.0;8.755555555555555;73.7;78.8;4.5600000000000005;0.0;18.0;1.4333333333333333;0.0;7.966666666666666;73.84444444444443;79.18888888888888;3.93;0.0;18.0;1.4222222222222223;0.0;8.777777777777779;73.78888888888889;79.1;4.548333333333333;0.0;19.0;0.0
1.1555555555555557;0.0;7.511111111111112;1.2222222222222223;3.5555555555555554;4.64;0.0;15.0;1.1333333333333333;0.0;6.777777777777778;0.9777777777777779;3.1444444444444444;4.71;0.0;15.0;1.3555555555555554;0.0;8.044444444444444;45.93333333333334;49.72222222222222;4.8566666666666665;0.0;16.0;1.488888888888889;0.0;8.477777777777778;79.54444444444444;84.77777777777779;4.593333333333334;0.0;16.0;1.511111111111111;0.0;9.511111111111113;75.72222222222223;80.81111111111112;5.1000000000000005;0.0;17.0;1.4333333333333333;0.0;8.155555555555555;73.95555555555556;79.05555555555556;4.158333333333333;0.0;17.0;1.5222222222222221;0.0;8.755555555555555;73.7;78.8;4.5600000000000005;0.0;18.0;1.4333333333333333;0.0;7.966666666666666;73.84444444444443;79.18888888888888;3.93;0.0;18.0;1.4222222222222223;0.0;8.777777777777779;73.78888888888889;79.1;4.548333333333333;0.0;19.0;1.4222222222222223;0.0;8.077777777777778;74.63333333333334;79.86666666666666;4.871666666666667;0.0;19.0;0.0
1.1333333333333333;0.0;6.777777777777778;0.9777777777777779;3.1444444444444444;4.71;0.0;15.0;1.3555555555555554;0.0;8.044444444444444;45.93333333333334;49.72222222222222;4.8566666666666665;0.0;16.0;1.488888888888889;0.0;8.477777777777778;79.54444444444444;84.77777777777779;4.593333333333334;0.0;16.0;1.511111111111111;0.0;9.511111111111113;75.72222222222223;80.81111111111112;5.1000000000000005;0.0;17.0;1.4333333333333333;0.0;8.155555555555555;73.95555555555556;79.05555555555556;4.158333333333333;0.0;17.0;1.5222222222222221;0.0;8.755555555555555;73.7;78.8;4.5600000000000005;0.0;18.0;1.4333333333333333;0.0;7.966666666666666;73.84444444444443;79.18888888888888;3.93;0.0;18.0;1.4222222222222223;0.0;8.777777777777779;73.78888888888889;79.1;4.548333333333333;0.0;19.0;1.4222222222222223;0.0;8.077777777777778;74.63333333333334;79.86666666666666;4.871666666666667;0.0;19.0;1.4111111111111112;0.0;8.844444444444445;73.85555555555555;79.12222222222222;5.1433333333333335;0.0;20.0;0.0
1.3555555555555554;0.0;8.044444444444444;45.93333333333334;49.72222222222222;4.8566666666666665;0.0;16.0;1.488888888888889;0.0;8.477777777777778;79.54444444444444;84.77777777777779;4.593333333333334;0.0;16.0;1.511111111111111;0.0;9.511111111111113;75.72222222222223;80.81111111111112;5.1000000000000005;0.0;17.0;1.4333333333333333;0.0;8.155555555555555;73.95555555555556;79.05555555555556;4.158333333333333;0.0;17.0;1.5222222222222221;0.0;8.755555555555555;73.7;78.8;4.5600000000000005;0.0;18.0;1.4333333333333333;0.0;7.966666666666666;73.84444444444443;79.18888888888888;3.93;0.0;18.0;1.4222222222222223;0.0;8.777777777777779;73.78888888888889;79.1;4.548333333333333;0.0;19.0;1.4222222222222223;0.0;8.077777777777778;74.63333333333334;79.86666666666666;4.871666666666667;0.0;19.0;1.4111111111111112;0.0;8.844444444444445;73.85555555555555;79.12222222222222;5.1433333333333335;0.0;20.0;1.4000000000000001;0.0;9.022222222222222;76.7;82.10000000000001;4.260000000000001;0.0;20.0;0.0
1.488888888888889;0.0;8.477777777777778;79.54444444444444;84.77777777777779;4.593333333333334;0.0;16.0;1.511111111111111;0.0;9.511111111111113;75.72222222222223;80.81111111111112;5.1000000000000005;0.0;17.0;1.4333333333333333;0.0;8.155555555555555;73.95555555555556;79.05555555555556;4.158333333333333;0.0;17.0;1.5222222222222221;0.0;8.755555555555555;73.7;78.8;4.5600000000000005;0.0;18.0;1.4333333333333333;0.0;7.966666666666666;73.84444444444443;79.18888888888888;3.93;0.0;18.0;1.4222222222222223;0.0;8.777777777777779;73.78888888888889;79.1;4.548333333333333;0.0;19.0;1.4222222222222223;0.0;8.077777777777778;74.63333333333334;79.86666666666666;4.871666666666667;0.0;19.0;1.4111111111111112;0.0;8.844444444444445;73.85555555555555;79.12222222222222;5.1433333333333335;0.0;20.0;1.4000000000000001;0.0;9.022222222222222;76.7;82.10000000000001;4.260000000000001;0.0;20.0;1.4444444444444444;0.0;9.377777777777778;78.48888888888888;83.94444444444444;4.26;0.0;21.0;0.0
1.511111111111111;0.0;9.511111111111113;75.72222222222223;80.81111111111112;5.1000000000000005;0.0;17.0;1.4333333333333333;0.0;8.155555555555555;73.95555555555556;79.05555555555556;4.158333333333333;0.0;17.0;1.5222222222222221;0.0;8.755555555555555;73.7;78.8;4.5600000000000005;0.0;18.0;1.4333333333333333;0.0;7.966666666666666;73.84444444444443;79.18888888888888;3.93;0.0;18.0;1.4222222222222223;0.0;8.777777777777779;73.78888888888889;79.1;4.548333333333333;0.0;19.0;1.4222222222222223;0.0;8.077777777777778;74.63333333333334;79.86666666666666;4.871666666666667;0.0;19.0;1.4111111111111112;0.0;8.844444444444445;73.85555555555555;79.12222222222222;5.1433333333333335;0.0;20.0;1.4000000000000001;0.0;9.022222222222222;76.7;82.10000000000001;4.260000000000001;0.0;20.0;1.4444444444444444;0.0;9.377777777777778;78.48888888888888;83.94444444444444;4.26;0.0;21.0;1.4000000000000001;0.0;8.322222222222221;77.08888888888889;82.55555555555556;4.466666666666666;0.0;21.0;0.0
1.4333333333333333;0.0;8.155555555555555;73.95555555555556;79.05555555555556;4.158333333333333;0.0;17.0;1.5222222222222221;0.0;8.755555555555555;73.7;78.8;4.5600000000000005;0.0;18.0;1.4333333333333333;0.0;7.966666666666666;73.84444444444443;79.18888888888888;3.93;0.0;18.0;1.4222222222222223;0.0;8.777777777777779;73.78888888888889;79.1;4.548333333333333;0.0;19.0;1.4222222222222223;0.0;8.077777777777778;74.63333333333334;79.86666666666666;4.871666666666667;0.0;19.0;1.4111111111111112;0.0;8.844444444444445;73.85555555555555;79.12222222222222;5.1433333333333335;0.0;20.0;1.4000000000000001;0.0;9.022222222222222;76.7;82.10000000000001;4.260000000000001;0.0;20.0;1.4444444444444444;0.0;9.377777777777778;78.48888888888888;83.94444444444444;4.26;0.0;21.0;1.4000000000000001;0.0;8.322222222222221;77.08888888888889;82.55555555555556;4.466666666666666;0.0;21.0;1.3555555555555554;0.0;9.022222222222222;75.87777777777778;80.93333333333334;4.318333333333333;0.0;22.0;0.0
1.5222222222222221;0.0;8.755555555555555;73.7;78.8;4.5600000000000005;0.0;18.0;1.4333333333333333;0.0;7.966666666666666;73.84444444444443;79.18888888888888;3.93;0.0;18.0;1.4222222222222223;0.0;8.777777777777779;73.78888888888889;79.1;4.548333333333333;0.0;19.0;1.4222222222222223;0.0;8.077777777777778;74.63333333333334;79.86666666666666;4.871666666666667;0.0;19.0;1.4111111111111112;0.0;8.844444444444445;73.85555555555555;79.12222222222222;5.1433333333333335;0.0;20.0;1.4000000000000001;0.0;9.022222222222222;76.7;82.10000000000001;4.260000000000001;0.0;20.0;1.4444444444444444;0.0;9.377777777777778;78.48888888888888;83.94444444444444;4.26;0.0;21.0;1.4000000000000001;0.0;8.322222222222221;77.08888888888889;82.55555555555556;4.466666666666666;0.0;21.0;1.3555555555555554;0.0;9.022222222222222;75.87777777777778;80.93333333333334;4.318333333333333;0.0;22.0;6.166666666666667;0.0;15.566666666666668;731.7000000000002;753.4;4.7749999999999995;0.0;22.0;1.0
1.4333333333333333;0.0;7.966666666666666;73.84444444444443;79.18888888888888;3.93;0.0;18.0;1.4222222222222223;0.0;8.777777777777779;73.78888888888889;79.1;4.548333333333333;0.0;19.0;1.4222222222222223;0.0;8.077777777777778;74.63333333333334;79.86666666666666;4.871666666666667;0.0;19.0;1.4111111111111112;0.0;8.844444444444445;73.85555555555555;79.12222222222222;5.1433333333333335;0.0;20.0;1.4000000000000001;0.0;9.022222222222222;76.7;82.10000000000001;4.260000000000001;0.0;20.0;1.4444444444444444;0.0;9.377777777777778;78.48888888888888;83.94444444444444;4.26;0.0;21.0;1.4000000000000001;0.0;8.322222222222221;77.08888888888889;82.55555555555556;4.466666666666666;0.0;21.0;1.3555555555555554;0.0;9.022222222222222;75.87777777777778;80.93333333333334;4.318333333333333;0.0;22.0;6.166666666666667;0.0;15.566666666666668;731.7000000000002;753.4;4.7749999999999995;0.0;22.0;14.166666666666666;0.0;27.299999999999997;1739.2;1788.7666666666667;5.533333333333332;0.0;23.0;0.0
1.4222222222222223;0.0;8.777777777777779;73.78888888888889;79.1;4.548333333333333;0.0;19.0;1.4222222222222223;0.0;8.077777777777778;74.63333333333334;79.86666666666666;4.871666666666667;0.0;19.0;1.4111111111111112;0.0;8.844444444444445;73.85555555555555;79.12222222222222;5.1433333333333335;0.0;20.0;1.4000000000000001;0.0;9.022222222222222;76.7;82.10000000000001;4.260000000000001;0.0;20.0;1.4444444444444444;0.0;9.377777777777778;78.48888888888888;83.94444444444444;4.26;0.0;21.0;1.4000000000000001;0.0;8.322222222222221;77.08888888888889;82.55555555555556;4.466666666666666;0.0;21.0;1.3555555555555554;0.0;9.022222222222222;75.87777777777778;80.93333333333334;4.318333333333333;0.0;22.0;6.166666666666667;0.0;15.566666666666668;731.7000000000002;753.4;4.7749999999999995;0.0;22.0;14.166666666666666;0.0;27.299999999999997;1739.2;1788.7666666666667;5.533333333333332;0.0;23.0;7.98888888888889;0.0;16.744444444444444;822.1777777777778;848.0555555555553;6.028333333333333;0.0;23.0;0.0
1.4222222222222223;0.0;8.077777777777778;74.63333333333334;79.86666666666666;4.871666666666667;0.0;19.0;1.4111111111111112;0.0;8.844444444444445;73.85555555555555;79.12222222222222;5.1433333333333335;0.0;20.0;1.4000000000000001;0.0;9.022222222222222;76.7;82.10000000000001;4.260000000000001;0.0;20.0;1.4444444444444444;0.0;9.377777777777778;78.48888888888888;83.94444444444444;4.26;0.0;21.0;1.4000000000000001;0.0;8.322222222222221;77.08888888888889;82.55555555555556;4.466666666666666;0.0;21.0;1.3555555555555554;0.0;9.022222222222222;75.87777777777778;80.93333333333334;4.318333333333333;0.0;22.0;6.166666666666667;0.0;15.566666666666668;731.7000000000002;753.4;4.7749999999999995;0.0;22.0;14.166666666666666;0.0;27.299999999999997;1739.2;1788.7666666666667;5.533333333333332;0.0;23.0;7.98888888888889;0.0;16.744444444444444;822.1777777777778;848.0555555555553;6.028333333333333;0.0;23.0;1.4444444444444444;0.0;8.811904761904762;75.76666666666667;81.14444444444443;4.741666666666666;1.0;0.0;0.0
1.4111111111111112;0.0;8.844444444444445;73.85555555555555;79.12222222222222;5.1433333333333335;0.0;20.0;1.4000000000000001;0.0;9.022222222222222;76.7;82.10000000000001;4.260000000000001;0.0;20.0;1.4444444444444444;0.0;9.377777777777778;78.48888888888888;83.94444444444444;4.26;0.0;21.0;1.4000000000000001;0.0;8.322222222222221;77.08888888888889;82.55555555555556;4.466666666666666;0.0;21.0;1.3555555555555554;0.0;9.022222222222222;75.87777777777778;80.93333333333334;4.318333333333333;0.0;22.0;6.166666666666667;0.0;15.566666666666668;731.7000000000002;753.4;4.7749999999999995;0.0;22.0;14.166666666666666;0.0;27.299999999999997;1739.2;1788.7666666666667;5.533333333333332;0.0;23.0;7.98888888888889;0.0;16.744444444444444;822.1777777777778;848.0555555555553;6.028333333333333;0.0;23.0;1.4444444444444444;0.0;8.811904761904762;75.76666666666667;81.14444444444443;4.741666666666666;1.0;0.0;1.3333333333333333;0.0;9.1;77.52222222222223;82.96666666666667;4.271666666666667;1.0;0.0;0.0
1.4000000000000001;0.0;9.022222222222222;76.7;82.10000000000001;4.260000000000001;0.0;20.0;1.4444444444444444;0.0;9.377777777777778;78.48888888888888;83.94444444444444;4.26;0.0;21.0;1.4000000000000001;0.0;8.322222222222221;77.08888888888889;82.55555555555556;4.466666666666666;0.0;21.0;1.3555555555555554;0.0;9.022222222222222;75.87777777777778;80.93333333333334;4.318333333333333;0.0;22.0;6.166666666666667;0.0;15.566666666666668;731.7000000000002;753.4;4.7749999999999995;0.0;22.0;14.166666666666666;0.0;27.299999999999997;1739.2;1788.7666666666667;5.533333333333332;0.0;23.0;7.98888888888889;0.0;16.744444444444444;822.1777777777778;848.0555555555553;6.028333333333333;0.0;23.0;1.4444444444444444;0.0;8.811904761904762;75.76666666666667;81.14444444444443;4.741666666666666;1.0;0.0;1.3333333333333333;0.0;9.1;77.52222222222223;82.96666666666667;4.271666666666667;1.0;0.0;1.3555555555555554;0.0;9.28888888888889;76.81111111111112;82.35555555555555;3.8949999999999996;1.0;1.0;0.0
1.4444444444444444;0.0;9.377777777777778;78.48888888888888;83.94444444444444;4.26;0.0;21.0;1.4000000000000001;0.0;8.322222222222221;77.08888888888889;82.55555555555556;4.466666666666666;0.0;21.0;1.3555555555555554;0.0;9.022222222222222;75.87777777777778;80.93333333333334;4.318333333333333;0.0;22.0;6.166666666666667;0.0;15.566666666666668;731.7000000000002;753.4;4.7749999999999995;0.0;22.0;14.166666666666666;0.0;27.299999999999997;1739.2;1788.7666666666667;5.533333333333332;0.0;23.0;7.98888888888889;0.0;16.744444444444444;822.1777777777778;848.0555555555553;6.028333333333333;0.0;23.0;1.4444444444444444;0.0;8.811904761904762;75.76666666666667;81.14444444444443;4.741666666666666;1.0;0.0;1.3333333333333333;0.0;9.1;77.52222222222223;82.96666666666667;4.271666666666667;1.0;0.0;1.3555555555555554;0.0;9.28888888888889;76.81111111111112;82.35555555555555;3.8949999999999996;1.0;1.0;1.3222222222222222;0.0;8.322222222222221;75.92222222222222;81.45555555555556;4.419999999999999;1.0;1.0;0.0
1.4000000000000001;0.0;8.322222222222221;77.08888888888889;82.55555555555556;4.466666666666666;0.0;21.0;1.3555555555555554;0.0;9.022222222222222;75.87777777777778;80.93333333333334;4.318333333333333;0.0;22.0;6.166666666666667;0.0;15.566666666666668;731.7000000000002;753.4;4.7749999999999995;0.0;22.0;14.166666666666666;0.0;27.299999999999997;1739.2;1788.7666666666667;5.533333333333332;0.0;23.0;7.98888888888889;0.0;16.744444444444444;822.1777777777778;848.0555555555553;6.028333333333333;0.0;23.0;1.4444444444444444;0.0;8.811904761904762;75.76666666666667;81.14444444444443;4.741666666666666;1.0;0.0;1.3333333333333333;0.0;9.1;77.52222222222223;82.96666666666667;4.271666666666667;1.0;0.0;1.3555555555555554;0.0;9.28888888888889;76.81111111111112;82.35555555555555;3.8949999999999996;1.0;1.0;1.3222222222222222;0.0;8.322222222222221;75.92222222222222;81.45555555555556;4.419999999999999;1.0;1.0;1.4222222222222218;0.0;8.922222222222222;78.17777777777776;83.66666666666667;4.89;1.0;2.0;0.0
1.3555555555555554;0.0;9.022222222222222;75.87777777777778;80.93333333333334;4.318333333333333;0.0;22.0;6.166666666666667;0.0;15.566666666666668;731.7000000000002;753.4;4.7749999999999995;0.0;22.0;14.166666666666666;0.0;27.299999999999997;1739.2;1788.7666666666667;5.533333333333332;0.0;23.0;7.98888888888889;0.0;16.744444444444444;822.1777777777778;848.0555555555553;6.028333333333333;0.0;23.0;1.4444444444444444;0.0;8.811904761904762;75.76666666666667;81.14444444444443;4.741666666666666;1.0;0.0;1.3333333333333333;0.0;9.1;77.52222222222223;82.96666666666667;4.271666666666667;1.0;0.0;1.3555555555555554;0.0;9.28888888888889;76.81111111111112;82.35555555555555;3.8949999999999996;1.0;1.0;1.3222222222222222;0.0;8.322222222222221;75.92222222222222;81.45555555555556;4.419999999999999;1.0;1.0;1.4222222222222218;0.0;8.922222222222222;78.17777777777776;83.66666666666667;4.89;1.0;2.0;1.4222222222222218;0.0;8.055555555555555;77.63333333333333;83.04444444444444;4.593333333333334;1.0;2.0;0.0
6.166666666666667;0.0;15.566666666666668;731.7000000000002;753.4;4.7749999999999995;0.0;22.0;14.166666666666666;0.0;27.299999999999997;1739.2;1788.7666666666667;5.533333333333332;0.0;23.0;7.98888888888889;0.0;16.744444444444444;822.1777777777778;848.0555555555553;6.028333333333333;0.0;23.0;1.4444444444444444;0.0;8.811904761904762;75.76666666666667;81.14444444444443;4.741666666666666;1.0;0.0;1.3333333333333333;0.0;9.1;77.52222222222223;82.96666666666667;4.271666666666667;1.0;0.0;1.3555555555555554;0.0;9.28888888888889;76.81111111111112;82.35555555555555;3.8949999999999996;1.0;1.0;1.3222222222222222;0.0;8.322222222222221;75.92222222222222;81.45555555555556;4.419999999999999;1.0;1.0;1.4222222222222218;0.0;8.922222222222222;78.17777777777776;83.66666666666667;4.89;1.0;2.0;1.4222222222222218;0.0;8.055555555555555;77.63333333333333;83.04444444444444;4.593333333333334;1.0;2.0;2.4444444444444446;7.577777777777778;142.7222222222222;80.17777777777778;81.01111111111112;10.875;1.0;3.0;0.0
14.166666666666666;0.0;27.299999999999997;1739.2;1788.7666666666667;5.533333333333332;0.0;23.0;7.98888888888889;0.0;16.744444444444444;822.1777777777778;848.0555555555553;6.028333333333333;0.0;23.0;1.4444444444444444;0.0;8.811904761904762;75.76666666666667;81.14444444444443;4.741666666666666;1.0;0.0;1.3333333333333333;0.0;9.1;77.52222222222223;82.96666666666667;4.271666666666667;1.0;0.0;1.3555555555555554;0.0;9.28888888888889;76.81111111111112;82.35555555555555;3.8949999999999996;1.0;1.0;1.3222222222222222;0.0;8.322222222222221;75.92222222222222;81.45555555555556;4.419999999999999;1.0;1.0;1.4222222222222218;0.0;8.922222222222222;78.17777777777776;83.66666666666667;4.89;1.0;2.0;1.4222222222222218;0.0;8.055555555555555;77.63333333333333;83.04444444444444;4.593333333333334;1.0;2.0;2.4444444444444446;7.577777777777778;142.7222222222222;80.17777777777778;81.01111111111112;10.875;1.0;3.0;1.2666666666666668;0.0;8.255555555555556;77.34444444444445;81.65555555555555;3.9616666666666664;1.0;3.0;0.0
7.98888888888889;0.0;16.744444444444444;822.1777777777778;848.0555555555553;6.028333333333333;0.0;23.0;1.4444444444444444;0.0;8.811904761904762;75.76666666666667;81.14444444444443;4.741666666666666;1.0;0.0;1.3333333333333333;0.0;9.1;77.52222222222223;82.96666666666667;4.271666666666667;1.0;0.0;1.3555555555555554;0.0;9.28888888888889;76.81111111111112;82.35555555555555;3.8949999999999996;1.0;1.0;1.3222222222222222;0.0;8.322222222222221;75.92222222222222;81.45555555555556;4.419999999999999;1.0;1.0;1.4222222222222218;0.0;8.922222222222222;78.17777777777776;83.66666666666667;4.89;1.0;2.0;1.4222222222222218;0.0;8.055555555555555;77.63333333333333;83.04444444444444;4.593333333333334;1.0;2.0;2.4444444444444446;7.577777777777778;142.7222222222222;80.17777777777778;81.01111111111112;10.875;1.0;3.0;1.2666666666666668;0.0;8.255555555555556;77.34444444444445;81.65555555555555;3.9616666666666664;1.0;3.0;1.3000000000000003;0.0;9.266666666666667;77.46666666666668;81.84444444444445;4.238333333333333;1.0;4.0;0.0
1.4444444444444444;0.0;8.811904761904762;75.76666666666667;81.14444444444443;4.741666666666666;1.0;0.0;1.3333333333333333;0.0;9.1;77.52222222222223;82.96666666666667;4.271666666666667;1.0;0.0;1.3555555555555554;0.0;9.28888888888889;76.81111111111112;82.35555555555555;3.8949999999999996;1.0;1.0;1.3222222222222222;0.0;8.322222222222221;75.92222222222222;81.45555555555556;4.419999999999999;1.0;1.0;1.4222222222222218;0.0;8.922222222222222;78.17777777777776;83.66666666666667;4.89;1.0;2.0;1.4222222222222218;0.0;8.055555555555555;77.63333333333333;83.04444444444444;4.593333333333334;1.0;2.0;2.4444444444444446;7.577777777777778;142.7222222222222;80.17777777777778;81.01111111111112;10.875;1.0;3.0;1.2666666666666668;0.0;8.255555555555556;77.34444444444445;81.65555555555555;3.9616666666666664;1.0;3.0;1.3000000000000003;0.0;9.266666666666667;77.46666666666668;81.84444444444445;4.238333333333333;1.0;4.0;1.277777777777778;0.0;8.666666666666666;82.8;87.15555555555557;4.386666666666666;1.0;4.0;0.0
1.3333333333333333;0.0;9.1;77.52222222222223;82.96666666666667;4.271666666666667;1.0;0.0;1.3555555555555554;0.0;9.28888888888889;76.81111111111112;82.35555555555555;3.8949999999999996;1.0;1.0;1.3222222222222222;0.0;8.322222222222221;75.92222222222222;81.45555555555556;4.419999999999999;1.0;1.0;1.4222222222222218;0.0;8.922222222222222;78.17777777777776;83.66666666666667;4.89;1.0;2.0;1.4222222222222218;0.0;8.055555555555555;77.63333333333333;83.04444444444444;4.593333333333334;1.0;2.0;2.4444444444444446;7.577777777777778;142.7222222222222;80.17777777777778;81.01111111111112;10.875;1.0;3.0;1.2666666666666668;0.0;8.255555555555556;77.34444444444445;81.65555555555555;3.9616666666666664;1.0;3.0;1.3000000000000003;0.0;9.266666666666667;77.46666666666668;81.84444444444445;4.238333333333333;1.0;4.0;1.277777777777778;0.0;8.666666666666666;82.8;87.15555555555557;4.386666666666666;1.0;4.0;1.3;0.0;9.044444444444444;85.66666666666669;89.92222222222222;4.593333333333333;1.0;5.0;0.0
1.3555555555555554;0.0;9.28888888888889;76.81111111111112;82.35555555555555;3.8949999999999996;1.0;1.0;1.3222222222222222;0.0;8.322222222222221;75.92222222222222;81.45555555555556;4.419999999999999;1.0;1.0;1.4222222222222218;0.0;8.922222222222222;78.17777777777776;83.66666666666667;4.89;1.0;2.0;1.4222222222222218;0.0;8.055555555555555;77.63333333333333;83.04444444444444;4.593333333333334;1.0;2.0;2.4444444444444446;7.577777777777778;142.7222222222222;80.17777777777778;81.01111111111112;10.875;1.0;3.0;1.2666666666666668;0.0;8.255555555555556;77.34444444444445;81.65555555555555;3.9616666666666664;1.0;3.0;1.3000000000000003;0.0;9.266666666666667;77.46666666666668;81.84444444444445;4.238333333333333;1.0;4.0;1.277777777777778;0.0;8.666666666666666;82.8;87.15555555555557;4.386666666666666;1.0;4.0;1.3;0.0;9.044444444444444;85.66666666666669;89.92222222222222;4.593333333333333;1.0;5.0;1.2333333333333336;0.0;8.133333333333335;81.55555555555556;85.76666666666667;4.11;1.0;5.0;0.0
1.3222222222222222;0.0;8.322222222222221;75.92222222222222;81.45555555555556;4.419999999999999;1.0;1.0;1.4222222222222218;0.0;8.922222222222222;78.17777777777776;83.66666666666667;4.89;1.0;2.0;1.4222222222222218;0.0;8.055555555555555;77.63333333333333;83.04444444444444;4.593333333333334;1.0;2.0;2.4444444444444446;7.577777777777778;142.7222222222222;80.17777777777778;81.01111111111112;10.875;1.0;3.0;1.2666666666666668;0.0;8.255555555555556;77.34444444444445;81.65555555555555;3.9616666666666664;1.0;3.0;1.3000000000000003;0.0;9.266666666666667;77.46666666666668;81.84444444444445;4.238333333333333;1.0;4.0;1.277777777777778;0.0;8.666666666666666;82.8;87.15555555555557;4.386666666666666;1.0;4.0;1.3;0.0;9.044444444444444;85.66666666666669;89.92222222222222;4.593333333333333;1.0;5.0;1.2333333333333336;0.0;8.133333333333335;81.55555555555556;85.76666666666667;4.11;1.0;5.0;1.2888888888888888;0.0;8.922222222222222;82.76666666666667;86.89999999999999;3.846666666666667;1.0;6.0;0.0
1.4222222222222218;0.0;8.922222222222222;78.17777777777776;83.66666666666667;4.89;1.0;2.0;1.4222222222222218;0.0;8.055555555555555;77.63333333333333;83.04444444444444;4.593333333333334;1.0;2.0;2.4444444444444446;7.577777777777778;142.7222222222222;80.17777777777778;81.01111111111112;10.875;1.0;3.0;1.2666666666666668;0.0;8.255555555555556;77.34444444444445;81.65555555555555;3.9616666666666664;1.0;3.0;1.3000000000000003;0.0;9.266666666666667;77.46666666666668;81.84444444444445;4.238333333333333;1.0;4.0;1.277777777777778;0.0;8.666666666666666;82.8;87.15555555555557;4.386666666666666;1.0;4.0;1.3;0.0;9.044444444444444;85.66666666666669;89.92222222222222;4.593333333333333;1.0;5.0;1.2333333333333336;0.0;8.133333333333335;81.55555555555556;85.76666666666667;4.11;1.0;5.0;1.2888888888888888;0.0;8.922222222222222;82.76666666666667;86.89999999999999;3.846666666666667;1.0;6.0;1.2444444444444445;0.0;8.677777777777779;81.27777777777779;85.41111111111111;4.168333333333334;1.0;6.0;0.0
1.4222222222222218;0.0;8.055555555555555;77.63333333333333;83.04444444444444;4.593333333333334;1.0;2.0;2.4444444444444446;7.577777777777778;142.7222222222222;80.17777777777778;81.01111111111112;10.875;1.0;3.0;1.2666666666666668;0.0;8.255555555555556;77.34444444444445;81.65555555555555;3.9616666666666664;1.0;3.0;1.3000000000000003;0.0;9.266666666666667;77.46666666666668;81.84444444444445;4.238333333333333;1.0;4.0;1.277777777777778;0.0;8.666666666666666;82.8;87.15555555555557;4.386666666666666;1.0;4.0;1.3;0.0;9.044444444444444;85.66666666666669;89.92222222222222;4.593333333333333;1.0;5.0;1.2333333333333336;0.0;8.133333333333335;81.55555555555556;85.76666666666667;4.11;1.0;5.0;1.2888888888888888;0.0;8.922222222222222;82.76666666666667;86.89999999999999;3.846666666666667;1.0;6.0;1.2444444444444445;0.0;8.677777777777779;81.27777777777779;85.41111111111111;4.168333333333334;1.0;6.0;1.3;0.0;8.955555555555554;78.63333333333334;82.75555555555556;4.043333333333333;1.0;7.0;0.0
2.4444444444444446;7.577777777777778;142.7222222222222;80.17777777777778;81.01111111111112;10.875;1.0;3.0;1.2666666666666668;0.0;8.255555555555556;77.34444444444445;81.65555555555555;3.9616666666666664;1.0;3.0;1.3000000000000003;0.0;9.266666666666667;77.46666666666668;81.84444444444445;4.238333333333333;1.0;4.0;1.277777777777778;0.0;8.666666666666666;82.8;87.15555555555557;4.386666666666666;1.0;4.0;1.3;0.0;9.044444444444444;85.66666666666669;89.92222222222222;4.593333333333333;1.0;5.0;1.2333333333333336;0.0;8.133333333333335;81.55555555555556;85.76666666666667;4.11;1.0;5.0;1.2888888888888888;0.0;8.922222222222222;82.76666666666667;86.89999999999999;3.846666666666667;1.0;6.0;1.2444444444444445;0.0;8.677777777777779;81.27777777777779;85.41111111111111;4.168333333333334;1.0;6.0;1.3;0.0;8.955555555555554;78.63333333333334;82.75555555555556;4.043333333333333;1.0;7.0;1.2333333333333334;0.0;8.433333333333332;78.8111111111111;82.92222222222222;4.166666666666667;1.0;7.0;0.0
1.2666666666666668;0.0;8.255555555555556;77.34444444444445;81.65555555555555;3.9616666666666664;1.0;3.0;1.3000000000000003;0.0;9.266666666666667;77.46666666666668;81.84444444444445;4.238333333333333;1.0;4.0;1.277777777777778;0.0;8.666666666666666;82.8;87.15555555555557;4.386666666666666;1.0;4.0;1.3;0.0;9.044444444444444;85.66666666666669;89.92222222222222;4.593333333333333;1.0;5.0;1.2333333333333336;0.0;8.133333333333335;81.55555555555556;85.76666666666667;4.11;1.0;5.0;1.2888888888888888;0.0;8.922222222222222;82.76666666666667;86.89999999999999;3.846666666666667;1.0;6.0;1.2444444444444445;0.0;8.677777777777779;81.27777777777779;85.41111111111111;4.168333333333334;1.0;6.0;1.3;0.0;8.955555555555554;78.63333333333334;82.75555555555556;4.043333333333333;1.0;7.0;1.2333333333333334;0.0;8.433333333333332;78.8111111111111;82.92222222222222;4.166666666666667;1.0;7.0;1.3;0.0;8.933333333333332;78.00000000000001;82.10000000000001;4.5;1.0;8.0;0.0
1.3000000000000003;0.0;9.266666666666667;77.46666666666668;81.84444444444445;4.238333333333333;1.0;4.0;1.277777777777778;0.0;8.666666666666666;82.8;87.15555555555557;4.386666666666666;1.0;4.0;1.3;0.0;9.044444444444444;85.66666666666669;89.92222222222222;4.593333333333333;1.0;5.0;1.2333333333333336;0.0;8.133333333333335;81.55555555555556;85.76666666666667;4.11;1.0;5.0;1.2888888888888888;0.0;8.922222222222222;82.76666666666667;86.89999999999999;3.846666666666667;1.0;6.0;1.2444444444444445;0.0;8.677777777777779;81.27777777777779;85.41111111111111;4.168333333333334;1.0;6.0;1.3;0.0;8.955555555555554;78.63333333333334;82.75555555555556;4.043333333333333;1.0;7.0;1.2333333333333334;0.0;8.433333333333332;78.8111111111111;82.92222222222222;4.166666666666667;1.0;7.0;1.3;0.0;8.933333333333332;78.00000000000001;82.10000000000001;4.5;1.0;8.0;1.3111111111111111;0.0;8.71111111111111;76.65555555555555;80.7;3.823333333333333;1.0;8.0;0.0
1.277777777777778;0.0;8.666666666666666;82.8;87.15555555555557;4.386666666666666;1.0;4.0;1.3;0.0;9.044444444444444;85.66666666666669;89.92222222222222;4.593333333333333;1.0;5.0;1.2333333333333336;0.0;8.133333333333335;81.55555555555556;85.76666666666667;4.11;1.0;5.0;1.2888888888888888;0.0;8.922222222222222;82.76666666666667;86.89999999999999;3.846666666666667;1.0;6.0;1.2444444444444445;0.0;8.677777777777779;81.27777777777779;85.41111111111111;4.168333333333334;1.0;6.0;1.3;0.0;8.955555555555554;78.63333333333334;82.75555555555556;4.043333333333333;1.0;7.0;1.2333333333333334;0.0;8.433333333333332;78.8111111111111;82.92222222222222;4.166666666666667;1.0;7.0;1.3;0.0;8.933333333333332;78.00000000000001;82.10000000000001;4.5;1.0;8.0;1.3111111111111111;0.0;8.71111111111111;76.65555555555555;80.7;3.823333333333333;1.0;8.0;1.3222222222222222;0.0;9.155555555555555;77.87777777777778;81.98888888888888;3.615;1.0;9.0;0.0
1.3;0.0;9.044444444444444;85.66666666666669;89.92222222222222;4.593333333333333;1.0;5.0;1.2333333333333336;0.0;8.133333333333335;81.55555555555556;85.76666666666667;4.11;1.0;5.0;1.2888888888888888;0.0;8.922222222222222;82.76666666666667;86.89999999999999;3.846666666666667;1.0;6.0;1.2444444444444445;0.0;8.677777777777779;81.27777777777779;85.41111111111111;4.168333333333334;1.0;6.0;1.3;0.0;8.955555555555554;78.63333333333334;82.75555555555556;4.043333333333333;1.0;7.0;1.2333333333333334;0.0;8.433333333333332;78.8111111111111;82.92222222222222;4.166666666666667;1.0;7.0;1.3;0.0;8.933333333333332;78.00000000000001;82.10000000000001;4.5;1.0;8.0;1.3111111111111111;0.0;8.71111111111111;76.65555555555555;80.7;3.823333333333333;1.0;8.0;1.3222222222222222;0.0;9.155555555555555;77.87777777777778;81.98888888888888;3.615;1.0;9.0;1.2555555555555555;0.0;8.222222222222223;78.46666666666667;84.7;3.6166666666666667;1.0;9.0;0.0
1.2333333333333336;0.0;8.133333333333335;81.55555555555556;85.76666666666667;4.11;1.0;5.0;1.2888888888888888;0.0;8.922222222222222;82.76666666666667;86.89999999999999;3.846666666666667;1.0;6.0;1.2444444444444445;0.0;8.677777777777779;81.27777777777779;85.41111111111111;4.168333333333334;1.0;6.0;1.3;0.0;8.955555555555554;78.63333333333334;82.75555555555556;4.043333333333333;1.0;7.0;1.2333333333333334;0.0;8.433333333333332;78.8111111111111;82.92222222222222;4.166666666666667;1.0;7.0;1.3;0.0;8.933333333333332;78.00000000000001;82.10000000000001;4.5;1.0;8.0;1.3111111111111111;0.0;8.71111111111111;76.65555555555555;80.7;3.823333333333333;1.0;8.0;1.3222222222222222;0.0;9.155555555555555;77.87777777777778;81.98888888888888;3.615;1.0;9.0;1.2555555555555555;0.0;8.222222222222223;78.46666666666667;84.7;3.6166666666666667;1.0;9.0;1.3;0.0;8.955555555555556;77.26666666666667;86.74444444444445;3.78;1.0;10.0;0.0
1.2888888888888888;0.0;8.922222222222222;82.76666666666667;86.89999999999999;3.846666666666667;1.0;6.0;1.2444444444444445;0.0;8.677777777777779;81.27777777777779;85.41111111111111;4.168333333333334;1.0;6.0;1.3;0.0;8.955555555555554;78.63333333333334;82.75555555555556;4.043333333333333;1.0;7.0;1.2333333333333334;0.0;8.433333333333332;78.8111111111111;82.92222222222222;4.166666666666667;1.0;7.0;1.3;0.0;8.933333333333332;78.00000000000001;82.10000000000001;4.5;1.0;8.0;1.3111111111111111;0.0;8.71111111111111;76.65555555555555;80.7;3.823333333333333;1.0;8.0;1.3222222222222222;0.0;9.155555555555555;77.87777777777778;81.98888888888888;3.615;1.0;9.0;1.2555555555555555;0.0;8.222222222222223;78.46666666666667;84.7;3.6166666666666667;1.0;9.0;1.3;0.0;8.955555555555556;77.26666666666667;86.74444444444445;3.78;1.0;10.0;1.988888888888889;0.04444444444444443;11.211111111111114;76.77777777777779;81.7;5.7316666666666665;1.0;10.0;0.0
1.2444444444444445;0.0;8.677777777777779;81.27777777777779;85.41111111111111;4.168333333333334;1.0;6.0;1.3;0.0;8.955555555555554;78.63333333333334;82.75555555555556;4.043333333333333;1.0;7.0;1.2333333333333334;0.0;8.433333333333332;78.8111111111111;82.92222222222222;4.166666666666667;1.0;7.0;1.3;0.0;8.933333333333332;78.00000000000001;82.10000000000001;4.5;1.0;8.0;1.3111111111111111;0.0;8.71111111111111;76.65555555555555;80.7;3.823333333333333;1.0;8.0;1.3222222222222222;0.0;9.155555555555555;77.87777777777778;81.98888888888888;3.615;1.0;9.0;1.2555555555555555;0.0;8.222222222222223;78.46666666666667;84.7;3.6166666666666667;1.0;9.0;1.3;0.0;8.955555555555556;77.26666666666667;86.74444444444445;3.78;1.0;10.0;1.988888888888889;0.04444444444444443;11.211111111111114;76.77777777777779;81.7;5.7316666666666665;1.0;10.0;1.3;0.0;9.466666666666667;78.28888888888889;82.67777777777779;4.683333333333334;1.0;11.0;0.0
1.3;0.0;8.955555555555554;78.63333333333334;82.75555555555556;4.043333333333333;1.0;7.0;1.2333333333333334;0.0;8.433333333333332;78.8111111111111;82.92222222222222;4.166666666666667;1.0;7.0;1.3;0.0;8.933333333333332;78.00000000000001;82.10000000000001;4.5;1.0;8.0;1.3111111111111111;0.0;8.71111111111111;76.65555555555555;80.7;3.823333333333333;1.0;8.0;1.3222222222222222;0.0;9.155555555555555;77.87777777777778;81.98888888888888;3.615;1.0;9.0;1.2555555555555555;0.0;8.222222222222223;78.46666666666667;84.7;3.6166666666666667;1.0;9.0;1.3;0.0;8.955555555555556;77.26666666666667;86.74444444444445;3.78;1.0;10.0;1.988888888888889;0.04444444444444443;11.211111111111114;76.77777777777779;81.7;5.7316666666666665;1.0;10.0;1.3;0.0;9.466666666666667;78.28888888888889;82.67777777777779;4.683333333333334;1.0;11.0;1.3222222222222222;0.0;8.666666666666666;77.45555555555556;82.0111111111111;4.741666666666666;1.0;11.0;0.0
1.2333333333333334;0.0;8.433333333333332;78.8111111111111;82.92222222222222;4.166666666666667;1.0;7.0;1.3;0.0;8.933333333333332;78.00000000000001;82.10000000000001;4.5;1.0;8.0;1.3111111111111111;0.0;8.71111111111111;76.65555555555555;80.7;3.823333333333333;1.0;8.0;1.3222222222222222;0.0;9.155555555555555;77.87777777777778;81.98888888888888;3.615;1.0;9.0;1.2555555555555555;0.0;8.222222222222223;78.46666666666667;84.7;3.6166666666666667;1.0;9.0;1.3;0.0;8.955555555555556;77.26666666666667;86.74444444444445;3.78;1.0;10.0;1.988888888888889;0.04444444444444443;11.211111111111114;76.77777777777779;81.7;5.7316666666666665;1.0;10.0;1.3;0.0;9.466666666666667;78.28888888888889;82.67777777777779;4.683333333333334;1.0;11.0;1.3222222222222222;0.0;8.666666666666666;77.45555555555556;82.0111111111111;4.741666666666666;1.0;11.0;1.3333333333333333;0.0;9.033333333333333;77.83333333333333;83.02222222222223;4.605;1.0;12.0;0.0
1.3;0.0;8.933333333333332;78.00000000000001;82.10000000000001;4.5;1.0;8.0;1.3111111111111111;0.0;8.71111111111111;76.65555555555555;80.7;3.823333333333333;1.0;8.0;1.3222222222222222;0.0;9.155555555555555;77.87777777777778;81.98888888888888;3.615;1.0;9.0;1.2555555555555555;0.0;8.222222222222223;78.46666666666667;84.7;3.6166666666666667;1.0;9.0;1.3;0.0;8.955555555555556;77.26666666666667;86.74444444444445;3.78;1.0;10.0;1.988888888888889;0.04444444444444443;11.211111111111114;76.77777777777779;81.7;5.7316666666666665;1.0;10.0;1.3;0.0;9.466666666666667;78.28888888888889;82.67777777777779;4.683333333333334;1.0;11.0;1.3222222222222222;0.0;8.666666666666666;77.45555555555556;82.0111111111111;4.741666666666666;1.0;11.0;1.3333333333333333;0.0;9.033333333333333;77.83333333333333;83.02222222222223;4.605;1.0;12.0;1.5333333333333332;0.0;8.666666666666666;78.07777777777778;86.98888888888888;4.271666666666667;1.0;12.0;0.0
1.3111111111111111;0.0;8.71111111111111;76.65555555555555;80.7;3.823333333333333;1.0;8.0;1.3222222222222222;0.0;9.155555555555555;77.87777777777778;81.98888888888888;3.615;1.0;9.0;1.2555555555555555;0.0;8.222222222222223;78.46666666666667;84.7;3.6166666666666667;1.0;9.0;1.3;0.0;8.955555555555556;77.26666666666667;86.74444444444445;3.78;1.0;10.0;1.988888888888889;0.04444444444444443;11.211111111111114;76.77777777777779;81.7;5.7316666666666665;1.0;10.0;1.3;0.0;9.466666666666667;78.28888888888889;82.67777777777779;4.683333333333334;1.0;11.0;1.3222222222222222;0.0;8.666666666666666;77.45555555555556;82.0111111111111;4.741666666666666;1.0;11.0;1.3333333333333333;0.0;9.033333333333333;77.83333333333333;83.02222222222223;4.605;1.0;12.0;1.5333333333333332;0.0;8.666666666666666;78.07777777777778;86.98888888888888;4.271666666666667;1.0;12.0;1.388888888888889;0.0;9.666666666666666;79.28888888888889;85.7;4.628333333333334;1.0;13.0;0.0
1.3222222222222222;0.0;9.155555555555555;77.87777777777778;81.98888888888888;3.615;1.0;9.0;1.2555555555555555;0.0;8.222222222222223;78.46666666666667;84.7;3.6166666666666667;1.0;9.0;1.3;0.0;8.955555555555556;77.26666666666667;86.74444444444445;3.78;1.0;10.0;1.988888888888889;0.04444444444444443;11.211111111111114;76.77777777777779;81.7;5.7316666666666665;1.0;10.0;1.3;0.0;9.466666666666667;78.28888888888889;82.67777777777779;4.683333333333334;1.0;11.0;1.3222222222222222;0.0;8.666666666666666;77.45555555555556;82.0111111111111;4.741666666666666;1.0;11.0;1.3333333333333333;0.0;9.033333333333333;77.83333333333333;83.02222222222223;4.605;1.0;12.0;1.5333333333333332;0.0;8.666666666666666;78.07777777777778;86.98888888888888;4.271666666666667;1.0;12.0;1.388888888888889;0.0;9.666666666666666;79.28888888888889;85.7;4.628333333333334;1.0;13.0;1.3;0.0;8.422222222222222;75.18888888888888;80.7;4.558333333333334;1.0;13.0;0.0
1.2555555555555555;0.0;8.222222222222223;78.46666666666667;84.7;3.6166666666666667;1.0;9.0;1.3;0.0;8.955555555555556;77.26666666666667;86.74444444444445;3.78;1.0;10.0;1.988888888888889;0.04444444444444443;11.211111111111114;76.77777777777779;81.7;5.7316666666666665;1.0;10.0;1.3;0.0;9.466666666666667;78.28888888888889;82.67777777777779;4.683333333333334;1.0;11.0;1.3222222222222222;0.0;8.666666666666666;77.45555555555556;82.0111111111111;4.741666666666666;1.0;11.0;1.3333333333333333;0.0;9.033333333333333;77.83333333333333;83.02222222222223;4.605;1.0;12.0;1.5333333333333332;0.0;8.666666666666666;78.07777777777778;86.98888888888888;4.271666666666667;1.0;12.0;1.388888888888889;0.0;9.666666666666666;79.28888888888889;85.7;4.628333333333334;1.0;13.0;1.3;0.0;8.422222222222222;75.18888888888888;80.7;4.558333333333334;1.0;13.0;1.3333333333333333;0.0;9.299999999999999;77.36666666666667;82.21111111111111;5.363333333333334;1.0;14.0;0.0
1.3;0.0;8.955555555555556;77.26666666666667;86.74444444444445;3.78;1.0;10.0;1.988888888888889;0.04444444444444443;11.211111111111114;76.77777777777779;81.7;5.7316666666666665;1.0;10.0;1.3;0.0;9.466666666666667;78.28888888888889;82.67777777777779;4.683333333333334;1.0;11.0;1.3222222222222222;0.0;8.666666666666666;77.45555555555556;82.0111111111111;4.741666666666666;1.0;11.0;1.3333333333333333;0.0;9.033333333333333;77.83333333333333;83.02222222222223;4.605;1.0;12.0;1.5333333333333332;0.0;8.666666666666666;78.07777777777778;86.98888888888888;4.271666666666667;1.0;12.0;1.388888888888889;0.0;9.666666666666666;79.28888888888889;85.7;4.628333333333334;1.0;13.0;1.3;0.0;8.422222222222222;75.18888888888888;80.7;4.558333333333334;1.0;13.0;1.3333333333333333;0.0;9.299999999999999;77.36666666666667;82.21111111111111;5.363333333333334;1.0;14.0;1.3333333333333333;0.0;8.666666666666668;80.63333333333334;85.33333333333333;4.283333333333334;1.0;14.0;0.0
1.988888888888889;0.04444444444444443;11.211111111111114;76.77777777777779;81.7;5.7316666666666665;1.0;10.0;1.3;0.0;9.466666666666667;78.28888888888889;82.67777777777779;4.683333333333334;1.0;11.0;1.3222222222222222;0.0;8.666666666666666;77.45555555555556;82.0111111111111;4.741666666666666;1.0;11.0;1.3333333333333333;0.0;9.033333333333333;77.83333333333333;83.02222222222223;4.605;1.0;12.0;1.5333333333333332;0.0;8.666666666666666;78.07777777777778;86.98888888888888;4.271666666666667;1.0;12.0;1.388888888888889;0.0;9.666666666666666;79.28888888888889;85.7;4.628333333333334;1.0;13.0;1.3;0.0;8.422222222222222;75.18888888888888;80.7;4.558333333333334;1.0;13.0;1.3333333333333333;0.0;9.299999999999999;77.36666666666667;82.21111111111111;5.363333333333334;1.0;14.0;1.3333333333333333;0.0;8.666666666666668;80.63333333333334;85.33333333333333;4.283333333333334;1.0;14.0;1.2555555555555555;0.0;9.81111111111111;76.27777777777777;80.87777777777778;3.5933333333333333;1.0;15.0;0.0
1.3;0.0;9.466666666666667;78.28888888888889;82.67777777777779;4.683333333333334;1.0;11.0;1.3222222222222222;0.0;8.666666666666666;77.45555555555556;82.0111111111111;4.741666666666666;1.0;11.0;1.3333333333333333;0.0;9.033333333333333;77.83333333333333;83.02222222222223;4.605;1.0;12.0;1.5333333333333332;0.0;8.666666666666666;78.07777777777778;86.98888888888888;4.271666666666667;1.0;12.0;1.388888888888889;0.0;9.666666666666666;79.28888888888889;85.7;4.628333333333334;1.0;13.0;1.3;0.0;8.422222222222222;75.18888888888888;80.7;4.558333333333334;1.0;13.0;1.3333333333333333;0.0;9.299999999999999;77.36666666666667;82.21111111111111;5.363333333333334;1.0;14.0;1.3333333333333333;0.0;8.666666666666668;80.63333333333334;85.33333333333333;4.283333333333334;1.0;14.0;1.2555555555555555;0.0;9.81111111111111;76.27777777777777;80.87777777777778;3.5933333333333333;1.0;15.0;1.2888888888888888;0.0;8.71111111111111;77.62222222222222;82.17777777777779;4.661666666666666;1.0;15.0;0.0
1.3222222222222222;0.0;8.666666666666666;77.45555555555556;82.0111111111111;4.741666666666666;1.0;11.0;1.3333333333333333;0.0;9.033333333333333;77.83333333333333;83.02222222222223;4.605;1.0;12.0;1.5333333333333332;0.0;8.666666666666666;78.07777777777778;86.98888888888888;4.271666666666667;1.0;12.0;1.388888888888889;0.0;9.666666666666666;79.28888888888889;85.7;4.628333333333334;1.0;13.0;1.3;0.0;8.422222222222222;75.18888888888888;80.7;4.558333333333334;1.0;13.0;1.3333333333333333;0.0;9.299999999999999;77.36666666666667;82.21111111111111;5.363333333333334;1.0;14.0;1.3333333333333333;0.0;8.666666666666668;80.63333333333334;85.33333333333333;4.283333333333334;1.0;14.0;1.2555555555555555;0.0;9.81111111111111;76.27777777777777;80.87777777777778;3.5933333333333333;1.0;15.0;1.2888888888888888;0.0;8.71111111111111;77.62222222222222;82.17777777777779;4.661666666666666;1.0;15.0;1.2222222222222223;0.0;8.199999999999998;35.25555555555555;38.544444444444444;4.271666666666667;1.0;16.0;0.0
1.3333333333333333;0.0;9.033333333333333;77.83333333333333;83.02222222222223;4.605;1.0;12.0;1.5333333333333332;0.0;8.666666666666666;78.07777777777778;86.98888888888888;4.271666666666667;1.0;12.0;1.388888888888889;0.0;9.666666666666666;79.28888888888889;85.7;4.628333333333334;1.0;13.0;1.3;0.0;8.422222222222222;75.18888888888888;80.7;4.558333333333334;1.0;13.0;1.3333333333333333;0.0;9.299999999999999;77.36666666666667;82.21111111111111;5.363333333333334;1.0;14.0;1.3333333333333333;0.0;8.666666666666668;80.63333333333334;85.33333333333333;4.283333333333334;1.0;14.0;1.2555555555555555;0.0;9.81111111111111;76.27777777777777;80.87777777777778;3.5933333333333333;1.0;15.0;1.2888888888888888;0.0;8.71111111111111;77.62222222222222;82.17777777777779;4.661666666666666;1.0;15.0;1.2222222222222223;0.0;8.199999999999998;35.25555555555555;38.544444444444444;4.271666666666667;1.0;16.0;1.988888888888889;0.0;7.788888888888889;9.455555555555556;11.755555555555555;4.248333333333333;1.0;16.0;0.0
1.5333333333333332;0.0;8.666666666666666;78.07777777777778;86.98888888888888;4.271666666666667;1.0;12.0;1.388888888888889;0.0;9.666666666666666;79.28888888888889;85.7;4.628333333333334;1.0;13.0;1.3;0.0;8.422222222222222;75.18888888888888;80.7;4.558333333333334;1.0;13.0;1.3333333333333333;0.0;9.299999999999999;77.36666666666667;82.21111111111111;5.363333333333334;1.0;14.0;1.3333333333333333;0.0;8.666666666666668;80.63333333333334;85.33333333333333;4.283333333333334;1.0;14.0;1.2555555555555555;0.0;9.81111111111111;76.27777777777777;80.87777777777778;3.5933333333333333;1.0;15.0;1.2888888888888888;0.0;8.71111111111111;77.62222222222222;82.17777777777779;4.661666666666666;1.0;15.0;1.2222222222222223;0.0;8.199999999999998;35.25555555555555;38.544444444444444;4.271666666666667;1.0;16.0;1.988888888888889;0.0;7.788888888888889;9.455555555555556;11.755555555555555;4.248333333333333;1.0;16.0;2.111111111111111;0.8222222222222223;10.366666666666667;15.055555555555555;17.533333333333335;5.088333333333334;1.0;17.0;0.0
1.388888888888889;0.0;9.666666666666666;79.28888888888889;85.7;4.628333333333334;1.0;13.0;1.3;0.0;8.422222222222222;75.18888888888888;80.7;4.558333333333334;1.0;13.0;1.3333333333333333;0.0;9.299999999999999;77.36666666666667;82.21111111111111;5.363333333333334;1.0;14.0;1.3333333333333333;0.0;8.666666666666668;80.63333333333334;85.33333333333333;4.283333333333334;1.0;14.0;1.2555555555555555;0.0;9.81111111111111;76.27777777777777;80.87777777777778;3.5933333333333333;1.0;15.0;1.2888888888888888;0.0;8.71111111111111;77.62222222222222;82.17777777777779;4.661666666666666;1.0;15.0;1.2222222222222223;0.0;8.199999999999998;35.25555555555555;38.544444444444444;4.271666666666667;1.0;16.0;1.988888888888889;0.0;7.788888888888889;9.455555555555556;11.755555555555555;4.248333333333333;1.0;16.0;2.111111111111111;0.8222222222222223;10.366666666666667;15.055555555555555;17.533333333333335;5.088333333333334;1.0;17.0;2.111111111111111;0.0;7.9444444444444455;14.78888888888889;17.366666666666664;4.155;1.0;17.0;0.0
1.3;0.0;8.422222222222222;75.18888888888888;80.7;4.558333333333334;1.0;13.0;1.3333333333333333;0.0;9.299999999999999;77.36666666666667;82.21111111111111;5.363333333333334;1.0;14.0;1.3333333333333333;0.0;8.666666666666668;80.63333333333334;85.33333333333333;4.283333333333334;1.0;14.0;1.2555555555555555;0.0;9.81111111111111;76.27777777777777;80.87777777777778;3.5933333333333333;1.0;15.0;1.2888888888888888;0.0;8.71111111111111;77.62222222222222;82.17777777777779;4.661666666666666;1.0;15.0;1.2222222222222223;0.0;8.199999999999998;35.25555555555555;38.544444444444444;4.271666666666667;1.0;16.0;1.988888888888889;0.0;7.788888888888889;9.455555555555556;11.755555555555555;4.248333333333333;1.0;16.0;2.111111111111111;0.8222222222222223;10.366666666666667;15.055555555555555;17.533333333333335;5.088333333333334;1.0;17.0;2.111111111111111;0.0;7.9444444444444455;14.78888888888889;17.366666666666664;4.155;1.0;17.0;2.1;0.0;8.622222222222222;14.033333333333331;16.455555555555556;3.9616666666666664;1.0;18.0;0.0
1.3333333333333333;0.0;9.299999999999999;77.36666666666667;82.21111111111111;5.363333333333334;1.0;14.0;1.3333333333333333;0.0;8.666666666666668;80.63333333333334;85.33333333333333;4.283333333333334;1.0;14.0;1.2555555555555555;0.0;9.81111111111111;76.27777777777777;80.87777777777778;3.5933333333333333;1.0;15.0;1.2888888888888888;0.0;8.71111111111111;77.62222222222222;82.17777777777779;4.661666666666666;1.0;15.0;1.2222222222222223;0.0;8.199999999999998;35.25555555555555;38.544444444444444;4.271666666666667;1.0;16.0;1.988888888888889;0.0;7.788888888888889;9.455555555555556;11.755555555555555;4.248333333333333;1.0;16.0;2.111111111111111;0.8222222222222223;10.366666666666667;15.055555555555555;17.533333333333335;5.088333333333334;1.0;17.0;2.111111111111111;0.0;7.9444444444444455;14.78888888888889;17.366666666666664;4.155;1.0;17.0;2.1;0.0;8.622222222222222;14.033333333333331;16.455555555555556;3.9616666666666664;1.0;18.0;2.1;0.0;7.833333333333333;13.700000000000001;16.255555555555556;4.983333333333333;1.0;18.0;0.0
1.3333333333333333;0.0;8.666666666666668;80.63333333333334;85.33333333333333;4.283333333333334;1.0;14.0;1.2555555555555555;0.0;9.81111111111111;76.27777777777777;80.87777777777778;3.5933333333333333;1.0;15.0;1.2888888888888888;0.0;8.71111111111111;77.62222222222222;82.17777777777779;4.661666666666666;1.0;15.0;1.2222222222222223;0.0;8.199999999999998;35.25555555555555;38.544444444444444;4.271666666666667;1.0;16.0;1.988888888888889;0.0;7.788888888888889;9.455555555555556;11.755555555555555;4.248333333333333;1.0;16.0;2.111111111111111;0.8222222222222223;10.366666666666667;15.055555555555555;17.533333333333335;5.088333333333334;1.0;17.0;2.111111111111111;0.0;7.9444444444444455;14.78888888888889;17.366666666666664;4.155;1.0;17.0;2.1;0.0;8.622222222222222;14.033333333333331;16.455555555555556;3.9616666666666664;1.0;18.0;2.1;0.0;7.833333333333333;13.700000000000001;16.255555555555556;4.983333333333333;1.0;18.0;2.111111111111111;0.0;8.722222222222223;14.700000000000001;17.26666666666667;4.421666666666667;1.0;19.0;0.0
1.2555555555555555;0.0;9.81111111111111;76.27777777777777;80.87777777777778;3.5933333333333333;1.0;15.0;1.2888888888888888;0.0;8.71111111111111;77.62222222222222;82.17777777777779;4.661666666666666;1.0;15.0;1.2222222222222223;0.0;8.199999999999998;35.25555555555555;38.544444444444444;4.271666666666667;1.0;16.0;1.988888888888889;0.0;7.788888888888889;9.455555555555556;11.755555555555555;4.248333333333333;1.0;16.0;2.111111111111111;0.8222222222222223;10.366666666666667;15.055555555555555;17.533333333333335;5.088333333333334;1.0;17.0;2.111111111111111;0.0;7.9444444444444455;14.78888888888889;17.366666666666664;4.155;1.0;17.0;2.1;0.0;8.622222222222222;14.033333333333331;16.455555555555556;3.9616666666666664;1.0;18.0;2.1;0.0;7.833333333333333;13.700000000000001;16.255555555555556;4.983333333333333;1.0;18.0;2.111111111111111;0.0;8.722222222222223;14.700000000000001;17.26666666666667;4.421666666666667;1.0;19.0;2.111111111111111;0.0;8.166666666666666;13.888888888888888;16.42222222222222;4.9366666666666665;1.0;19.0;0.0
1.2888888888888888;0.0;8.71111111111111;77.62222222222222;82.17777777777779;4.661666666666666;1.0;15.0;1.2222222222222223;0.0;8.199999999999998;35.25555555555555;38.544444444444444;4.271666666666667;1.0;16.0;1.988888888888889;0.0;7.788888888888889;9.455555555555556;11.755555555555555;4.248333333333333;1.0;16.0;2.111111111111111;0.8222222222222223;10.366666666666667;15.055555555555555;17.533333333333335;5.088333333333334;1.0;17.0;2.111111111111111;0.0;7.9444444444444455;14.78888888888889;17.366666666666664;4.155;1.0;17.0;2.1;0.0;8.622222222222222;14.033333333333331;16.455555555555556;3.9616666666666664;1.0;18.0;2.1;0.0;7.833333333333333;13.700000000000001;16.255555555555556;4.983333333333333;1.0;18.0;2.111111111111111;0.0;8.722222222222223;14.700000000000001;17.26666666666667;4.421666666666667;1.0;19.0;2.111111111111111;0.0;8.166666666666666;13.888888888888888;16.42222222222222;4.9366666666666665;1.0;19.0;2.1;0.0;8.666666666666666;14.455555555555556;16.98888888888889;4.501666666666666;1.0;20.0;0.0
1.2222222222222223;0.0;8.199999999999998;35.25555555555555;38.544444444444444;4.271666666666667;1.0;16.0;1.988888888888889;0.0;7.788888888888889;9.455555555555556;11.755555555555555;4.248333333333333;1.0;16.0;2.111111111111111;0.8222222222222223;10.366666666666667;15.055555555555555;17.533333333333335;5.088333333333334;1.0;17.0;2.111111111111111;0.0;7.9444444444444455;14.78888888888889;17.366666666666664;4.155;1.0;17.0;2.1;0.0;8.622222222222222;14.033333333333331;16.455555555555556;3.9616666666666664;1.0;18.0;2.1;0.0;7.833333333333333;13.700000000000001;16.255555555555556;4.983333333333333;1.0;18.0;2.111111111111111;0.0;8.722222222222223;14.700000000000001;17.26666666666667;4.421666666666667;1.0;19.0;2.111111111111111;0.0;8.166666666666666;13.888888888888888;16.42222222222222;4.9366666666666665;1.0;19.0;2.1;0.0;8.666666666666666;14.455555555555556;16.98888888888889;4.501666666666666;1.0;20.0;2.1777777777777776;0.0;7.7;14.144444444444446;16.7;4.72;1.0;20.0;0.0
1.988888888888889;0.0;7.788888888888889;9.455555555555556;11.755555555555555;4.248333333333333;1.0;16.0;2.111111111111111;0.8222222222222223;10.366666666666667;15.055555555555555;17.533333333333335;5.088333333333334;1.0;17.0;2.111111111111111;0.0;7.9444444444444455;14.78888888888889;17.366666666666664;4.155;1.0;17.0;2.1;0.0;8.622222222222222;14.033333333333331;16.455555555555556;3.9616666666666664;1.0;18.0;2.1;0.0;7.833333333333333;13.700000000000001;16.255555555555556;4.983333333333333;1.0;18.0;2.111111111111111;0.0;8.722222222222223;14.700000000000001;17.26666666666667;4.421666666666667;1.0;19.0;2.111111111111111;0.0;8.166666666666666;13.888888888888888;16.42222222222222;4.9366666666666665;1.0;19.0;2.1;0.0;8.666666666666666;14.455555555555556;16.98888888888889;4.501666666666666;1.0;20.0;2.1777777777777776;0.0;7.7;14.144444444444446;16.7;4.72;1.0;20.0;2.111111111111111;0.0;8.244444444444444;5.533333333333334;7.666666666666665;4.236666666666667;1.0;21.0;0.0
2.111111111111111;0.8222222222222223;10.366666666666667;15.055555555555555;17.533333333333335;5.088333333333334;1.0;17.0;2.111111111111111;0.0;7.9444444444444455;14.78888888888889;17.366666666666664;4.155;1.0;17.0;2.1;0.0;8.622222222222222;14.033333333333331;16.455555555555556;3.9616666666666664;1.0;18.0;2.1;0.0;7.833333333333333;13.700000000000001;16.255555555555556;4.983333333333333;1.0;18.0;2.111111111111111;0.0;8.722222222222223;14.700000000000001;17.26666666666667;4.421666666666667;1.0;19.0;2.111111111111111;0.0;8.166666666666666;13.888888888888888;16.42222222222222;4.9366666666666665;1.0;19.0;2.1;0.0;8.666666666666666;14.455555555555556;16.98888888888889;4.501666666666666;1.0;20.0;2.1777777777777776;0.0;7.7;14.144444444444446;16.7;4.72;1.0;20.0;2.111111111111111;0.0;8.244444444444444;5.533333333333334;7.666666666666665;4.236666666666667;1.0;21.0;2.1222222222222222;0.0;7.544444444444444;1.0;4.666666666666667;3.846666666666667;1.0;21.0;0.0
2.111111111111111;0.0;7.9444444444444455;14.78888888888889;17.366666666666664;4.155;1.0;17.0;2.1;0.0;8.622222222222222;14.033333333333331;16.455555555555556;3.9616666666666664;1.0;18.0;2.1;0.0;7.833333333333333;13.700000000000001;16.255555555555556;4.983333333333333;1.0;18.0;2.111111111111111;0.0;8.722222222222223;14.700000000000001;17.26666666666667;4.421666666666667;1.0;19.0;2.111111111111111;0.0;8.166666666666666;13.888888888888888;16.42222222222222;4.9366666666666665;1.0;19.0;2.1;0.0;8.666666666666666;14.455555555555556;16.98888888888889;4.501666666666666;1.0;20.0;2.1777777777777776;0.0;7.7;14.144444444444446;16.7;4.72;1.0;20.0;2.111111111111111;0.0;8.244444444444444;5.533333333333334;7.666666666666665;4.236666666666667;1.0;21.0;2.1222222222222222;0.0;7.544444444444444;1.0;4.666666666666667;3.846666666666667;1.0;21.0;2.1;0.0;7.922222222222222;0.9555555555555556;2.7111111111111117;4.881666666666667;1.0;22.0;0.0
2.1;0.0;8.622222222222222;14.033333333333331;16.455555555555556;3.9616666666666664;1.0;18.0;2.1;0.0;7.833333333333333;13.700000000000001;16.255555555555556;4.983333333333333;1.0;18.0;2.111111111111111;0.0;8.722222222222223;14.700000000000001;17.26666666666667;4.421666666666667;1.0;19.0;2.111111111111111;0.0;8.166666666666666;13.888888888888888;16.42222222222222;4.9366666666666665;1.0;19.0;2.1;0.0;8.666666666666666;14.455555555555556;16.98888888888889;4.501666666666666;1.0;20.0;2.1777777777777776;0.0;7.7;14.144444444444446;16.7;4.72;1.0;20.0;2.111111111111111;0.0;8.244444444444444;5.533333333333334;7.666666666666665;4.236666666666667;1.0;21.0;2.1222222222222222;0.0;7.544444444444444;1.0;4.666666666666667;3.846666666666667;1.0;21.0;2.1;0.0;7.922222222222222;0.9555555555555556;2.7111111111111117;4.881666666666667;1.0;22.0;2.1;0.0;7.611111111111112;0.9333333333333335;2.744444444444445;4.180000000000001;1.0;22.0;0.0
2.1;0.0;7.833333333333333;13.700000000000001;16.255555555555556;4.983333333333333;1.0;18.0;2.111111111111111;0.0;8.722222222222223;14.700000000000001;17.26666666666667;4.421666666666667;1.0;19.0;2.111111111111111;0.0;8.166666666666666;13.888888888888888;16.42222222222222;4.9366666666666665;1.0;19.0;2.1;0.0;8.666666666666666;14.455555555555556;16.98888888888889;4.501666666666666;1.0;20.0;2.1777777777777776;0.0;7.7;14.144444444444446;16.7;4.72;1.0;20.0;2.111111111111111;0.0;8.244444444444444;5.533333333333334;7.666666666666665;4.236666666666667;1.0;21.0;2.1222222222222222;0.0;7.544444444444444;1.0;4.666666666666667;3.846666666666667;1.0;21.0;2.1;0.0;7.922222222222222;0.9555555555555556;2.7111111111111117;4.881666666666667;1.0;22.0;2.1;0.0;7.611111111111112;0.9333333333333335;2.744444444444445;4.180000000000001;1.0;22.0;2.111111111111111;0.0;8.455555555555556;0.9333333333333332;2.744444444444444;4.901666666666666;1.0;23.0;0.0
2.111111111111111;0.0;8.722222222222223;14.700000000000001;17.26666666666667;4.421666666666667;1.0;19.0;2.111111111111111;0.0;8.166666666666666;13.888888888888888;16.42222222222222;4.9366666666666665;1.0;19.0;2.1;0.0;8.666666666666666;14.455555555555556;16.98888888888889;4.501666666666666;1.0;20.0;2.1777777777777776;0.0;7.7;14.144444444444446;16.7;4.72;1.0;20.0;2.111111111111111;0.0;8.244444444444444;5.533333333333334;7.666666666666665;4.236666666666667;1.0;21.0;2.1222222222222222;0.0;7.544444444444444;1.0;4.666666666666667;3.846666666666667;1.0;21.0;2.1;0.0;7.922222222222222;0.9555555555555556;2.7111111111111117;4.881666666666667;1.0;22.0;2.1;0.0;7.611111111111112;0.9333333333333335;2.744444444444445;4.180000000000001;1.0;22.0;2.111111111111111;0.0;8.455555555555556;0.9333333333333332;2.744444444444444;4.901666666666666;1.0;23.0;2.1;0.0;7.844444444444444;0.9;2.788888888888889;4.3516666666666675;1.0;23.0;0.0
2.111111111111111;0.0;8.166666666666666;13.888888888888888;16.42222222222222;4.9366666666666665;1.0;19.0;2.1;0.0;8.666666666666666;14.455555555555556;16.98888888888889;4.501666666666666;1.0;20.0;2.1777777777777776;0.0;7.7;14.144444444444446;16.7;4.72;1.0;20.0;2.111111111111111;0.0;8.244444444444444;5.533333333333334;7.666666666666665;4.236666666666667;1.0;21.0;2.1222222222222222;0.0;7.544444444444444;1.0;4.666666666666667;3.846666666666667;1.0;21.0;2.1;0.0;7.922222222222222;0.9555555555555556;2.7111111111111117;4.881666666666667;1.0;22.0;2.1;0.0;7.611111111111112;0.9333333333333335;2.744444444444445;4.180000000000001;1.0;22.0;2.111111111111111;0.0;8.455555555555556;0.9333333333333332;2.744444444444444;4.901666666666666;1.0;23.0;2.1;0.0;7.844444444444444;0.9;2.788888888888889;4.3516666666666675;1.0;23.0;2.1333333333333333;0.0;8.333333333333334;0.9888888888888889;2.8111111111111113;3.8683333333333327;2.0;0.0;1.0
2.1;0.0;8.666666666666666;14.455555555555556;16.98888888888889;4.501666666666666;1.0;20.0;2.1777777777777776;0.0;7.7;14.144444444444446;16.7;4.72;1.0;20.0;2.111111111111111;0.0;8.244444444444444;5.533333333333334;7.666666666666665;4.236666666666667;1.0;21.0;2.1222222222222222;0.0;7.544444444444444;1.0;4.666666666666667;3.846666666666667;1.0;21.0;2.1;0.0;7.922222222222222;0.9555555555555556;2.7111111111111117;4.881666666666667;1.0;22.0;2.1;0.0;7.611111111111112;0.9333333333333335;2.744444444444445;4.180000000000001;1.0;22.0;2.111111111111111;0.0;8.455555555555556;0.9333333333333332;2.744444444444444;4.901666666666666;1.0;23.0;2.1;0.0;7.844444444444444;0.9;2.788888888888889;4.3516666666666675;1.0;23.0;2.1333333333333333;0.0;8.333333333333334;0.9888888888888889;2.8111111111111113;3.8683333333333327;2.0;0.0;10.9;0.0;38.64444444444444;1501.211111111111;1546.6222222222223;5.525000000000001;2.0;0.0;1.0
2.1777777777777776;0.0;7.7;14.144444444444446;16.7;4.72;1.0;20.0;2.111111111111111;0.0;8.244444444444444;5.533333333333334;7.666666666666665;4.236666666666667;1.0;21.0;2.1222222222222222;0.0;7.544444444444444;1.0;4.666666666666667;3.846666666666667;1.0;21.0;2.1;0.0;7.922222222222222;0.9555555555555556;2.7111111111111117;4.881666666666667;1.0;22.0;2.1;0.0;7.611111111111112;0.9333333333333335;2.744444444444445;4.180000000000001;1.0;22.0;2.111111111111111;0.0;8.455555555555556;0.9333333333333332;2.744444444444444;4.901666666666666;1.0;23.0;2.1;0.0;7.844444444444444;0.9;2.788888888888889;4.3516666666666675;1.0;23.0;2.1333333333333333;0.0;8.333333333333334;0.9888888888888889;2.8111111111111113;3.8683333333333327;2.0;0.0;10.9;0.0;38.64444444444444;1501.211111111111;1546.6222222222223;5.525000000000001;2.0;0.0;16.477777777777778;0.0;59.155555555555566;2345.988888888889;2419.1666666666665;5.661666666666668;2.0;1.0;1.0
2.111111111111111;0.0;8.244444444444444;5.533333333333334;7.666666666666665;4.236666666666667;1.0;21.0;2.1222222222222222;0.0;7.544444444444444;1.0;4.666666666666667;3.846666666666667;1.0;21.0;2.1;0.0;7.922222222222222;0.9555555555555556;2.7111111111111117;4.881666666666667;1.0;22.0;2.1;0.0;7.611111111111112;0.9333333333333335;2.744444444444445;4.180000000000001;1.0;22.0;2.111111111111111;0.0;8.455555555555556;0.9333333333333332;2.744444444444444;4.901666666666666;1.0;23.0;2.1;0.0;7.844444444444444;0.9;2.788888888888889;4.3516666666666675;1.0;23.0;2.1333333333333333;0.0;8.333333333333334;0.9888888888888889;2.8111111111111113;3.8683333333333327;2.0;0.0;10.9;0.0;38.64444444444444;1501.211111111111;1546.6222222222223;5.525000000000001;2.0;0.0;16.477777777777778;0.0;59.155555555555566;2345.988888888889;2419.1666666666665;5.661666666666668;2.0;1.0;16.48888888888889;0.0;57.224603174603175;2353.8666666666663;2425.9555555555557;5.2716666666666665;2.0;1.0;1.0
2.1222222222222222;0.0;7.544444444444444;1.0;4.666666666666667;3.846666666666667;1.0;21.0;2.1;0.0;7.922222222222222;0.9555555555555556;2.7111111111111117;4.881666666666667;1.0;22.0;2.1;0.0;7.611111111111112;0.9333333333333335;2.744444444444445;4.180000000000001;1.0;22.0;2.111111111111111;0.0;8.455555555555556;0.9333333333333332;2.744444444444444;4.901666666666666;1.0;23.0;2.1;0.0;7.844444444444444;0.9;2.788888888888889;4.3516666666666675;1.0;23.0;2.1333333333333333;0.0;8.333333333333334;0.9888888888888889;2.8111111111111113;3.8683333333333327;2.0;0.0;10.9;0.0;38.64444444444444;1501.211111111111;1546.6222222222223;5.525000000000001;2.0;0.0;16.477777777777778;0.0;59.155555555555566;2345.988888888889;2419.1666666666665;5.661666666666668;2.0;1.0;16.48888888888889;0.0;57.224603174603175;2353.8666666666663;2425.9555555555557;5.2716666666666665;2.0;1.0;16.58888888888889;0.0;58.48888888888889;2348.4777777777776;2420.333333333333;6.3950000000000005;2.0;2.0;1.0
2.1;0.0;7.922222222222222;0.9555555555555556;2.7111111111111117;4.881666666666667;1.0;22.0;2.1;0.0;7.611111111111112;0.9333333333333335;2.744444444444445;4.180000000000001;1.0;22.0;2.111111111111111;0.0;8.455555555555556;0.9333333333333332;2.744444444444444;4.901666666666666;1.0;23.0;2.1;0.0;7.844444444444444;0.9;2.788888888888889;4.3516666666666675;1.0;23.0;2.1333333333333333;0.0;8.333333333333334;0.9888888888888889;2.8111111111111113;3.8683333333333327;2.0;0.0;10.9;0.0;38.64444444444444;1501.211111111111;1546.6222222222223;5.525000000000001;2.0;0.0;16.477777777777778;0.0;59.155555555555566;2345.988888888889;2419.1666666666665;5.661666666666668;2.0;1.0;16.48888888888889;0.0;57.224603174603175;2353.8666666666663;2425.9555555555557;5.2716666666666665;2.0;1.0;16.58888888888889;0.0;58.48888888888889;2348.4777777777776;2420.333333333333;6.3950000000000005;2.0;2.0;17.544444444444448;0.0;150.6888888888889;2341.9444444444443;2409.733333333333;10.678333333333333;2.0;2.0;1.0
2.1;0.0;7.611111111111112;0.9333333333333335;2.744444444444445;4.180000000000001;1.0;22.0;2.111111111111111;0.0;8.455555555555556;0.9333333333333332;2.744444444444444;4.901666666666666;1.0;23.0;2.1;0.0;7.844444444444444;0.9;2.788888888888889;4.3516666666666675;1.0;23.0;2.1333333333333333;0.0;8.333333333333334;0.9888888888888889;2.8111111111111113;3.8683333333333327;2.0;0.0;10.9;0.0;38.64444444444444;1501.211111111111;1546.6222222222223;5.525000000000001;2.0;0.0;16.477777777777778;0.0;59.155555555555566;2345.988888888889;2419.1666666666665;5.661666666666668;2.0;1.0;16.48888888888889;0.0;57.224603174603175;2353.8666666666663;2425.9555555555557;5.2716666666666665;2.0;1.0;16.58888888888889;0.0;58.48888888888889;2348.4777777777776;2420.333333333333;6.3950000000000005;2.0;2.0;17.544444444444448;0.0;150.6888888888889;2341.9444444444443;2409.733333333333;10.678333333333333;2.0;2.0;16.511111111111113;0.0;57.47777777777778;2343.588888888889;2414.8444444444444;6.006666666666667;2.0;3.0;1.0
2.111111111111111;0.0;8.455555555555556;0.9333333333333332;2.744444444444444;4.901666666666666;1.0;23.0;2.1;0.0;7.844444444444444;0.9;2.788888888888889;4.3516666666666675;1.0;23.0;2.1333333333333333;0.0;8.333333333333334;0.9888888888888889;2.8111111111111113;3.8683333333333327;2.0;0.0;10.9;0.0;38.64444444444444;1501.211111111111;1546.6222222222223;5.525000000000001;2.0;0.0;16.477777777777778;0.0;59.155555555555566;2345.988888888889;2419.1666666666665;5.661666666666668;2.0;1.0;16.48888888888889;0.0;57.224603174603175;2353.8666666666663;2425.9555555555557;5.2716666666666665;2.0;1.0;16.58888888888889;0.0;58.48888888888889;2348.4777777777776;2420.333333333333;6.3950000000000005;2.0;2.0;17.544444444444448;0.0;150.6888888888889;2341.9444444444443;2409.733333333333;10.678333333333333;2.0;2.0;16.511111111111113;0.0;57.47777777777778;2343.588888888889;2414.8444444444444;6.006666666666667;2.0;3.0;16.32222222222222;0.0;56.77777777777777;2335.366666666667;2407.4;5.166666666666667;2.0;3.0;1.0
2.1;0.0;7.844444444444444;0.9;2.788888888888889;4.3516666666666675;1.0;23.0;2.1333333333333333;0.0;8.333333333333334;0.9888888888888889;2.8111111111111113;3.8683333333333327;2.0;0.0;10.9;0.0;38.64444444444444;1501.211111111111;1546.6222222222223;5.525000000000001;2.0;0.0;16.477777777777778;0.0;59.155555555555566;2345.988888888889;2419.1666666666665;5.661666666666668;2.0;1.0;16.48888888888889;0.0;57.224603174603175;2353.8666666666663;2425.9555555555557;5.2716666666666665;2.0;1.0;16.58888888888889;0.0;58.48888888888889;2348.4777777777776;2420.333333333333;6.3950000000000005;2.0;2.0;17.544444444444448;0.0;150.6888888888889;2341.9444444444443;2409.733333333333;10.678333333333333;2.0;2.0;16.511111111111113;0.0;57.47777777777778;2343.588888888889;2414.8444444444444;6.006666666666667;2.0;3.0;16.32222222222222;0.0;56.77777777777777;2335.366666666667;2407.4;5.166666666666667;2.0;3.0;16.422222222222217;0.0;58.36666666666667;2348.7;2420.3555555555554;5.283333333333333;2.0;4.0;0.0
2.1333333333333333;0.0;8.333333333333334;0.9888888888888889;2.8111111111111113;3.8683333333333327;2.0;0.0;10.9;0.0;38.64444444444444;1501.211111111111;1546.6222222222223;5.525000000000001;2.0;0.0;16.477777777777778;0.0;59.155555555555566;2345.988888888889;2419.1666666666665;5.661666666666668;2.0;1.0;16.48888888888889;0.0;57.224603174603175;2353.8666666666663;2425.9555555555557;5.2716666666666665;2.0;1.0;16.58888888888889;0.0;58.48888888888889;2348.4777777777776;2420.333333333333;6.3950000000000005;2.0;2.0;17.544444444444448;0.0;150.6888888888889;2341.9444444444443;2409.733333333333;10.678333333333333;2.0;2.0;16.511111111111113;0.0;57.47777777777778;2343.588888888889;2414.8444444444444;6.006666666666667;2.0;3.0;16.32222222222222;0.0;56.77777777777777;2335.366666666667;2407.4;5.166666666666667;2.0;3.0;16.422222222222217;0.0;58.36666666666667;2348.7;2420.3555555555554;5.283333333333333;2.0;4.0;5.722222222222222;0.0;20.98888888888889;639.1333333333333;663.5888888888888;4.835;2.0;4.0;0.0
10.9;0.0;38.64444444444444;1501.211111111111;1546.6222222222223;5.525000000000001;2.0;0.0;16.477777777777778;0.0;59.155555555555566;2345.988888888889;2419.1666666666665;5.661666666666668;2.0;1.0;16.48888888888889;0.0;57.224603174603175;2353.8666666666663;2425.9555555555557;5.2716666666666665;2.0;1.0;16.58888888888889;0.0;58.48888888888889;2348.4777777777776;2420.333333333333;6.3950000000000005;2.0;2.0;17.544444444444448;0.0;150.6888888888889;2341.9444444444443;2409.733333333333;10.678333333333333;2.0;2.0;16.511111111111113;0.0;57.47777777777778;2343.588888888889;2414.8444444444444;6.006666666666667;2.0;3.0;16.32222222222222;0.0;56.77777777777777;2335.366666666667;2407.4;5.166666666666667;2.0;3.0;16.422222222222217;0.0;58.36666666666667;2348.7;2420.3555555555554;5.283333333333333;2.0;4.0;5.722222222222222;0.0;20.98888888888889;639.1333333333333;663.5888888888888;4.835;2.0;4.0;1.1888888888888889;0.0;7.8999999999999995;0.9777777777777779;3.011111111111111;4.776666666666666;2.0;5.0;0.0
16.477777777777778;0.0;59.155555555555566;2345.988888888889;2419.1666666666665;5.661666666666668;2.0;1.0;16.48888888888889;0.0;57.224603174603175;2353.8666666666663;2425.9555555555557;5.2716666666666665;2.0;1.0;16.58888888888889;0.0;58.48888888888889;2348.4777777777776;2420.333333333333;6.3950000000000005;2.0;2.0;17.544444444444448;0.0;150.6888888888889;2341.9444444444443;2409.733333333333;10.678333333333333;2.0;2.0;16.511111111111113;0.0;57.47777777777778;2343.588888888889;2414.8444444444444;6.006666666666667;2.0;3.0;16.32222222222222;0.0;56.77777777777777;2335.366666666667;2407.4;5.166666666666667;2.0;3.0;16.422222222222217;0.0;58.36666666666667;2348.7;2420.3555555555554;5.283333333333333;2.0;4.0;5.722222222222222;0.0;20.98888888888889;639.1333333333333;663.5888888888888;4.835;2.0;4.0;1.1888888888888889;0.0;7.8999999999999995;0.9777777777777779;3.011111111111111;4.776666666666666;2.0;5.0;1.2444444444444445;0.0;6.855555555555557;0.9;3.011111111111111;5.855;2.0;5.0;0.0
16.48888888888889;0.0;57.224603174603175;2353.8666666666663;2425.9555555555557;5.2716666666666665;2.0;1.0;16.58888888888889;0.0;58.48888888888889;2348.4777777777776;2420.333333333333;6.3950000000000005;2.0;2.0;17.544444444444448;0.0;150.6888888888889;2341.9444444444443;2409.733333333333;10.678333333333333;2.0;2.0;16.511111111111113;0.0;57.47777777777778;2343.588888888889;2414.8444444444444;6.006666666666667;2.0;3.0;16.32222222222222;0.0;56.77777777777777;2335.366666666667;2407.4;5.166666666666667;2.0;3.0;16.422222222222217;0.0;58.36666666666667;2348.7;2420.3555555555554;5.283333333333333;2.0;4.0;5.722222222222222;0.0;20.98888888888889;639.1333333333333;663.5888888888888;4.835;2.0;4.0;1.1888888888888889;0.0;7.8999999999999995;0.9777777777777779;3.011111111111111;4.776666666666666;2.0;5.0;1.2444444444444445;0.0;6.855555555555557;0.9;3.011111111111111;5.855;2.0;5.0;1.211111111111111;0.0;7.622222222222223;0.8444444444444444;3.011111111111111;5.4433333333333325;2.0;6.0;0.0
16.58888888888889;0.0;58.48888888888889;2348.4777777777776;2420.333333333333;6.3950000000000005;2.0;2.0;17.544444444444448;0.0;150.6888888888889;2341.9444444444443;2409.733333333333;10.678333333333333;2.0;2.0;16.511111111111113;0.0;57.47777777777778;2343.588888888889;2414.8444444444444;6.006666666666667;2.0;3.0;16.32222222222222;0.0;56.77777777777777;2335.366666666667;2407.4;5.166666666666667;2.0;3.0;16.422222222222217;0.0;58.36666666666667;2348.7;2420.3555555555554;5.283333333333333;2.0;4.0;5.722222222222222;0.0;20.98888888888889;639.1333333333333;663.5888888888888;4.835;2.0;4.0;1.1888888888888889;0.0;7.8999999999999995;0.9777777777777779;3.011111111111111;4.776666666666666;2.0;5.0;1.2444444444444445;0.0;6.855555555555557;0.9;3.011111111111111;5.855;2.0;5.0;1.211111111111111;0.0;7.622222222222223;0.8444444444444444;3.011111111111111;5.4433333333333325;2.0;6.0;1.1666666666666667;0.0;6.8;0.8444444444444444;3.011111111111111;4.8116666666666665;2.0;6.0;0.0
17.544444444444448;0.0;150.6888888888889;2341.9444444444443;2409.733333333333;10.678333333333333;2.0;2.0;16.511111111111113;0.0;57.47777777777778;2343.588888888889;2414.8444444444444;6.006666666666667;2.0;3.0;16.32222222222222;0.0;56.77777777777777;2335.366666666667;2407.4;5.166666666666667;2.0;3.0;16.422222222222217;0.0;58.36666666666667;2348.7;2420.3555555555554;5.283333333333333;2.0;4.0;5.722222222222222;0.0;20.98888888888889;639.1333333333333;663.5888888888888;4.835;2.0;4.0;1.1888888888888889;0.0;7.8999999999999995;0.9777777777777779;3.011111111111111;4.776666666666666;2.0;5.0;1.2444444444444445;0.0;6.855555555555557;0.9;3.011111111111111;5.855;2.0;5.0;1.211111111111111;0.0;7.622222222222223;0.8444444444444444;3.011111111111111;5.4433333333333325;2.0;6.0;1.1666666666666667;0.0;6.8;0.8444444444444444;3.011111111111111;4.8116666666666665;2.0;6.0;1.2999999999999998;0.0;7.611111111111111;0.8777777777777779;3.0;5.476666666666667;2.0;7.0;0.0
16.511111111111113;0.0;57.47777777777778;2343.588888888889;2414.8444444444444;6.006666666666667;2.0;3.0;16.32222222222222;0.0;56.77777777777777;2335.366666666667;2407.4;5.166666666666667;2.0;3.0;16.422222222222217;0.0;58.36666666666667;2348.7;2420.3555555555554;5.283333333333333;2.0;4.0;5.722222222222222;0.0;20.98888888888889;639.1333333333333;663.5888888888888;4.835;2.0;4.0;1.1888888888888889;0.0;7.8999999999999995;0.9777777777777779;3.011111111111111;4.776666666666666;2.0;5.0;1.2444444444444445;0.0;6.855555555555557;0.9;3.011111111111111;5.855;2.0;5.0;1.211111111111111;0.0;7.622222222222223;0.8444444444444444;3.011111111111111;5.4433333333333325;2.0;6.0;1.1666666666666667;0.0;6.8;0.8444444444444444;3.011111111111111;4.8116666666666665;2.0;6.0;1.2999999999999998;0.0;7.611111111111111;0.8777777777777779;3.0;5.476666666666667;2.0;7.0;1.122222222222222;0.0;7.377777777777776;0.8777777777777777;2.988888888888889;3.9500000000000006;2.0;7.0;0.0
16.32222222222222;0.0;56.77777777777777;2335.366666666667;2407.4;5.166666666666667;2.0;3.0;16.422222222222217;0.0;58.36666666666667;2348.7;2420.3555555555554;5.283333333333333;2.0;4.0;5.722222222222222;0.0;20.98888888888889;639.1333333333333;663.5888888888888;4.835;2.0;4.0;1.1888888888888889;0.0;7.8999999999999995;0.9777777777777779;3.011111111111111;4.776666666666666;2.0;5.0;1.2444444444444445;0.0;6.855555555555557;0.9;3.011111111111111;5.855;2.0;5.0;1.211111111111111;0.0;7.622222222222223;0.8444444444444444;3.011111111111111;5.4433333333333325;2.0;6.0;1.1666666666666667;0.0;6.8;0.8444444444444444;3.011111111111111;4.8116666666666665;2.0;6.0;1.2999999999999998;0.0;7.611111111111111;0.8777777777777779;3.0;5.476666666666667;2.0;7.0;1.122222222222222;0.0;7.377777777777776;0.8777777777777777;2.988888888888889;3.9500000000000006;2.0;7.0;1.2000000000000002;0.0;7.599999999999999;0.8555555555555556;2.9444444444444446;5.235;2.0;8.0;0.0
16.422222222222217;0.0;58.36666666666667;2348.7;2420.3555555555554;5.283333333333333;2.0;4.0;5.722222222222222;0.0;20.98888888888889;639.1333333333333;663.5888888888888;4.835;2.0;4.0;1.1888888888888889;0.0;7.8999999999999995;0.9777777777777779;3.011111111111111;4.776666666666666;2.0;5.0;1.2444444444444445;0.0;6.855555555555557;0.9;3.011111111111111;5.855;2.0;5.0;1.211111111111111;0.0;7.622222222222223;0.8444444444444444;3.011111111111111;5.4433333333333325;2.0;6.0;1.1666666666666667;0.0;6.8;0.8444444444444444;3.011111111111111;4.8116666666666665;2.0;6.0;1.2999999999999998;0.0;7.611111111111111;0.8777777777777779;3.0;5.476666666666667;2.0;7.0;1.122222222222222;0.0;7.377777777777776;0.8777777777777777;2.988888888888889;3.9500000000000006;2.0;7.0;1.2000000000000002;0.0;7.599999999999999;0.8555555555555556;2.9444444444444446;5.235;2.0;8.0;1.3333333333333333;0.0;6.644444444444446;0.8666666666666667;2.988888888888889;4.928333333333334;2.0;8.0;0.0
5.722222222222222;0.0;20.98888888888889;639.1333333333333;663.5888888888888;4.835;2.0;4.0;1.1888888888888889;0.0;7.8999999999999995;0.9777777777777779;3.011111111111111;4.776666666666666;2.0;5.0;1.2444444444444445;0.0;6.855555555555557;0.9;3.011111111111111;5.855;2.0;5.0;1.211111111111111;0.0;7.622222222222223;0.8444444444444444;3.011111111111111;5.4433333333333325;2.0;6.0;1.1666666666666667;0.0;6.8;0.8444444444444444;3.011111111111111;4.8116666666666665;2.0;6.0;1.2999999999999998;0.0;7.611111111111111;0.8777777777777779;3.0;5.476666666666667;2.0;7.0;1.122222222222222;0.0;7.377777777777776;0.8777777777777777;2.988888888888889;3.9500000000000006;2.0;7.0;1.2000000000000002;0.0;7.599999999999999;0.8555555555555556;2.9444444444444446;5.235;2.0;8.0;1.3333333333333333;0.0;6.644444444444446;0.8666666666666667;2.988888888888889;4.928333333333334;2.0;8.0;1.122222222222222;0.0111111111111111;7.7;0.8777777777777777;3.3555555555555556;4.225;2.0;9.0;0.0
1.1888888888888889;0.0;7.8999999999999995;0.9777777777777779;3.011111111111111;4.776666666666666;2.0;5.0;1.2444444444444445;0.0;6.855555555555557;0.9;3.011111111111111;5.855;2.0;5.0;1.211111111111111;0.0;7.622222222222223;0.8444444444444444;3.011111111111111;5.4433333333333325;2.0;6.0;1.1666666666666667;0.0;6.8;0.8444444444444444;3.011111111111111;4.8116666666666665;2.0;6.0;1.2999999999999998;0.0;7.611111111111111;0.8777777777777779;3.0;5.476666666666667;2.0;7.0;1.122222222222222;0.0;7.377777777777776;0.8777777777777777;2.988888888888889;3.9500000000000006;2.0;7.0;1.2000000000000002;0.0;7.599999999999999;0.8555555555555556;2.9444444444444446;5.235;2.0;8.0;1.3333333333333333;0.0;6.644444444444446;0.8666666666666667;2.988888888888889;4.928333333333334;2.0;8.0;1.122222222222222;0.0111111111111111;7.7;0.8777777777777777;3.3555555555555556;4.225;2.0;9.0;1.2555555555555558;0.0;6.977777777777778;1.388888888888889;3.488888888888889;5.685;2.0;9.0;0.0
1.2444444444444445;0.0;6.855555555555557;0.9;3.011111111111111;5.855;2.0;5.0;1.211111111111111;0.0;7.622222222222223;0.8444444444444444;3.011111111111111;5.4433333333333325;2.0;6.0;1.1666666666666667;0.0;6.8;0.8444444444444444;3.011111111111111;4.8116666666666665;2.0;6.0;1.2999999999999998;0.0;7.611111111111111;0.8777777777777779;3.0;5.476666666666667;2.0;7.0;1.122222222222222;0.0;7.377777777777776;0.8777777777777777;2.988888888888889;3.9500000000000006;2.0;7.0;1.2000000000000002;0.0;7.599999999999999;0.8555555555555556;2.9444444444444446;5.235;2.0;8.0;1.3333333333333333;0.0;6.644444444444446;0.8666666666666667;2.988888888888889;4.928333333333334;2.0;8.0;1.122222222222222;0.0111111111111111;7.7;0.8777777777777777;3.3555555555555556;4.225;2.0;9.0;1.2555555555555558;0.0;6.977777777777778;1.388888888888889;3.488888888888889;5.685;2.0;9.0;1.3222222222222222;0.0;7.433333333333333;0.9111111111111111;3.077777777777778;4.293333333333334;2.0;10.0;0.0
1.211111111111111;0.0;7.622222222222223;0.8444444444444444;3.011111111111111;5.4433333333333325;2.0;6.0;1.1666666666666667;0.0;6.8;0.8444444444444444;3.011111111111111;4.8116666666666665;2.0;6.0;1.2999999999999998;0.0;7.611111111111111;0.8777777777777779;3.0;5.476666666666667;2.0;7.0;1.122222222222222;0.0;7.377777777777776;0.8777777777777777;2.988888888888889;3.9500000000000006;2.0;7.0;1.2000000000000002;0.0;7.599999999999999;0.8555555555555556;2.9444444444444446;5.235;2.0;8.0;1.3333333333333333;0.0;6.644444444444446;0.8666666666666667;2.988888888888889;4.928333333333334;2.0;8.0;1.122222222222222;0.0111111111111111;7.7;0.8777777777777777;3.3555555555555556;4.225;2.0;9.0;1.2555555555555558;0.0;6.977777777777778;1.388888888888889;3.488888888888889;5.685;2.0;9.0;1.3222222222222222;0.0;7.433333333333333;0.9111111111111111;3.077777777777778;4.293333333333334;2.0;10.0;1.1666666666666667;0.12222222222222222;6.322222222222222;0.6666666666666666;2.8222222222222224;4.593333333333333;2.0;10.0;0.0
1.1666666666666667;0.0;6.8;0.8444444444444444;3.011111111111111;4.8116666666666665;2.0;6.0;1.2999999999999998;0.0;7.611111111111111;0.8777777777777779;3.0;5.476666666666667;2.0;7.0;1.122222222222222;0.0;7.377777777777776;0.8777777777777777;2.988888888888889;3.9500000000000006;2.0;7.0;1.2000000000000002;0.0;7.599999999999999;0.8555555555555556;2.9444444444444446;5.235;2.0;8.0;1.3333333333333333;0.0;6.644444444444446;0.8666666666666667;2.988888888888889;4.928333333333334;2.0;8.0;1.122222222222222;0.0111111111111111;7.7;0.8777777777777777;3.3555555555555556;4.225;2.0;9.0;1.2555555555555558;0.0;6.977777777777778;1.388888888888889;3.488888888888889;5.685;2.0;9.0;1.3222222222222222;0.0;7.433333333333333;0.9111111111111111;3.077777777777778;4.293333333333334;2.0;10.0;1.1666666666666667;0.12222222222222222;6.322222222222222;0.6666666666666666;2.8222222222222224;4.593333333333333;2.0;10.0;1.1888888888888889;0.0;7.422222222222222;0.8444444444444446;3.1666666666666665;4.948333333333333;2.0;11.0;0.0
1.2999999999999998;0.0;7.611111111111111;0.8777777777777779;3.0;5.476666666666667;2.0;7.0;1.122222222222222;0.0;7.377777777777776;0.8777777777777777;2.988888888888889;3.9500000000000006;2.0;7.0;1.2000000000000002;0.0;7.599999999999999;0.8555555555555556;2.9444444444444446;5.235;2.0;8.0;1.3333333333333333;0.0;6.644444444444446;0.8666666666666667;2.988888888888889;4.928333333333334;2.0;8.0;1.122222222222222;0.0111111111111111;7.7;0.8777777777777777;3.3555555555555556;4.225;2.0;9.0;1.2555555555555558;0.0;6.977777777777778;1.388888888888889;3.488888888888889;5.685;2.0;9.0;1.3222222222222222;0.0;7.433333333333333;0.9111111111111111;3.077777777777778;4.293333333333334;2.0;10.0;1.1666666666666667;0.12222222222222222;6.322222222222222;0.6666666666666666;2.8222222222222224;4.593333333333333;2.0;10.0;1.1888888888888889;0.0;7.422222222222222;0.8444444444444446;3.1666666666666665;4.948333333333333;2.0;11.0;1.1444444444444444;0.0;6.811111111111111;0.8444444444444444;2.788888888888889;4.661666666666667;2.0;11.0;0.0
1.122222222222222;0.0;7.377777777777776;0.8777777777777777;2.988888888888889;3.9500000000000006;2.0;7.0;1.2000000000000002;0.0;7.599999999999999;0.8555555555555556;2.9444444444444446;5.235;2.0;8.0;1.3333333333333333;0.0;6.644444444444446;0.8666666666666667;2.988888888888889;4.928333333333334;2.0;8.0;1.122222222222222;0.0111111111111111;7.7;0.8777777777777777;3.3555555555555556;4.225;2.0;9.0;1.2555555555555558;0.0;6.977777777777778;1.388888888888889;3.488888888888889;5.685;2.0;9.0;1.3222222222222222;0.0;7.433333333333333;0.9111111111111111;3.077777777777778;4.293333333333334;2.0;10.0;1.1666666666666667;0.12222222222222222;6.322222222222222;0.6666666666666666;2.8222222222222224;4.593333333333333;2.0;10.0;1.1888888888888889;0.0;7.422222222222222;0.8444444444444446;3.1666666666666665;4.948333333333333;2.0;11.0;1.1444444444444444;0.0;6.811111111111111;0.8444444444444444;2.788888888888889;4.661666666666667;2.0;11.0;1.9111111111111108;0.0;11.21111111111111;1.1555555555555554;2.9555555555555553;6.2250000000000005;2.0;12.0;1.0
1.2000000000000002;0.0;7.599999999999999;0.8555555555555556;2.9444444444444446;5.235;2.0;8.0;1.3333333333333333;0.0;6.644444444444446;0.8666666666666667;2.988888888888889;4.928333333333334;2.0;8.0;1.122222222222222;0.0111111111111111;7.7;0.8777777777777777;3.3555555555555556;4.225;2.0;9.0;1.2555555555555558;0.0;6.977777777777778;1.388888888888889;3.488888888888889;5.685;2.0;9.0;1.3222222222222222;0.0;7.433333333333333;0.9111111111111111;3.077777777777778;4.293333333333334;2.0;10.0;1.1666666666666667;0.12222222222222222;6.322222222222222;0.6666666666666666;2.8222222222222224;4.593333333333333;2.0;10.0;1.1888888888888889;0.0;7.422222222222222;0.8444444444444446;3.1666666666666665;4.948333333333333;2.0;11.0;1.1444444444444444;0.0;6.811111111111111;0.8444444444444444;2.788888888888889;4.661666666666667;2.0;11.0;1.9111111111111108;0.0;11.21111111111111;1.1555555555555554;2.9555555555555553;6.2250000000000005;2.0;12.0;10.800000000000002;0.09999999999999999;26.41111111111111;857.5666666666666;903.0111111111111;9.254999999999999;2.0;12.0;1.0
1.3333333333333333;0.0;6.644444444444446;0.8666666666666667;2.988888888888889;4.928333333333334;2.0;8.0;1.122222222222222;0.0111111111111111;7.7;0.8777777777777777;3.3555555555555556;4.225;2.0;9.0;1.2555555555555558;0.0;6.977777777777778;1.388888888888889;3.488888888888889;5.685;2.0;9.0;1.3222222222222222;0.0;7.433333333333333;0.9111111111111111;3.077777777777778;4.293333333333334;2.0;10.0;1.1666666666666667;0.12222222222222222;6.322222222222222;0.6666666666666666;2.8222222222222224;4.593333333333333;2.0;10.0;1.1888888888888889;0.0;7.422222222222222;0.8444444444444446;3.1666666666666665;4.948333333333333;2.0;11.0;1.1444444444444444;0.0;6.811111111111111;0.8444444444444444;2.788888888888889;4.661666666666667;2.0;11.0;1.9111111111111108;0.0;11.21111111111111;1.1555555555555554;2.9555555555555553;6.2250000000000005;2.0;12.0;10.800000000000002;0.09999999999999999;26.41111111111111;857.5666666666666;903.0111111111111;9.254999999999999;2.0;12.0;11.955555555555556;0.022222222222222216;61.388888888888886;1046.5444444444445;1131.0444444444445;5.926666666666667;2.0;13.0;0.0
1.122222222222222;0.0111111111111111;7.7;0.8777777777777777;3.3555555555555556;4.225;2.0;9.0;1.2555555555555558;0.0;6.977777777777778;1.388888888888889;3.488888888888889;5.685;2.0;9.0;1.3222222222222222;0.0;7.433333333333333;0.9111111111111111;3.077777777777778;4.293333333333334;2.0;10.0;1.1666666666666667;0.12222222222222222;6.322222222222222;0.6666666666666666;2.8222222222222224;4.593333333333333;2.0;10.0;1.1888888888888889;0.0;7.422222222222222;0.8444444444444446;3.1666666666666665;4.948333333333333;2.0;11.0;1.1444444444444444;0.0;6.811111111111111;0.8444444444444444;2.788888888888889;4.661666666666667;2.0;11.0;1.9111111111111108;0.0;11.21111111111111;1.1555555555555554;2.9555555555555553;6.2250000000000005;2.0;12.0;10.800000000000002;0.09999999999999999;26.41111111111111;857.5666666666666;903.0111111111111;9.254999999999999;2.0;12.0;11.955555555555556;0.022222222222222216;61.388888888888886;1046.5444444444445;1131.0444444444445;5.926666666666667;2.0;13.0;8.577777777777778;0.0111111111111111;35.21111111111111;572.7666666666667;580.3777777777777;6.213333333333334;2.0;13.0;1.0
1.2555555555555558;0.0;6.977777777777778;1.388888888888889;3.488888888888889;5.685;2.0;9.0;1.3222222222222222;0.0;7.433333333333333;0.9111111111111111;3.077777777777778;4.293333333333334;2.0;10.0;1.1666666666666667;0.12222222222222222;6.322222222222222;0.6666666666666666;2.8222222222222224;4.593333333333333;2.0;10.0;1.1888888888888889;0.0;7.422222222222222;0.8444444444444446;3.1666666666666665;4.948333333333333;2.0;11.0;1.1444444444444444;0.0;6.811111111111111;0.8444444444444444;2.788888888888889;4.661666666666667;2.0;11.0;1.9111111111111108;0.0;11.21111111111111;1.1555555555555554;2.9555555555555553;6.2250000000000005;2.0;12.0;10.800000000000002;0.09999999999999999;26.41111111111111;857.5666666666666;903.0111111111111;9.254999999999999;2.0;12.0;11.955555555555556;0.022222222222222216;61.388888888888886;1046.5444444444445;1131.0444444444445;5.926666666666667;2.0;13.0;8.577777777777778;0.0111111111111111;35.21111111111111;572.7666666666667;580.3777777777777;6.213333333333334;2.0;13.0;18.477777777777778;0.0;27.755555555555556;1686.9000000000003;1752.011111111111;6.993333333333333;2.0;14.0;1.0
1.3222222222222222;0.0;7.433333333333333;0.9111111111111111;3.077777777777778;4.293333333333334;2.0;10.0;1.1666666666666667;0.12222222222222222;6.322222222222222;0.6666666666666666;2.8222222222222224;4.593333333333333;2.0;10.0;1.1888888888888889;0.0;7.422222222222222;0.8444444444444446;3.1666666666666665;4.948333333333333;2.0;11.0;1.1444444444444444;0.0;6.811111111111111;0.8444444444444444;2.788888888888889;4.661666666666667;2.0;11.0;1.9111111111111108;0.0;11.21111111111111;1.1555555555555554;2.9555555555555553;6.2250000000000005;2.0;12.0;10.800000000000002;0.09999999999999999;26.41111111111111;857.5666666666666;903.0111111111111;9.254999999999999;2.0;12.0;11.955555555555556;0.022222222222222216;61.388888888888886;1046.5444444444445;1131.0444444444445;5.926666666666667;2.0;13.0;8.577777777777778;0.0111111111111111;35.21111111111111;572.7666666666667;580.3777777777777;6.213333333333334;2.0;13.0;18.477777777777778;0.0;27.755555555555556;1686.9000000000003;1752.011111111111;6.993333333333333;2.0;14.0;11.144444444444446;0.0;17.844444444444445;918.088888888889;955.5222222222224;6.293333333333333;2.0;14.0;0.0
1.1666666666666667;0.12222222222222222;6.322222222222222;0.6666666666666666;2.8222222222222224;4.593333333333333;2.0;10.0;1.1888888888888889;0.0;7.422222222222222;0.8444444444444446;3.1666666666666665;4.948333333333333;2.0;11.0;1.1444444444444444;0.0;6.811111111111111;0.8444444444444444;2.788888888888889;4.661666666666667;2.0;11.0;1.9111111111111108;0.0;11.21111111111111;1.1555555555555554;2.9555555555555553;6.2250000000000005;2.0;12.0;10.800000000000002;0.09999999999999999;26.41111111111111;857.5666666666666;903.0111111111111;9.254999999999999;2.0;12.0;11.955555555555556;0.022222222222222216;61.388888888888886;1046.5444444444445;1131.0444444444445;5.926666666666667;2.0;13.0;8.577777777777778;0.0111111111111111;35.21111111111111;572.7666666666667;580.3777777777777;6.213333333333334;2.0;13.0;18.477777777777778;0.0;27.755555555555556;1686.9000000000003;1752.011111111111;6.993333333333333;2.0;14.0;11.144444444444446;0.0;17.844444444444445;918.088888888889;955.5222222222224;6.293333333333333;2.0;14.0;1.3111111111111111;0.0;7.5555555555555545;2.2777777777777777;4.311111111111111;5.041666666666667;2.0;15.0;1.0
1.1888888888888889;0.0;7.422222222222222;0.8444444444444446;3.1666666666666665;4.948333333333333;2.0;11.0;1.1444444444444444;0.0;6.811111111111111;0.8444444444444444;2.788888888888889;4.661666666666667;2.0;11.0;1.9111111111111108;0.0;11.21111111111111;1.1555555555555554;2.9555555555555553;6.2250000000000005;2.0;12.0;10.800000000000002;0.09999999999999999;26.41111111111111;857.5666666666666;903.0111111111111;9.254999999999999;2.0;12.0;11.955555555555556;0.022222222222222216;61.388888888888886;1046.5444444444445;1131.0444444444445;5.926666666666667;2.0;13.0;8.577777777777778;0.0111111111111111;35.21111111111111;572.7666666666667;580.3777777777777;6.213333333333334;2.0;13.0;18.477777777777778;0.0;27.755555555555556;1686.9000000000003;1752.011111111111;6.993333333333333;2.0;14.0;11.144444444444446;0.0;17.844444444444445;918.088888888889;955.5222222222224;6.293333333333333;2.0;14.0;1.3111111111111111;0.0;7.5555555555555545;2.2777777777777777;4.311111111111111;5.041666666666667;2.0;15.0;10.577777777777778;0.0111111111111111;25.91111111111111;1171.7444444444445;1208.5222222222221;5.3500000000000005;2.0;15.0;0.0
1.1444444444444444;0.0;6.811111111111111;0.8444444444444444;2.788888888888889;4.661666666666667;2.0;11.0;1.9111111111111108;0.0;11.21111111111111;1.1555555555555554;2.9555555555555553;6.2250000000000005;2.0;12.0;10.800000000000002;0.09999999999999999;26.41111111111111;857.5666666666666;903.0111111111111;9.254999999999999;2.0;12.0;11.955555555555556;0.022222222222222216;61.388888888888886;1046.5444444444445;1131.0444444444445;5.926666666666667;2.0;13.0;8.577777777777778;0.0111111111111111;35.21111111111111;572.7666666666667;580.3777777777777;6.213333333333334;2.0;13.0;18.477777777777778;0.0;27.755555555555556;1686.9000000000003;1752.011111111111;6.993333333333333;2.0;14.0;11.144444444444446;0.0;17.844444444444445;918.088888888889;955.5222222222224;6.293333333333333;2.0;14.0;1.3111111111111111;0.0;7.5555555555555545;2.2777777777777777;4.311111111111111;5.041666666666667;2.0;15.0;10.577777777777778;0.0111111111111111;25.91111111111111;1171.7444444444445;1208.5222222222221;5.3500000000000005;2.0;15.0;5.133333333333333;0.18888888888888888;17.033333333333335;232.87777777777777;215.9;10.873333333333335;2.0;16.0;0.0
1.9111111111111108;0.0;11.21111111111111;1.1555555555555554;2.9555555555555553;6.2250000000000005;2.0;12.0;10.800000000000002;0.09999999999999999;26.41111111111111;857.5666666666666;903.0111111111111;9.254999999999999;2.0;12.0;11.955555555555556;0.022222222222222216;61.388888888888886;1046.5444444444445;1131.0444444444445;5.926666666666667;2.0;13.0;8.577777777777778;0.0111111111111111;35.21111111111111;572.7666666666667;580.3777777777777;6.213333333333334;2.0;13.0;18.477777777777778;0.0;27.755555555555556;1686.9000000000003;1752.011111111111;6.993333333333333;2.0;14.0;11.144444444444446;0.0;17.844444444444445;918.088888888889;955.5222222222224;6.293333333333333;2.0;14.0;1.3111111111111111;0.0;7.5555555555555545;2.2777777777777777;4.311111111111111;5.041666666666667;2.0;15.0;10.577777777777778;0.0111111111111111;25.91111111111111;1171.7444444444445;1208.5222222222221;5.3500000000000005;2.0;15.0;5.133333333333333;0.18888888888888888;17.033333333333335;232.87777777777777;215.9;10.873333333333335;2.0;16.0;1.711111111111111;0.16666666666666666;7.855555555555557;15.644444444444444;11.277777777777779;8.358333333333333;2.0;16.0;0.0
10.800000000000002;0.09999999999999999;26.41111111111111;857.5666666666666;903.0111111111111;9.254999999999999;2.0;12.0;11.955555555555556;0.022222222222222216;61.388888888888886;1046.5444444444445;1131.0444444444445;5.926666666666667;2.0;13.0;8.577777777777778;0.0111111111111111;35.21111111111111;572.7666666666667;580.3777777777777;6.213333333333334;2.0;13.0;18.477777777777778;0.0;27.755555555555556;1686.9000000000003;1752.011111111111;6.993333333333333;2.0;14.0;11.144444444444446;0.0;17.844444444444445;918.088888888889;955.5222222222224;6.293333333333333;2.0;14.0;1.3111111111111111;0.0;7.5555555555555545;2.2777777777777777;4.311111111111111;5.041666666666667;2.0;15.0;10.577777777777778;0.0111111111111111;25.91111111111111;1171.7444444444445;1208.5222222222221;5.3500000000000005;2.0;15.0;5.133333333333333;0.18888888888888888;17.033333333333335;232.87777777777777;215.9;10.873333333333335;2.0;16.0;1.711111111111111;0.16666666666666666;7.855555555555557;15.644444444444444;11.277777777777779;8.358333333333333;2.0;16.0;1.4666666666666668;0.0;7.611111111111111;0.8555555555555555;2.9555555555555557;6.305000000000001;2.0;17.0;0.0
11.955555555555556;0.022222222222222216;61.388888888888886;1046.5444444444445;1131.0444444444445;5.926666666666667;2.0;13.0;8.577777777777778;0.0111111111111111;35.21111111111111;572.7666666666667;580.3777777777777;6.213333333333334;2.0;13.0;18.477777777777778;0.0;27.755555555555556;1686.9000000000003;1752.011111111111;6.993333333333333;2.0;14.0;11.144444444444446;0.0;17.844444444444445;918.088888888889;955.5222222222224;6.293333333333333;2.0;14.0;1.3111111111111111;0.0;7.5555555555555545;2.2777777777777777;4.311111111111111;5.041666666666667;2.0;15.0;10.577777777777778;0.0111111111111111;25.91111111111111;1171.7444444444445;1208.5222222222221;5.3500000000000005;2.0;15.0;5.133333333333333;0.18888888888888888;17.033333333333335;232.87777777777777;215.9;10.873333333333335;2.0;16.0;1.711111111111111;0.16666666666666666;7.855555555555557;15.644444444444444;11.277777777777779;8.358333333333333;2.0;16.0;1.4666666666666668;0.0;7.611111111111111;0.8555555555555555;2.9555555555555557;6.305000000000001;2.0;17.0;1.1777777777777778;0.0;6.433333333333334;0.7777777777777777;2.7777777777777772;5.236666666666667;2.0;17.0;0.0
8.577777777777778;0.0111111111111111;35.21111111111111;572.7666666666667;580.3777777777777;6.213333333333334;2.0;13.0;18.477777777777778;0.0;27.755555555555556;1686.9000000000003;1752.011111111111;6.993333333333333;2.0;14.0;11.144444444444446;0.0;17.844444444444445;918.088888888889;955.5222222222224;6.293333333333333;2.0;14.0;1.3111111111111111;0.0;7.5555555555555545;2.2777777777777777;4.311111111111111;5.041666666666667;2.0;15.0;10.577777777777778;0.0111111111111111;25.91111111111111;1171.7444444444445;1208.5222222222221;5.3500000000000005;2.0;15.0;5.133333333333333;0.18888888888888888;17.033333333333335;232.87777777777777;215.9;10.873333333333335;2.0;16.0;1.711111111111111;0.16666666666666666;7.855555555555557;15.644444444444444;11.277777777777779;8.358333333333333;2.0;16.0;1.4666666666666668;0.0;7.611111111111111;0.8555555555555555;2.9555555555555557;6.305000000000001;2.0;17.0;1.1777777777777778;0.0;6.433333333333334;0.7777777777777777;2.7777777777777772;5.236666666666667;2.0;17.0;1.4000000000000001;0.04444444444444443;7.455555555555556;0.8444444444444444;2.8333333333333335;5.9816666666666665;2.0;18.0;0.0
18.477777777777778;0.0;27.755555555555556;1686.9000000000003;1752.011111111111;6.993333333333333;2.0;14.0;11.144444444444446;0.0;17.844444444444445;918.088888888889;955.5222222222224;6.293333333333333;2.0;14.0;1.3111111111111111;0.0;7.5555555555555545;2.2777777777777777;4.311111111111111;5.041666666666667;2.0;15.0;10.577777777777778;0.0111111111111111;25.91111111111111;1171.7444444444445;1208.5222222222221;5.3500000000000005;2.0;15.0;5.133333333333333;0.18888888888888888;17.033333333333335;232.87777777777777;215.9;10.873333333333335;2.0;16.0;1.711111111111111;0.16666666666666666;7.855555555555557;15.644444444444444;11.277777777777779;8.358333333333333;2.0;16.0;1.4666666666666668;0.0;7.611111111111111;0.8555555555555555;2.9555555555555557;6.305000000000001;2.0;17.0;1.1777777777777778;0.0;6.433333333333334;0.7777777777777777;2.7777777777777772;5.236666666666667;2.0;17.0;1.4000000000000001;0.04444444444444443;7.455555555555556;0.8444444444444444;2.8333333333333335;5.9816666666666665;2.0;18.0;1.3555555555555554;0.0;6.622222222222223;0.7222222222222222;2.788888888888889;5.741666666666666;2.0;18.0;0.0
11.144444444444446;0.0;17.844444444444445;918.088888888889;955.5222222222224;6.293333333333333;2.0;14.0;1.3111111111111111;0.0;7.5555555555555545;2.2777777777777777;4.311111111111111;5.041666666666667;2.0;15.0;10.577777777777778;0.0111111111111111;25.91111111111111;1171.7444444444445;1208.5222222222221;5.3500000000000005;2.0;15.0;5.133333333333333;0.18888888888888888;17.033333333333335;232.87777777777777;215.9;10.873333333333335;2.0;16.0;1.711111111111111;0.16666666666666666;7.855555555555557;15.644444444444444;11.277777777777779;8.358333333333333;2.0;16.0;1.4666666666666668;0.0;7.611111111111111;0.8555555555555555;2.9555555555555557;6.305000000000001;2.0;17.0;1.1777777777777778;0.0;6.433333333333334;0.7777777777777777;2.7777777777777772;5.236666666666667;2.0;17.0;1.4000000000000001;0.04444444444444443;7.455555555555556;0.8444444444444444;2.8333333333333335;5.9816666666666665;2.0;18.0;1.3555555555555554;0.0;6.622222222222223;0.7222222222222222;2.788888888888889;5.741666666666666;2.0;18.0;1.1666666666666667;0.0;7.2;0.8222222222222221;2.755555555555555;5.143333333333333;2.0;19.0;0.0
1.3111111111111111;0.0;7.5555555555555545;2.2777777777777777;4.311111111111111;5.041666666666667;2.0;15.0;10.577777777777778;0.0111111111111111;25.91111111111111;1171.7444444444445;1208.5222222222221;5.3500000000000005;2.0;15.0;5.133333333333333;0.18888888888888888;17.033333333333335;232.87777777777777;215.9;10.873333333333335;2.0;16.0;1.711111111111111;0.16666666666666666;7.855555555555557;15.644444444444444;11.277777777777779;8.358333333333333;2.0;16.0;1.4666666666666668;0.0;7.611111111111111;0.8555555555555555;2.9555555555555557;6.305000000000001;2.0;17.0;1.1777777777777778;0.0;6.433333333333334;0.7777777777777777;2.7777777777777772;5.236666666666667;2.0;17.0;1.4000000000000001;0.04444444444444443;7.455555555555556;0.8444444444444444;2.8333333333333335;5.9816666666666665;2.0;18.0;1.3555555555555554;0.0;6.622222222222223;0.7222222222222222;2.788888888888889;5.741666666666666;2.0;18.0;1.1666666666666667;0.0;7.2;0.8222222222222221;2.755555555555555;5.143333333333333;2.0;19.0;1.3999999999999997;0.0;6.711111111111111;0.8333333333333334;2.9222222222222225;5.489999999999999;2.0;19.0;0.0
10.577777777777778;0.0111111111111111;25.91111111111111;1171.7444444444445;1208.5222222222221;5.3500000000000005;2.0;15.0;5.133333333333333;0.18888888888888888;17.033333333333335;232.87777777777777;215.9;10.873333333333335;2.0;16.0;1.711111111111111;0.16666666666666666;7.855555555555557;15.644444444444444;11.277777777777779;8.358333333333333;2.0;16.0;1.4666666666666668;0.0;7.611111111111111;0.8555555555555555;2.9555555555555557;6.305000000000001;2.0;17.0;1.1777777777777778;0.0;6.433333333333334;0.7777777777777777;2.7777777777777772;5.236666666666667;2.0;17.0;1.4000000000000001;0.04444444444444443;7.455555555555556;0.8444444444444444;2.8333333333333335;5.9816666666666665;2.0;18.0;1.3555555555555554;0.0;6.622222222222223;0.7222222222222222;2.788888888888889;5.741666666666666;2.0;18.0;1.1666666666666667;0.0;7.2;0.8222222222222221;2.755555555555555;5.143333333333333;2.0;19.0;1.3999999999999997;0.0;6.711111111111111;0.8333333333333334;2.9222222222222225;5.489999999999999;2.0;19.0;1.288888888888889;0.0;7.077777777777777;0.8222222222222223;2.866666666666667;5.946666666666666;2.0;20.0;0.0
5.133333333333333;0.18888888888888888;17.033333333333335;232.87777777777777;215.9;10.873333333333335;2.0;16.0;1.711111111111111;0.16666666666666666;7.855555555555557;15.644444444444444;11.277777777777779;8.358333333333333;2.0;16.0;1.4666666666666668;0.0;7.611111111111111;0.8555555555555555;2.9555555555555557;6.305000000000001;2.0;17.0;1.1777777777777778;0.0;6.433333333333334;0.7777777777777777;2.7777777777777772;5.236666666666667;2.0;17.0;1.4000000000000001;0.04444444444444443;7.455555555555556;0.8444444444444444;2.8333333333333335;5.9816666666666665;2.0;18.0;1.3555555555555554;0.0;6.622222222222223;0.7222222222222222;2.788888888888889;5.741666666666666;2.0;18.0;1.1666666666666667;0.0;7.2;0.8222222222222221;2.755555555555555;5.143333333333333;2.0;19.0;1.3999999999999997;0.0;6.711111111111111;0.8333333333333334;2.9222222222222225;5.489999999999999;2.0;19.0;1.288888888888889;0.0;7.077777777777777;0.8222222222222223;2.866666666666667;5.946666666666666;2.0;20.0;1.3444444444444443;0.0;6.788888888888889;0.8444444444444446;2.8777777777777778;5.788333333333334;2.0;20.0;0.0
1.711111111111111;0.16666666666666666;7.855555555555557;15.644444444444444;11.277777777777779;8.358333333333333;2.0;16.0;1.4666666666666668;0.0;7.611111111111111;0.8555555555555555;2.9555555555555557;6.305000000000001;2.0;17.0;1.1777777777777778;0.0;6.433333333333334;0.7777777777777777;2.7777777777777772;5.236666666666667;2.0;17.0;1.4000000000000001;0.04444444444444443;7.455555555555556;0.8444444444444444;2.8333333333333335;5.9816666666666665;2.0;18.0;1.3555555555555554;0.0;6.622222222222223;0.7222222222222222;2.788888888888889;5.741666666666666;2.0;18.0;1.1666666666666667;0.0;7.2;0.8222222222222221;2.755555555555555;5.143333333333333;2.0;19.0;1.3999999999999997;0.0;6.711111111111111;0.8333333333333334;2.9222222222222225;5.489999999999999;2.0;19.0;1.288888888888889;0.0;7.077777777777777;0.8222222222222223;2.866666666666667;5.946666666666666;2.0;20.0;1.3444444444444443;0.0;6.788888888888889;0.8444444444444446;2.8777777777777778;5.788333333333334;2.0;20.0;1.3999999999999997;0.0;7.522222222222223;0.8333333333333334;2.8333333333333335;4.6483333333333325;2.0;21.0;0.0
1.4666666666666668;0.0;7.611111111111111;0.8555555555555555;2.9555555555555557;6.305000000000001;2.0;17.0;1.1777777777777778;0.0;6.433333333333334;0.7777777777777777;2.7777777777777772;5.236666666666667;2.0;17.0;1.4000000000000001;0.04444444444444443;7.455555555555556;0.8444444444444444;2.8333333333333335;5.9816666666666665;2.0;18.0;1.3555555555555554;0.0;6.622222222222223;0.7222222222222222;2.788888888888889;5.741666666666666;2.0;18.0;1.1666666666666667;0.0;7.2;0.8222222222222221;2.755555555555555;5.143333333333333;2.0;19.0;1.3999999999999997;0.0;6.711111111111111;0.8333333333333334;2.9222222222222225;5.489999999999999;2.0;19.0;1.288888888888889;0.0;7.077777777777777;0.8222222222222223;2.866666666666667;5.946666666666666;2.0;20.0;1.3444444444444443;0.0;6.788888888888889;0.8444444444444446;2.8777777777777778;5.788333333333334;2.0;20.0;1.3999999999999997;0.0;7.522222222222223;0.8333333333333334;2.8333333333333335;4.6483333333333325;2.0;21.0;1.3333333333333333;0.0;6.7444444444444445;0.7999999999999999;2.744444444444445;5.085;2.0;21.0;0.0
1.1777777777777778;0.0;6.433333333333334;0.7777777777777777;2.7777777777777772;5.236666666666667;2.0;17.0;1.4000000000000001;0.04444444444444443;7.455555555555556;0.8444444444444444;2.8333333333333335;5.9816666666666665;2.0;18.0;1.3555555555555554;0.0;6.622222222222223;0.7222222222222222;2.788888888888889;5.741666666666666;2.0;18.0;1.1666666666666667;0.0;7.2;0.8222222222222221;2.755555555555555;5.143333333333333;2.0;19.0;1.3999999999999997;0.0;6.711111111111111;0.8333333333333334;2.9222222222222225;5.489999999999999;2.0;19.0;1.288888888888889;0.0;7.077777777777777;0.8222222222222223;2.866666666666667;5.946666666666666;2.0;20.0;1.3444444444444443;0.0;6.788888888888889;0.8444444444444446;2.8777777777777778;5.788333333333334;2.0;20.0;1.3999999999999997;0.0;7.522222222222223;0.8333333333333334;2.8333333333333335;4.6483333333333325;2.0;21.0;1.3333333333333333;0.0;6.7444444444444445;0.7999999999999999;2.744444444444445;5.085;2.0;21.0;1.3555555555555554;0.04444444444444443;7.522222222222221;0.7999999999999999;2.8444444444444446;6.121666666666667;2.0;22.0;0.0
1.4000000000000001;0.04444444444444443;7.455555555555556;0.8444444444444444;2.8333333333333335;5.9816666666666665;2.0;18.0;1.3555555555555554;0.0;6.622222222222223;0.7222222222222222;2.788888888888889;5.741666666666666;2.0;18.0;1.1666666666666667;0.0;7.2;0.8222222222222221;2.755555555555555;5.143333333333333;2.0;19.0;1.3999999999999997;0.0;6.711111111111111;0.8333333333333334;2.9222222222222225;5.489999999999999;2.0;19.0;1.288888888888889;0.0;7.077777777777777;0.8222222222222223;2.866666666666667;5.946666666666666;2.0;20.0;1.3444444444444443;0.0;6.788888888888889;0.8444444444444446;2.8777777777777778;5.788333333333334;2.0;20.0;1.3999999999999997;0.0;7.522222222222223;0.8333333333333334;2.8333333333333335;4.6483333333333325;2.0;21.0;1.3333333333333333;0.0;6.7444444444444445;0.7999999999999999;2.744444444444445;5.085;2.0;21.0;1.3555555555555554;0.04444444444444443;7.522222222222221;0.7999999999999999;2.8444444444444446;6.121666666666667;2.0;22.0;2.2222222222222223;0.0111111111111111;7.7444444444444445;1.3555555555555554;3.4666666666666663;5.601666666666667;2.0;22.0;0.0
1.3555555555555554;0.0;6.622222222222223;0.7222222222222222;2.788888888888889;5.741666666666666;2.0;18.0;1.1666666666666667;0.0;7.2;0.8222222222222221;2.755555555555555;5.143333333333333;2.0;19.0;1.3999999999999997;0.0;6.711111111111111;0.8333333333333334;2.9222222222222225;5.489999999999999;2.0;19.0;1.288888888888889;0.0;7.077777777777777;0.8222222222222223;2.866666666666667;5.946666666666666;2.0;20.0;1.3444444444444443;0.0;6.788888888888889;0.8444444444444446;2.8777777777777778;5.788333333333334;2.0;20.0;1.3999999999999997;0.0;7.522222222222223;0.8333333333333334;2.8333333333333335;4.6483333333333325;2.0;21.0;1.3333333333333333;0.0;6.7444444444444445;0.7999999999999999;2.744444444444445;5.085;2.0;21.0;1.3555555555555554;0.04444444444444443;7.522222222222221;0.7999999999999999;2.8444444444444446;6.121666666666667;2.0;22.0;2.2222222222222223;0.0111111111111111;7.7444444444444445;1.3555555555555554;3.4666666666666663;5.601666666666667;2.0;22.0;2.2111111111111112;0.04444444444444443;9.011111111111111;4.877777777777778;6.755555555555556;6.786666666666665;2.0;23.0;0.0
1.1666666666666667;0.0;7.2;0.8222222222222221;2.755555555555555;5.143333333333333;2.0;19.0;1.3999999999999997;0.0;6.711111111111111;0.8333333333333334;2.9222222222222225;5.489999999999999;2.0;19.0;1.288888888888889;0.0;7.077777777777777;0.8222222222222223;2.866666666666667;5.946666666666666;2.0;20.0;1.3444444444444443;0.0;6.788888888888889;0.8444444444444446;2.8777777777777778;5.788333333333334;2.0;20.0;1.3999999999999997;0.0;7.522222222222223;0.8333333333333334;2.8333333333333335;4.6483333333333325;2.0;21.0;1.3333333333333333;0.0;6.7444444444444445;0.7999999999999999;2.744444444444445;5.085;2.0;21.0;1.3555555555555554;0.04444444444444443;7.522222222222221;0.7999999999999999;2.8444444444444446;6.121666666666667;2.0;22.0;2.2222222222222223;0.0111111111111111;7.7444444444444445;1.3555555555555554;3.4666666666666663;5.601666666666667;2.0;22.0;2.2111111111111112;0.04444444444444443;9.011111111111111;4.877777777777778;6.755555555555556;6.786666666666665;2.0;23.0;2.1888888888888887;0.0;7.822222222222223;1.6666666666666667;3.788888888888889;5.349999999999999;2.0;23.0;0.0
1.3999999999999997;0.0;6.711111111111111;0.8333333333333334;2.9222222222222225;5.489999999999999;2.0;19.0;1.288888888888889;0.0;7.077777777777777;0.8222222222222223;2.866666666666667;5.946666666666666;2.0;20.0;1.3444444444444443;0.0;6.788888888888889;0.8444444444444446;2.8777777777777778;5.788333333333334;2.0;20.0;1.3999999999999997;0.0;7.522222222222223;0.8333333333333334;2.8333333333333335;4.6483333333333325;2.0;21.0;1.3333333333333333;0.0;6.7444444444444445;0.7999999999999999;2.744444444444445;5.085;2.0;21.0;1.3555555555555554;0.04444444444444443;7.522222222222221;0.7999999999999999;2.8444444444444446;6.121666666666667;2.0;22.0;2.2222222222222223;0.0111111111111111;7.7444444444444445;1.3555555555555554;3.4666666666666663;5.601666666666667;2.0;22.0;2.2111111111111112;0.04444444444444443;9.011111111111111;4.877777777777778;6.755555555555556;6.786666666666665;2.0;23.0;2.1888888888888887;0.0;7.822222222222223;1.6666666666666667;3.788888888888889;5.349999999999999;2.0;23.0;2.2444444444444445;0.07777777777777778;8.355555555555556;0.9666666666666667;3.022222222222222;6.474999999999999;3.0;0.0;1.0
1.288888888888889;0.0;7.077777777777777;0.8222222222222223;2.866666666666667;5.946666666666666;2.0;20.0;1.3444444444444443;0.0;6.788888888888889;0.8444444444444446;2.8777777777777778;5.788333333333334;2.0;20.0;1.3999999999999997;0.0;7.522222222222223;0.8333333333333334;2.8333333333333335;4.6483333333333325;2.0;21.0;1.3333333333333333;0.0;6.7444444444444445;0.7999999999999999;2.744444444444445;5.085;2.0;21.0;1.3555555555555554;0.04444444444444443;7.522222222222221;0.7999999999999999;2.8444444444444446;6.121666666666667;2.0;22.0;2.2222222222222223;0.0111111111111111;7.7444444444444445;1.3555555555555554;3.4666666666666663;5.601666666666667;2.0;22.0;2.2111111111111112;0.04444444444444443;9.011111111111111;4.877777777777778;6.755555555555556;6.786666666666665;2.0;23.0;2.1888888888888887;0.0;7.822222222222223;1.6666666666666667;3.788888888888889;5.349999999999999;2.0;23.0;2.2444444444444445;0.07777777777777778;8.355555555555556;0.9666666666666667;3.022222222222222;6.474999999999999;3.0;0.0;14.144444444444444;0.0;36.17777777777778;1552.0;1612.2777777777776;7.555;3.0;0.0;0.0
1.3444444444444443;0.0;6.788888888888889;0.8444444444444446;2.8777777777777778;5.788333333333334;2.0;20.0;1.3999999999999997;0.0;7.522222222222223;0.8333333333333334;2.8333333333333335;4.6483333333333325;2.0;21.0;1.3333333333333333;0.0;6.7444444444444445;0.7999999999999999;2.744444444444445;5.085;2.0;21.0;1.3555555555555554;0.04444444444444443;7.522222222222221;0.7999999999999999;2.8444444444444446;6.121666666666667;2.0;22.0;2.2222222222222223;0.0111111111111111;7.7444444444444445;1.3555555555555554;3.4666666666666663;5.601666666666667;2.0;22.0;2.2111111111111112;0.04444444444444443;9.011111111111111;4.877777777777778;6.755555555555556;6.786666666666665;2.0;23.0;2.1888888888888887;0.0;7.822222222222223;1.6666666666666667;3.788888888888889;5.349999999999999;2.0;23.0;2.2444444444444445;0.07777777777777778;8.355555555555556;0.9666666666666667;3.022222222222222;6.474999999999999;3.0;0.0;14.144444444444444;0.0;36.17777777777778;1552.0;1612.2777777777776;7.555;3.0;0.0;9.633333333333333;0.0;27.48888888888889;928.8777777777777;927.5222222222222;12.353333333333333;3.0;1.0;1.0
1.3999999999999997;0.0;7.522222222222223;0.8333333333333334;2.8333333333333335;4.6483333333333325;2.0;21.0;1.3333333333333333;0.0;6.7444444444444445;0.7999999999999999;2.744444444444445;5.085;2.0;21.0;1.3555555555555554;0.04444444444444443;7.522222222222221;0.7999999999999999;2.8444444444444446;6.121666666666667;2.0;22.0;2.2222222222222223;0.0111111111111111;7.7444444444444445;1.3555555555555554;3.4666666666666663;5.601666666666667;2.0;22.0;2.2111111111111112;0.04444444444444443;9.011111111111111;4.877777777777778;6.755555555555556;6.786666666666665;2.0;23.0;2.1888888888888887;0.0;7.822222222222223;1.6666666666666667;3.788888888888889;5.349999999999999;2.0;23.0;2.2444444444444445;0.07777777777777778;8.355555555555556;0.9666666666666667;3.022222222222222;6.474999999999999;3.0;0.0;14.144444444444444;0.0;36.17777777777778;1552.0;1612.2777777777776;7.555;3.0;0.0;9.633333333333333;0.0;27.48888888888889;928.8777777777777;927.5222222222222;12.353333333333333;3.0;1.0;10.144444444444444;0.05555555555555555;30.311111111111114;1134.5888888888887;1129.0555555555557;12.066666666666668;3.0;1.0;1.0
1.3333333333333333;0.0;6.7444444444444445;0.7999999999999999;2.744444444444445;5.085;2.0;21.0;1.3555555555555554;0.04444444444444443;7.522222222222221;0.7999999999999999;2.8444444444444446;6.121666666666667;2.0;22.0;2.2222222222222223;0.0111111111111111;7.7444444444444445;1.3555555555555554;3.4666666666666663;5.601666666666667;2.0;22.0;2.2111111111111112;0.04444444444444443;9.011111111111111;4.877777777777778;6.755555555555556;6.786666666666665;2.0;23.0;2.1888888888888887;0.0;7.822222222222223;1.6666666666666667;3.788888888888889;5.349999999999999;2.0;23.0;2.2444444444444445;0.07777777777777778;8.355555555555556;0.9666666666666667;3.022222222222222;6.474999999999999;3.0;0.0;14.144444444444444;0.0;36.17777777777778;1552.0;1612.2777777777776;7.555;3.0;0.0;9.633333333333333;0.0;27.48888888888889;928.8777777777777;927.5222222222222;12.353333333333333;3.0;1.0;10.144444444444444;0.05555555555555555;30.311111111111114;1134.5888888888887;1129.0555555555557;12.066666666666668;3.0;1.0;12.655555555555557;0.0;38.103968253968254;1505.477777777778;1536.0777777777778;10.405000000000001;3.0;2.0;1.0
1.3555555555555554;0.04444444444444443;7.522222222222221;0.7999999999999999;2.8444444444444446;6.121666666666667;2.0;22.0;2.2222222222222223;0.0111111111111111;7.7444444444444445;1.3555555555555554;3.4666666666666663;5.601666666666667;2.0;22.0;2.2111111111111112;0.04444444444444443;9.011111111111111;4.877777777777778;6.755555555555556;6.786666666666665;2.0;23.0;2.1888888888888887;0.0;7.822222222222223;1.6666666666666667;3.788888888888889;5.349999999999999;2.0;23.0;2.2444444444444445;0.07777777777777778;8.355555555555556;0.9666666666666667;3.022222222222222;6.474999999999999;3.0;0.0;14.144444444444444;0.0;36.17777777777778;1552.0;1612.2777777777776;7.555;3.0;0.0;9.633333333333333;0.0;27.48888888888889;928.8777777777777;927.5222222222222;12.353333333333333;3.0;1.0;10.144444444444444;0.05555555555555555;30.311111111111114;1134.5888888888887;1129.0555555555557;12.066666666666668;3.0;1.0;12.655555555555557;0.0;38.103968253968254;1505.477777777778;1536.0777777777778;10.405000000000001;3.0;2.0;13.299999999999999;0.0;39.711111111111116;1670.966666666667;1703.8999999999999;11.621666666666668;3.0;2.0;1.0
2.2222222222222223;0.0111111111111111;7.7444444444444445;1.3555555555555554;3.4666666666666663;5.601666666666667;2.0;22.0;2.2111111111111112;0.04444444444444443;9.011111111111111;4.877777777777778;6.755555555555556;6.786666666666665;2.0;23.0;2.1888888888888887;0.0;7.822222222222223;1.6666666666666667;3.788888888888889;5.349999999999999;2.0;23.0;2.2444444444444445;0.07777777777777778;8.355555555555556;0.9666666666666667;3.022222222222222;6.474999999999999;3.0;0.0;14.144444444444444;0.0;36.17777777777778;1552.0;1612.2777777777776;7.555;3.0;0.0;9.633333333333333;0.0;27.48888888888889;928.8777777777777;927.5222222222222;12.353333333333333;3.0;1.0;10.144444444444444;0.05555555555555555;30.311111111111114;1134.5888888888887;1129.0555555555557;12.066666666666668;3.0;1.0;12.655555555555557;0.0;38.103968253968254;1505.477777777778;1536.0777777777778;10.405000000000001;3.0;2.0;13.299999999999999;0.0;39.711111111111116;1670.966666666667;1703.8999999999999;11.621666666666668;3.0;2.0;14.08888888888889;1.388888888888889;64.98888888888888;1738.6888888888889;1772.033333333333;14.745000000000003;3.0;3.0;1.0
2.2111111111111112;0.04444444444444443;9.011111111111111;4.877777777777778;6.755555555555556;6.786666666666665;2.0;23.0;2.1888888888888887;0.0;7.822222222222223;1.6666666666666667;3.788888888888889;5.349999999999999;2.0;23.0;2.2444444444444445;0.07777777777777778;8.355555555555556;0.9666666666666667;3.022222222222222;6.474999999999999;3.0;0.0;14.144444444444444;0.0;36.17777777777778;1552.0;1612.2777777777776;7.555;3.0;0.0;9.633333333333333;0.0;27.48888888888889;928.8777777777777;927.5222222222222;12.353333333333333;3.0;1.0;10.144444444444444;0.05555555555555555;30.311111111111114;1134.5888888888887;1129.0555555555557;12.066666666666668;3.0;1.0;12.655555555555557;0.0;38.103968253968254;1505.477777777778;1536.0777777777778;10.405000000000001;3.0;2.0;13.299999999999999;0.0;39.711111111111116;1670.966666666667;1703.8999999999999;11.621666666666668;3.0;2.0;14.08888888888889;1.388888888888889;64.98888888888888;1738.6888888888889;1772.033333333333;14.745000000000003;3.0;3.0;13.322222222222221;0.0222222222222222;39.53333333333334;1669.277777777778;1706.0666666666666;10.530000000000001;3.0;3.0;1.0
2.1888888888888887;0.0;7.822222222222223;1.6666666666666667;3.788888888888889;5.349999999999999;2.0;23.0;2.2444444444444445;0.07777777777777778;8.355555555555556;0.9666666666666667;3.022222222222222;6.474999999999999;3.0;0.0;14.144444444444444;0.0;36.17777777777778;1552.0;1612.2777777777776;7.555;3.0;0.0;9.633333333333333;0.0;27.48888888888889;928.8777777777777;927.5222222222222;12.353333333333333;3.0;1.0;10.144444444444444;0.05555555555555555;30.311111111111114;1134.5888888888887;1129.0555555555557;12.066666666666668;3.0;1.0;12.655555555555557;0.0;38.103968253968254;1505.477777777778;1536.0777777777778;10.405000000000001;3.0;2.0;13.299999999999999;0.0;39.711111111111116;1670.966666666667;1703.8999999999999;11.621666666666668;3.0;2.0;14.08888888888889;1.388888888888889;64.98888888888888;1738.6888888888889;1772.033333333333;14.745000000000003;3.0;3.0;13.322222222222221;0.0222222222222222;39.53333333333334;1669.277777777778;1706.0666666666666;10.530000000000001;3.0;3.0;13.6;0.0;41.666666666666664;1720.1444444444444;1757.4777777777774;10.965000000000002;3.0;4.0;0.0
2.2444444444444445;0.07777777777777778;8.355555555555556;0.9666666666666667;3.022222222222222;6.474999999999999;3.0;0.0;14.144444444444444;0.0;36.17777777777778;1552.0;1612.2777777777776;7.555;3.0;0.0;9.633333333333333;0.0;27.48888888888889;928.8777777777777;927.5222222222222;12.353333333333333;3.0;1.0;10.144444444444444;0.05555555555555555;30.311111111111114;1134.5888888888887;1129.0555555555557;12.066666666666668;3.0;1.0;12.655555555555557;0.0;38.103968253968254;1505.477777777778;1536.0777777777778;10.405000000000001;3.0;2.0;13.299999999999999;0.0;39.711111111111116;1670.966666666667;1703.8999999999999;11.621666666666668;3.0;2.0;14.08888888888889;1.388888888888889;64.98888888888888;1738.6888888888889;1772.033333333333;14.745000000000003;3.0;3.0;13.322222222222221;0.0222222222222222;39.53333333333334;1669.277777777778;1706.0666666666666;10.530000000000001;3.0;3.0;13.6;0.0;41.666666666666664;1720.1444444444444;1757.4777777777774;10.965000000000002;3.0;4.0;4.7444444444444445;0.0;16.8;479.38888888888886;493.59999999999997;7.900000000000001;3.0;4.0;0.0
14.144444444444444;0.0;36.17777777777778;1552.0;1612.2777777777776;7.555;3.0;0.0;9.633333333333333;0.0;27.48888888888889;928.8777777777777;927.5222222222222;12.353333333333333;3.0;1.0;10.144444444444444;0.05555555555555555;30.311111111111114;1134.5888888888887;1129.0555555555557;12.066666666666668;3.0;1.0;12.655555555555557;0.0;38.103968253968254;1505.477777777778;1536.0777777777778;10.405000000000001;3.0;2.0;13.299999999999999;0.0;39.711111111111116;1670.966666666667;1703.8999999999999;11.621666666666668;3.0;2.0;14.08888888888889;1.388888888888889;64.98888888888888;1738.6888888888889;1772.033333333333;14.745000000000003;3.0;3.0;13.322222222222221;0.0222222222222222;39.53333333333334;1669.277777777778;1706.0666666666666;10.530000000000001;3.0;3.0;13.6;0.0;41.666666666666664;1720.1444444444444;1757.4777777777774;10.965000000000002;3.0;4.0;4.7444444444444445;0.0;16.8;479.38888888888886;493.59999999999997;7.900000000000001;3.0;4.0;1.1333333333333333;0.0;8.088888888888889;0.8666666666666667;2.8555555555555556;5.075;3.0;5.0;0.0
9.633333333333333;0.0;27.48888888888889;928.8777777777777;927.5222222222222;12.353333333333333;3.0;1.0;10.144444444444444;0.05555555555555555;30.311111111111114;1134.5888888888887;1129.0555555555557;12.066666666666668;3.0;1.0;12.655555555555557;0.0;38.103968253968254;1505.477777777778;1536.0777777777778;10.405000000000001;3.0;2.0;13.299999999999999;0.0;39.711111111111116;1670.966666666667;1703.8999999999999;11.621666666666668;3.0;2.0;14.08888888888889;1.388888888888889;64.98888888888888;1738.6888888888889;1772.033333333333;14.745000000000003;3.0;3.0;13.322222222222221;0.0222222222222222;39.53333333333334;1669.277777777778;1706.0666666666666;10.530000000000001;3.0;3.0;13.6;0.0;41.666666666666664;1720.1444444444444;1757.4777777777774;10.965000000000002;3.0;4.0;4.7444444444444445;0.0;16.8;479.38888888888886;493.59999999999997;7.900000000000001;3.0;4.0;1.1333333333333333;0.0;8.088888888888889;0.8666666666666667;2.8555555555555556;5.075;3.0;5.0;1.1555555555555557;0.0;6.788888888888888;0.8444444444444444;2.8444444444444446;5.34;3.0;5.0;0.0
10.144444444444444;0.05555555555555555;30.311111111111114;1134.5888888888887;1129.0555555555557;12.066666666666668;3.0;1.0;12.655555555555557;0.0;38.103968253968254;1505.477777777778;1536.0777777777778;10.405000000000001;3.0;2.0;13.299999999999999;0.0;39.711111111111116;1670.966666666667;1703.8999999999999;11.621666666666668;3.0;2.0;14.08888888888889;1.388888888888889;64.98888888888888;1738.6888888888889;1772.033333333333;14.745000000000003;3.0;3.0;13.322222222222221;0.0222222222222222;39.53333333333334;1669.277777777778;1706.0666666666666;10.530000000000001;3.0;3.0;13.6;0.0;41.666666666666664;1720.1444444444444;1757.4777777777774;10.965000000000002;3.0;4.0;4.7444444444444445;0.0;16.8;479.38888888888886;493.59999999999997;7.900000000000001;3.0;4.0;1.1333333333333333;0.0;8.088888888888889;0.8666666666666667;2.8555555555555556;5.075;3.0;5.0;1.1555555555555557;0.0;6.788888888888888;0.8444444444444444;2.8444444444444446;5.34;3.0;5.0;1.3555555555555558;0.06666666666666667;7.511111111111112;0.8777777777777779;2.8555555555555556;5.751666666666666;3.0;6.0;0.0
12.655555555555557;0.0;38.103968253968254;1505.477777777778;1536.0777777777778;10.405000000000001;3.0;2.0;13.299999999999999;0.0;39.711111111111116;1670.966666666667;1703.8999999999999;11.621666666666668;3.0;2.0;14.08888888888889;1.388888888888889;64.98888888888888;1738.6888888888889;1772.033333333333;14.745000000000003;3.0;3.0;13.322222222222221;0.0222222222222222;39.53333333333334;1669.277777777778;1706.0666666666666;10.530000000000001;3.0;3.0;13.6;0.0;41.666666666666664;1720.1444444444444;1757.4777777777774;10.965000000000002;3.0;4.0;4.7444444444444445;0.0;16.8;479.38888888888886;493.59999999999997;7.900000000000001;3.0;4.0;1.1333333333333333;0.0;8.088888888888889;0.8666666666666667;2.8555555555555556;5.075;3.0;5.0;1.1555555555555557;0.0;6.788888888888888;0.8444444444444444;2.8444444444444446;5.34;3.0;5.0;1.3555555555555558;0.06666666666666667;7.511111111111112;0.8777777777777779;2.8555555555555556;5.751666666666666;3.0;6.0;1.1888888888888889;0.0;6.666666666666667;0.8555555555555556;2.788888888888889;4.8;3.0;6.0;0.0
13.299999999999999;0.0;39.711111111111116;1670.966666666667;1703.8999999999999;11.621666666666668;3.0;2.0;14.08888888888889;1.388888888888889;64.98888888888888;1738.6888888888889;1772.033333333333;14.745000000000003;3.0;3.0;13.322222222222221;0.0222222222222222;39.53333333333334;1669.277777777778;1706.0666666666666;10.530000000000001;3.0;3.0;13.6;0.0;41.666666666666664;1720.1444444444444;1757.4777777777774;10.965000000000002;3.0;4.0;4.7444444444444445;0.0;16.8;479.38888888888886;493.59999999999997;7.900000000000001;3.0;4.0;1.1333333333333333;0.0;8.088888888888889;0.8666666666666667;2.8555555555555556;5.075;3.0;5.0;1.1555555555555557;0.0;6.788888888888888;0.8444444444444444;2.8444444444444446;5.34;3.0;5.0;1.3555555555555558;0.06666666666666667;7.511111111111112;0.8777777777777779;2.8555555555555556;5.751666666666666;3.0;6.0;1.1888888888888889;0.0;6.666666666666667;0.8555555555555556;2.788888888888889;4.8;3.0;6.0;1.366666666666667;0.0;7.400000000000001;0.8111111111111112;2.8555555555555556;6.588333333333332;3.0;7.0;0.0
14.08888888888889;1.388888888888889;64.98888888888888;1738.6888888888889;1772.033333333333;14.745000000000003;3.0;3.0;13.322222222222221;0.0222222222222222;39.53333333333334;1669.277777777778;1706.0666666666666;10.530000000000001;3.0;3.0;13.6;0.0;41.666666666666664;1720.1444444444444;1757.4777777777774;10.965000000000002;3.0;4.0;4.7444444444444445;0.0;16.8;479.38888888888886;493.59999999999997;7.900000000000001;3.0;4.0;1.1333333333333333;0.0;8.088888888888889;0.8666666666666667;2.8555555555555556;5.075;3.0;5.0;1.1555555555555557;0.0;6.788888888888888;0.8444444444444444;2.8444444444444446;5.34;3.0;5.0;1.3555555555555558;0.06666666666666667;7.511111111111112;0.8777777777777779;2.8555555555555556;5.751666666666666;3.0;6.0;1.1888888888888889;0.0;6.666666666666667;0.8555555555555556;2.788888888888889;4.8;3.0;6.0;1.366666666666667;0.0;7.400000000000001;0.8111111111111112;2.8555555555555556;6.588333333333332;3.0;7.0;1.3777777777777782;0.0;7.077777777777778;0.8555555555555555;2.8111111111111113;5.225;3.0;7.0;0.0
13.322222222222221;0.0222222222222222;39.53333333333334;1669.277777777778;1706.0666666666666;10.530000000000001;3.0;3.0;13.6;0.0;41.666666666666664;1720.1444444444444;1757.4777777777774;10.965000000000002;3.0;4.0;4.7444444444444445;0.0;16.8;479.38888888888886;493.59999999999997;7.900000000000001;3.0;4.0;1.1333333333333333;0.0;8.088888888888889;0.8666666666666667;2.8555555555555556;5.075;3.0;5.0;1.1555555555555557;0.0;6.788888888888888;0.8444444444444444;2.8444444444444446;5.34;3.0;5.0;1.3555555555555558;0.06666666666666667;7.511111111111112;0.8777777777777779;2.8555555555555556;5.751666666666666;3.0;6.0;1.1888888888888889;0.0;6.666666666666667;0.8555555555555556;2.788888888888889;4.8;3.0;6.0;1.366666666666667;0.0;7.400000000000001;0.8111111111111112;2.8555555555555556;6.588333333333332;3.0;7.0;1.3777777777777782;0.0;7.077777777777778;0.8555555555555555;2.8111111111111113;5.225;3.0;7.0;1.4333333333333333;0.0;7.48888888888889;1.2;3.555555555555555;5.97;3.0;8.0;0.0
13.6;0.0;41.666666666666664;1720.1444444444444;1757.4777777777774;10.965000000000002;3.0;4.0;4.7444444444444445;0.0;16.8;479.38888888888886;493.59999999999997;7.900000000000001;3.0;4.0;1.1333333333333333;0.0;8.088888888888889;0.8666666666666667;2.8555555555555556;5.075;3.0;5.0;1.1555555555555557;0.0;6.788888888888888;0.8444444444444444;2.8444444444444446;5.34;3.0;5.0;1.3555555555555558;0.06666666666666667;7.511111111111112;0.8777777777777779;2.8555555555555556;5.751666666666666;3.0;6.0;1.1888888888888889;0.0;6.666666666666667;0.8555555555555556;2.788888888888889;4.8;3.0;6.0;1.366666666666667;0.0;7.400000000000001;0.8111111111111112;2.8555555555555556;6.588333333333332;3.0;7.0;1.3777777777777782;0.0;7.077777777777778;0.8555555555555555;2.8111111111111113;5.225;3.0;7.0;1.4333333333333333;0.0;7.48888888888889;1.2;3.555555555555555;5.97;3.0;8.0;1.2222222222222223;0.0;6.522222222222222;0.8888888888888888;2.9;5.223333333333334;3.0;8.0;0.0
4.7444444444444445;0.0;16.8;479.38888888888886;493.59999999999997;7.900000000000001;3.0;4.0;1.1333333333333333;0.0;8.088888888888889;0.8666666666666667;2.8555555555555556;5.075;3.0;5.0;1.1555555555555557;0.0;6.788888888888888;0.8444444444444444;2.8444444444444446;5.34;3.0;5.0;1.3555555555555558;0.06666666666666667;7.511111111111112;0.8777777777777779;2.8555555555555556;5.751666666666666;3.0;6.0;1.1888888888888889;0.0;6.666666666666667;0.8555555555555556;2.788888888888889;4.8;3.0;6.0;1.366666666666667;0.0;7.400000000000001;0.8111111111111112;2.8555555555555556;6.588333333333332;3.0;7.0;1.3777777777777782;0.0;7.077777777777778;0.8555555555555555;2.8111111111111113;5.225;3.0;7.0;1.4333333333333333;0.0;7.48888888888889;1.2;3.555555555555555;5.97;3.0;8.0;1.2222222222222223;0.0;6.522222222222222;0.8888888888888888;2.9;5.223333333333334;3.0;8.0;1.4333333333333336;0.0111111111111111;7.51111111111111;1.4777777777777779;3.5888888888888886;4.765;3.0;9.0;0.0
1.1333333333333333;0.0;8.088888888888889;0.8666666666666667;2.8555555555555556;5.075;3.0;5.0;1.1555555555555557;0.0;6.788888888888888;0.8444444444444444;2.8444444444444446;5.34;3.0;5.0;1.3555555555555558;0.06666666666666667;7.511111111111112;0.8777777777777779;2.8555555555555556;5.751666666666666;3.0;6.0;1.1888888888888889;0.0;6.666666666666667;0.8555555555555556;2.788888888888889;4.8;3.0;6.0;1.366666666666667;0.0;7.400000000000001;0.8111111111111112;2.8555555555555556;6.588333333333332;3.0;7.0;1.3777777777777782;0.0;7.077777777777778;0.8555555555555555;2.8111111111111113;5.225;3.0;7.0;1.4333333333333333;0.0;7.48888888888889;1.2;3.555555555555555;5.97;3.0;8.0;1.2222222222222223;0.0;6.522222222222222;0.8888888888888888;2.9;5.223333333333334;3.0;8.0;1.4333333333333336;0.0111111111111111;7.51111111111111;1.4777777777777779;3.5888888888888886;4.765;3.0;9.0;1.6420634920634918;0.0;6.9341269841269835;2.5746031746031743;4.665873015873017;5.716666666666666;3.0;9.0;0.0
1.1555555555555557;0.0;6.788888888888888;0.8444444444444444;2.8444444444444446;5.34;3.0;5.0;1.3555555555555558;0.06666666666666667;7.511111111111112;0.8777777777777779;2.8555555555555556;5.751666666666666;3.0;6.0;1.1888888888888889;0.0;6.666666666666667;0.8555555555555556;2.788888888888889;4.8;3.0;6.0;1.366666666666667;0.0;7.400000000000001;0.8111111111111112;2.8555555555555556;6.588333333333332;3.0;7.0;1.3777777777777782;0.0;7.077777777777778;0.8555555555555555;2.8111111111111113;5.225;3.0;7.0;1.4333333333333333;0.0;7.48888888888889;1.2;3.555555555555555;5.97;3.0;8.0;1.2222222222222223;0.0;6.522222222222222;0.8888888888888888;2.9;5.223333333333334;3.0;8.0;1.4333333333333336;0.0111111111111111;7.51111111111111;1.4777777777777779;3.5888888888888886;4.765;3.0;9.0;1.6420634920634918;0.0;6.9341269841269835;2.5746031746031743;4.665873015873017;5.716666666666666;3.0;9.0;1.3388888888888888;0.0;7.3690476190476195;1.084126984126984;3.1992063492063494;6.6016666666666675;3.0;10.0;0.0
1.3555555555555558;0.06666666666666667;7.511111111111112;0.8777777777777779;2.8555555555555556;5.751666666666666;3.0;6.0;1.1888888888888889;0.0;6.666666666666667;0.8555555555555556;2.788888888888889;4.8;3.0;6.0;1.366666666666667;0.0;7.400000000000001;0.8111111111111112;2.8555555555555556;6.588333333333332;3.0;7.0;1.3777777777777782;0.0;7.077777777777778;0.8555555555555555;2.8111111111111113;5.225;3.0;7.0;1.4333333333333333;0.0;7.48888888888889;1.2;3.555555555555555;5.97;3.0;8.0;1.2222222222222223;0.0;6.522222222222222;0.8888888888888888;2.9;5.223333333333334;3.0;8.0;1.4333333333333336;0.0111111111111111;7.51111111111111;1.4777777777777779;3.5888888888888886;4.765;3.0;9.0;1.6420634920634918;0.0;6.9341269841269835;2.5746031746031743;4.665873015873017;5.716666666666666;3.0;9.0;1.3388888888888888;0.0;7.3690476190476195;1.084126984126984;3.1992063492063494;6.6016666666666675;3.0;10.0;1.6444444444444446;0.0;28.177777777777777;31.07777777777778;3.3666666666666667;5.3500000000000005;3.0;10.0;0.0
1.1888888888888889;0.0;6.666666666666667;0.8555555555555556;2.788888888888889;4.8;3.0;6.0;1.366666666666667;0.0;7.400000000000001;0.8111111111111112;2.8555555555555556;6.588333333333332;3.0;7.0;1.3777777777777782;0.0;7.077777777777778;0.8555555555555555;2.8111111111111113;5.225;3.0;7.0;1.4333333333333333;0.0;7.48888888888889;1.2;3.555555555555555;5.97;3.0;8.0;1.2222222222222223;0.0;6.522222222222222;0.8888888888888888;2.9;5.223333333333334;3.0;8.0;1.4333333333333336;0.0111111111111111;7.51111111111111;1.4777777777777779;3.5888888888888886;4.765;3.0;9.0;1.6420634920634918;0.0;6.9341269841269835;2.5746031746031743;4.665873015873017;5.716666666666666;3.0;9.0;1.3388888888888888;0.0;7.3690476190476195;1.084126984126984;3.1992063492063494;6.6016666666666675;3.0;10.0;1.6444444444444446;0.0;28.177777777777777;31.07777777777778;3.3666666666666667;5.3500000000000005;3.0;10.0;1.5888888888888888;0.0;27.688888888888883;0.9666666666666667;3.066666666666667;6.82;3.0;11.0;0.0
1.366666666666667;0.0;7.400000000000001;0.8111111111111112;2.8555555555555556;6.588333333333332;3.0;7.0;1.3777777777777782;0.0;7.077777777777778;0.8555555555555555;2.8111111111111113;5.225;3.0;7.0;1.4333333333333333;0.0;7.48888888888889;1.2;3.555555555555555;5.97;3.0;8.0;1.2222222222222223;0.0;6.522222222222222;0.8888888888888888;2.9;5.223333333333334;3.0;8.0;1.4333333333333336;0.0111111111111111;7.51111111111111;1.4777777777777779;3.5888888888888886;4.765;3.0;9.0;1.6420634920634918;0.0;6.9341269841269835;2.5746031746031743;4.665873015873017;5.716666666666666;3.0;9.0;1.3388888888888888;0.0;7.3690476190476195;1.084126984126984;3.1992063492063494;6.6016666666666675;3.0;10.0;1.6444444444444446;0.0;28.177777777777777;31.07777777777778;3.3666666666666667;5.3500000000000005;3.0;10.0;1.5888888888888888;0.0;27.688888888888883;0.9666666666666667;3.066666666666667;6.82;3.0;11.0;1.5;0.0;6.766666666666667;0.8888888888888887;2.8555555555555556;6.075;3.0;11.0;0.0
1.3777777777777782;0.0;7.077777777777778;0.8555555555555555;2.8111111111111113;5.225;3.0;7.0;1.4333333333333333;0.0;7.48888888888889;1.2;3.555555555555555;5.97;3.0;8.0;1.2222222222222223;0.0;6.522222222222222;0.8888888888888888;2.9;5.223333333333334;3.0;8.0;1.4333333333333336;0.0111111111111111;7.51111111111111;1.4777777777777779;3.5888888888888886;4.765;3.0;9.0;1.6420634920634918;0.0;6.9341269841269835;2.5746031746031743;4.665873015873017;5.716666666666666;3.0;9.0;1.3388888888888888;0.0;7.3690476190476195;1.084126984126984;3.1992063492063494;6.6016666666666675;3.0;10.0;1.6444444444444446;0.0;28.177777777777777;31.07777777777778;3.3666666666666667;5.3500000000000005;3.0;10.0;1.5888888888888888;0.0;27.688888888888883;0.9666666666666667;3.066666666666667;6.82;3.0;11.0;1.5;0.0;6.766666666666667;0.8888888888888887;2.8555555555555556;6.075;3.0;11.0;1.5444444444444443;0.0;7.377777777777777;0.8333333333333334;2.888888888888889;5.281666666666666;3.0;12.0;0.0
1.4333333333333333;0.0;7.48888888888889;1.2;3.555555555555555;5.97;3.0;8.0;1.2222222222222223;0.0;6.522222222222222;0.8888888888888888;2.9;5.223333333333334;3.0;8.0;1.4333333333333336;0.0111111111111111;7.51111111111111;1.4777777777777779;3.5888888888888886;4.765;3.0;9.0;1.6420634920634918;0.0;6.9341269841269835;2.5746031746031743;4.665873015873017;5.716666666666666;3.0;9.0;1.3388888888888888;0.0;7.3690476190476195;1.084126984126984;3.1992063492063494;6.6016666666666675;3.0;10.0;1.6444444444444446;0.0;28.177777777777777;31.07777777777778;3.3666666666666667;5.3500000000000005;3.0;10.0;1.5888888888888888;0.0;27.688888888888883;0.9666666666666667;3.066666666666667;6.82;3.0;11.0;1.5;0.0;6.766666666666667;0.8888888888888887;2.8555555555555556;6.075;3.0;11.0;1.5444444444444443;0.0;7.377777777777777;0.8333333333333334;2.888888888888889;5.281666666666666;3.0;12.0;1.5222222222222221;0.0;6.7444444444444445;3.255555555555555;6.51111111111111;6.073333333333333;3.0;12.0;0.0
1.2222222222222223;0.0;6.522222222222222;0.8888888888888888;2.9;5.223333333333334;3.0;8.0;1.4333333333333336;0.0111111111111111;7.51111111111111;1.4777777777777779;3.5888888888888886;4.765;3.0;9.0;1.6420634920634918;0.0;6.9341269841269835;2.5746031746031743;4.665873015873017;5.716666666666666;3.0;9.0;1.3388888888888888;0.0;7.3690476190476195;1.084126984126984;3.1992063492063494;6.6016666666666675;3.0;10.0;1.6444444444444446;0.0;28.177777777777777;31.07777777777778;3.3666666666666667;5.3500000000000005;3.0;10.0;1.5888888888888888;0.0;27.688888888888883;0.9666666666666667;3.066666666666667;6.82;3.0;11.0;1.5;0.0;6.766666666666667;0.8888888888888887;2.8555555555555556;6.075;3.0;11.0;1.5444444444444443;0.0;7.377777777777777;0.8333333333333334;2.888888888888889;5.281666666666666;3.0;12.0;1.5222222222222221;0.0;6.7444444444444445;3.255555555555555;6.51111111111111;6.073333333333333;3.0;12.0;1.488888888888889;0.0;7.699999999999999;1.7444444444444445;4.133333333333334;5.498333333333332;3.0;13.0;0.0
1.4333333333333336;0.0111111111111111;7.51111111111111;1.4777777777777779;3.5888888888888886;4.765;3.0;9.0;1.6420634920634918;0.0;6.9341269841269835;2.5746031746031743;4.665873015873017;5.716666666666666;3.0;9.0;1.3388888888888888;0.0;7.3690476190476195;1.084126984126984;3.1992063492063494;6.6016666666666675;3.0;10.0;1.6444444444444446;0.0;28.177777777777777;31.07777777777778;3.3666666666666667;5.3500000000000005;3.0;10.0;1.5888888888888888;0.0;27.688888888888883;0.9666666666666667;3.066666666666667;6.82;3.0;11.0;1.5;0.0;6.766666666666667;0.8888888888888887;2.8555555555555556;6.075;3.0;11.0;1.5444444444444443;0.0;7.377777777777777;0.8333333333333334;2.888888888888889;5.281666666666666;3.0;12.0;1.5222222222222221;0.0;6.7444444444444445;3.255555555555555;6.51111111111111;6.073333333333333;3.0;12.0;1.488888888888889;0.0;7.699999999999999;1.7444444444444445;4.133333333333334;5.498333333333332;3.0;13.0;1.5555555555555556;0.022222222222222216;6.811111111111111;1.8777777777777775;4.188888888888889;6.291666666666667;3.0;13.0;1.0
1.6420634920634918;0.0;6.9341269841269835;2.5746031746031743;4.665873015873017;5.716666666666666;3.0;9.0;1.3388888888888888;0.0;7.3690476190476195;1.084126984126984;3.1992063492063494;6.6016666666666675;3.0;10.0;1.6444444444444446;0.0;28.177777777777777;31.07777777777778;3.3666666666666667;5.3500000000000005;3.0;10.0;1.5888888888888888;0.0;27.688888888888883;0.9666666666666667;3.066666666666667;6.82;3.0;11.0;1.5;0.0;6.766666666666667;0.8888888888888887;2.8555555555555556;6.075;3.0;11.0;1.5444444444444443;0.0;7.377777777777777;0.8333333333333334;2.888888888888889;5.281666666666666;3.0;12.0;1.5222222222222221;0.0;6.7444444444444445;3.255555555555555;6.51111111111111;6.073333333333333;3.0;12.0;1.488888888888889;0.0;7.699999999999999;1.7444444444444445;4.133333333333334;5.498333333333332;3.0;13.0;1.5555555555555556;0.022222222222222216;6.811111111111111;1.8777777777777775;4.188888888888889;6.291666666666667;3.0;13.0;14.444444444444443;0.0;27.955555555555552;1732.6888888888886;1784.9777777777779;6.971666666666667;3.0;14.0;1.0
1.3388888888888888;0.0;7.3690476190476195;1.084126984126984;3.1992063492063494;6.6016666666666675;3.0;10.0;1.6444444444444446;0.0;28.177777777777777;31.07777777777778;3.3666666666666667;5.3500000000000005;3.0;10.0;1.5888888888888888;0.0;27.688888888888883;0.9666666666666667;3.066666666666667;6.82;3.0;11.0;1.5;0.0;6.766666666666667;0.8888888888888887;2.8555555555555556;6.075;3.0;11.0;1.5444444444444443;0.0;7.377777777777777;0.8333333333333334;2.888888888888889;5.281666666666666;3.0;12.0;1.5222222222222221;0.0;6.7444444444444445;3.255555555555555;6.51111111111111;6.073333333333333;3.0;12.0;1.488888888888889;0.0;7.699999999999999;1.7444444444444445;4.133333333333334;5.498333333333332;3.0;13.0;1.5555555555555556;0.022222222222222216;6.811111111111111;1.8777777777777775;4.188888888888889;6.291666666666667;3.0;13.0;14.444444444444443;0.0;27.955555555555552;1732.6888888888886;1784.9777777777779;6.971666666666667;3.0;14.0;14.833333333333334;0.31111111111111117;25.92222222222222;1628.8555555555552;1676.7333333333333;10.174999999999999;3.0;14.0;1.0
1.6444444444444446;0.0;28.177777777777777;31.07777777777778;3.3666666666666667;5.3500000000000005;3.0;10.0;1.5888888888888888;0.0;27.688888888888883;0.9666666666666667;3.066666666666667;6.82;3.0;11.0;1.5;0.0;6.766666666666667;0.8888888888888887;2.8555555555555556;6.075;3.0;11.0;1.5444444444444443;0.0;7.377777777777777;0.8333333333333334;2.888888888888889;5.281666666666666;3.0;12.0;1.5222222222222221;0.0;6.7444444444444445;3.255555555555555;6.51111111111111;6.073333333333333;3.0;12.0;1.488888888888889;0.0;7.699999999999999;1.7444444444444445;4.133333333333334;5.498333333333332;3.0;13.0;1.5555555555555556;0.022222222222222216;6.811111111111111;1.8777777777777775;4.188888888888889;6.291666666666667;3.0;13.0;14.444444444444443;0.0;27.955555555555552;1732.6888888888886;1784.9777777777779;6.971666666666667;3.0;14.0;14.833333333333334;0.31111111111111117;25.92222222222222;1628.8555555555552;1676.7333333333333;10.174999999999999;3.0;14.0;17.044444444444448;0.07777777777777778;28.63333333333333;1790.1444444444444;1844.3555555555556;11.756666666666666;3.0;15.0;0.0
1.5888888888888888;0.0;27.688888888888883;0.9666666666666667;3.066666666666667;6.82;3.0;11.0;1.5;0.0;6.766666666666667;0.8888888888888887;2.8555555555555556;6.075;3.0;11.0;1.5444444444444443;0.0;7.377777777777777;0.8333333333333334;2.888888888888889;5.281666666666666;3.0;12.0;1.5222222222222221;0.0;6.7444444444444445;3.255555555555555;6.51111111111111;6.073333333333333;3.0;12.0;1.488888888888889;0.0;7.699999999999999;1.7444444444444445;4.133333333333334;5.498333333333332;3.0;13.0;1.5555555555555556;0.022222222222222216;6.811111111111111;1.8777777777777775;4.188888888888889;6.291666666666667;3.0;13.0;14.444444444444443;0.0;27.955555555555552;1732.6888888888886;1784.9777777777779;6.971666666666667;3.0;14.0;14.833333333333334;0.31111111111111117;25.92222222222222;1628.8555555555552;1676.7333333333333;10.174999999999999;3.0;14.0;17.044444444444448;0.07777777777777778;28.63333333333333;1790.1444444444444;1844.3555555555556;11.756666666666666;3.0;15.0;3.1999999999999997;0.0111111111111111;9.355555555555558;149.75555555555556;158.7222222222222;7.474999999999999;3.0;15.0;0.0
1.5;0.0;6.766666666666667;0.8888888888888887;2.8555555555555556;6.075;3.0;11.0;1.5444444444444443;0.0;7.377777777777777;0.8333333333333334;2.888888888888889;5.281666666666666;3.0;12.0;1.5222222222222221;0.0;6.7444444444444445;3.255555555555555;6.51111111111111;6.073333333333333;3.0;12.0;1.488888888888889;0.0;7.699999999999999;1.7444444444444445;4.133333333333334;5.498333333333332;3.0;13.0;1.5555555555555556;0.022222222222222216;6.811111111111111;1.8777777777777775;4.188888888888889;6.291666666666667;3.0;13.0;14.444444444444443;0.0;27.955555555555552;1732.6888888888886;1784.9777777777779;6.971666666666667;3.0;14.0;14.833333333333334;0.31111111111111117;25.92222222222222;1628.8555555555552;1676.7333333333333;10.174999999999999;3.0;14.0;17.044444444444448;0.07777777777777778;28.63333333333333;1790.1444444444444;1844.3555555555556;11.756666666666666;3.0;15.0;3.1999999999999997;0.0111111111111111;9.355555555555558;149.75555555555556;158.7222222222222;7.474999999999999;3.0;15.0;1.1555555555555557;0.022222222222222216;7.655555555555555;0.8444444444444444;3.122222222222222;4.2700000000000005;3.0;16.0;0.0
1.5444444444444443;0.0;7.377777777777777;0.8333333333333334;2.888888888888889;5.281666666666666;3.0;12.0;1.5222222222222221;0.0;6.7444444444444445;3.255555555555555;6.51111111111111;6.073333333333333;3.0;12.0;1.488888888888889;0.0;7.699999999999999;1.7444444444444445;4.133333333333334;5.498333333333332;3.0;13.0;1.5555555555555556;0.022222222222222216;6.811111111111111;1.8777777777777775;4.188888888888889;6.291666666666667;3.0;13.0;14.444444444444443;0.0;27.955555555555552;1732.6888888888886;1784.9777777777779;6.971666666666667;3.0;14.0;14.833333333333334;0.31111111111111117;25.92222222222222;1628.8555555555552;1676.7333333333333;10.174999999999999;3.0;14.0;17.044444444444448;0.07777777777777778;28.63333333333333;1790.1444444444444;1844.3555555555556;11.756666666666666;3.0;15.0;3.1999999999999997;0.0111111111111111;9.355555555555558;149.75555555555556;158.7222222222222;7.474999999999999;3.0;15.0;1.1555555555555557;0.022222222222222216;7.655555555555555;0.8444444444444444;3.122222222222222;4.2700000000000005;3.0;16.0;1.4333333333333333;0.03333333333333332;7.055555555555556;0.888888888888889;2.9555555555555557;6.0200000000000005;3.0;16.0;0.0
1.5222222222222221;0.0;6.7444444444444445;3.255555555555555;6.51111111111111;6.073333333333333;3.0;12.0;1.488888888888889;0.0;7.699999999999999;1.7444444444444445;4.133333333333334;5.498333333333332;3.0;13.0;1.5555555555555556;0.022222222222222216;6.811111111111111;1.8777777777777775;4.188888888888889;6.291666666666667;3.0;13.0;14.444444444444443;0.0;27.955555555555552;1732.6888888888886;1784.9777777777779;6.971666666666667;3.0;14.0;14.833333333333334;0.31111111111111117;25.92222222222222;1628.8555555555552;1676.7333333333333;10.174999999999999;3.0;14.0;17.044444444444448;0.07777777777777778;28.63333333333333;1790.1444444444444;1844.3555555555556;11.756666666666666;3.0;15.0;3.1999999999999997;0.0111111111111111;9.355555555555558;149.75555555555556;158.7222222222222;7.474999999999999;3.0;15.0;1.1555555555555557;0.022222222222222216;7.655555555555555;0.8444444444444444;3.122222222222222;4.2700000000000005;3.0;16.0;1.4333333333333333;0.03333333333333332;7.055555555555556;0.888888888888889;2.9555555555555557;6.0200000000000005;3.0;16.0;1.277777777777778;0.05555555555555555;7.477777777777778;0.7666666666666667;2.6444444444444444;5.591666666666668;3.0;17.0;0.0
1.488888888888889;0.0;7.699999999999999;1.7444444444444445;4.133333333333334;5.498333333333332;3.0;13.0;1.5555555555555556;0.022222222222222216;6.811111111111111;1.8777777777777775;4.188888888888889;6.291666666666667;3.0;13.0;14.444444444444443;0.0;27.955555555555552;1732.6888888888886;1784.9777777777779;6.971666666666667;3.0;14.0;14.833333333333334;0.31111111111111117;25.92222222222222;1628.8555555555552;1676.7333333333333;10.174999999999999;3.0;14.0;17.044444444444448;0.07777777777777778;28.63333333333333;1790.1444444444444;1844.3555555555556;11.756666666666666;3.0;15.0;3.1999999999999997;0.0111111111111111;9.355555555555558;149.75555555555556;158.7222222222222;7.474999999999999;3.0;15.0;1.1555555555555557;0.022222222222222216;7.655555555555555;0.8444444444444444;3.122222222222222;4.2700000000000005;3.0;16.0;1.4333333333333333;0.03333333333333332;7.055555555555556;0.888888888888889;2.9555555555555557;6.0200000000000005;3.0;16.0;1.277777777777778;0.05555555555555555;7.477777777777778;0.7666666666666667;2.6444444444444444;5.591666666666668;3.0;17.0;1.4222222222222225;0.0;6.822222222222222;0.8222222222222223;2.6888888888888887;4.741666666666666;3.0;17.0;0.0
1.5555555555555556;0.022222222222222216;6.811111111111111;1.8777777777777775;4.188888888888889;6.291666666666667;3.0;13.0;14.444444444444443;0.0;27.955555555555552;1732.6888888888886;1784.9777777777779;6.971666666666667;3.0;14.0;14.833333333333334;0.31111111111111117;25.92222222222222;1628.8555555555552;1676.7333333333333;10.174999999999999;3.0;14.0;17.044444444444448;0.07777777777777778;28.63333333333333;1790.1444444444444;1844.3555555555556;11.756666666666666;3.0;15.0;3.1999999999999997;0.0111111111111111;9.355555555555558;149.75555555555556;158.7222222222222;7.474999999999999;3.0;15.0;1.1555555555555557;0.022222222222222216;7.655555555555555;0.8444444444444444;3.122222222222222;4.2700000000000005;3.0;16.0;1.4333333333333333;0.03333333333333332;7.055555555555556;0.888888888888889;2.9555555555555557;6.0200000000000005;3.0;16.0;1.277777777777778;0.05555555555555555;7.477777777777778;0.7666666666666667;2.6444444444444444;5.591666666666668;3.0;17.0;1.4222222222222225;0.0;6.822222222222222;0.8222222222222223;2.6888888888888887;4.741666666666666;3.0;17.0;1.3666666666666665;0.0;7.133333333333333;0.8444444444444444;2.722222222222222;4.878333333333333;3.0;18.0;0.0
14.444444444444443;0.0;27.955555555555552;1732.6888888888886;1784.9777777777779;6.971666666666667;3.0;14.0;14.833333333333334;0.31111111111111117;25.92222222222222;1628.8555555555552;1676.7333333333333;10.174999999999999;3.0;14.0;17.044444444444448;0.07777777777777778;28.63333333333333;1790.1444444444444;1844.3555555555556;11.756666666666666;3.0;15.0;3.1999999999999997;0.0111111111111111;9.355555555555558;149.75555555555556;158.7222222222222;7.474999999999999;3.0;15.0;1.1555555555555557;0.022222222222222216;7.655555555555555;0.8444444444444444;3.122222222222222;4.2700000000000005;3.0;16.0;1.4333333333333333;0.03333333333333332;7.055555555555556;0.888888888888889;2.9555555555555557;6.0200000000000005;3.0;16.0;1.277777777777778;0.05555555555555555;7.477777777777778;0.7666666666666667;2.6444444444444444;5.591666666666668;3.0;17.0;1.4222222222222225;0.0;6.822222222222222;0.8222222222222223;2.6888888888888887;4.741666666666666;3.0;17.0;1.3666666666666665;0.0;7.133333333333333;0.8444444444444444;2.722222222222222;4.878333333333333;3.0;18.0;1.1888888888888889;0.0;6.788888888888889;0.7444444444444445;2.6777777777777776;4.831666666666667;3.0;18.0;0.0
14.833333333333334;0.31111111111111117;25.92222222222222;1628.8555555555552;1676.7333333333333;10.174999999999999;3.0;14.0;17.044444444444448;0.07777777777777778;28.63333333333333;1790.1444444444444;1844.3555555555556;11.756666666666666;3.0;15.0;3.1999999999999997;0.0111111111111111;9.355555555555558;149.75555555555556;158.7222222222222;7.474999999999999;3.0;15.0;1.1555555555555557;0.022222222222222216;7.655555555555555;0.8444444444444444;3.122222222222222;4.2700000000000005;3.0;16.0;1.4333333333333333;0.03333333333333332;7.055555555555556;0.888888888888889;2.9555555555555557;6.0200000000000005;3.0;16.0;1.277777777777778;0.05555555555555555;7.477777777777778;0.7666666666666667;2.6444444444444444;5.591666666666668;3.0;17.0;1.4222222222222225;0.0;6.822222222222222;0.8222222222222223;2.6888888888888887;4.741666666666666;3.0;17.0;1.3666666666666665;0.0;7.133333333333333;0.8444444444444444;2.722222222222222;4.878333333333333;3.0;18.0;1.1888888888888889;0.0;6.788888888888889;0.7444444444444445;2.6777777777777776;4.831666666666667;3.0;18.0;1.2888888888888888;0.0;7.666666666666667;0.811111111111111;2.722222222222222;5.430000000000001;3.0;19.0;0.0
17.044444444444448;0.07777777777777778;28.63333333333333;1790.1444444444444;1844.3555555555556;11.756666666666666;3.0;15.0;3.1999999999999997;0.0111111111111111;9.355555555555558;149.75555555555556;158.7222222222222;7.474999999999999;3.0;15.0;1.1555555555555557;0.022222222222222216;7.655555555555555;0.8444444444444444;3.122222222222222;4.2700000000000005;3.0;16.0;1.4333333333333333;0.03333333333333332;7.055555555555556;0.888888888888889;2.9555555555555557;6.0200000000000005;3.0;16.0;1.277777777777778;0.05555555555555555;7.477777777777778;0.7666666666666667;2.6444444444444444;5.591666666666668;3.0;17.0;1.4222222222222225;0.0;6.822222222222222;0.8222222222222223;2.6888888888888887;4.741666666666666;3.0;17.0;1.3666666666666665;0.0;7.133333333333333;0.8444444444444444;2.722222222222222;4.878333333333333;3.0;18.0;1.1888888888888889;0.0;6.788888888888889;0.7444444444444445;2.6777777777777776;4.831666666666667;3.0;18.0;1.2888888888888888;0.0;7.666666666666667;0.811111111111111;2.722222222222222;5.430000000000001;3.0;19.0;1.2333333333333334;0.0;6.699999999999999;0.7555555555555555;2.6666666666666665;5.168333333333334;3.0;19.0;0.0
3.1999999999999997;0.0111111111111111;9.355555555555558;149.75555555555556;158.7222222222222;7.474999999999999;3.0;15.0;1.1555555555555557;0.022222222222222216;7.655555555555555;0.8444444444444444;3.122222222222222;4.2700000000000005;3.0;16.0;1.4333333333333333;0.03333333333333332;7.055555555555556;0.888888888888889;2.9555555555555557;6.0200000000000005;3.0;16.0;1.277777777777778;0.05555555555555555;7.477777777777778;0.7666666666666667;2.6444444444444444;5.591666666666668;3.0;17.0;1.4222222222222225;0.0;6.822222222222222;0.8222222222222223;2.6888888888888887;4.741666666666666;3.0;17.0;1.3666666666666665;0.0;7.133333333333333;0.8444444444444444;2.722222222222222;4.878333333333333;3.0;18.0;1.1888888888888889;0.0;6.788888888888889;0.7444444444444445;2.6777777777777776;4.831666666666667;3.0;18.0;1.2888888888888888;0.0;7.666666666666667;0.811111111111111;2.722222222222222;5.430000000000001;3.0;19.0;1.2333333333333334;0.0;6.699999999999999;0.7555555555555555;2.6666666666666665;5.168333333333334;3.0;19.0;1.3444444444444443;0.0;7.466666666666666;0.7999999999999999;2.744444444444444;6.108333333333334;3.0;20.0;0.0
1.1555555555555557;0.022222222222222216;7.655555555555555;0.8444444444444444;3.122222222222222;4.2700000000000005;3.0;16.0;1.4333333333333333;0.03333333333333332;7.055555555555556;0.888888888888889;2.9555555555555557;6.0200000000000005;3.0;16.0;1.277777777777778;0.05555555555555555;7.477777777777778;0.7666666666666667;2.6444444444444444;5.591666666666668;3.0;17.0;1.4222222222222225;0.0;6.822222222222222;0.8222222222222223;2.6888888888888887;4.741666666666666;3.0;17.0;1.3666666666666665;0.0;7.133333333333333;0.8444444444444444;2.722222222222222;4.878333333333333;3.0;18.0;1.1888888888888889;0.0;6.788888888888889;0.7444444444444445;2.6777777777777776;4.831666666666667;3.0;18.0;1.2888888888888888;0.0;7.666666666666667;0.811111111111111;2.722222222222222;5.430000000000001;3.0;19.0;1.2333333333333334;0.0;6.699999999999999;0.7555555555555555;2.6666666666666665;5.168333333333334;3.0;19.0;1.3444444444444443;0.0;7.466666666666666;0.7999999999999999;2.744444444444444;6.108333333333334;3.0;20.0;1.3333333333333333;0.0;6.522222222222222;0.7999999999999999;2.711111111111111;4.293333333333333;3.0;20.0;0.0
1.4333333333333333;0.03333333333333332;7.055555555555556;0.888888888888889;2.9555555555555557;6.0200000000000005;3.0;16.0;1.277777777777778;0.05555555555555555;7.477777777777778;0.7666666666666667;2.6444444444444444;5.591666666666668;3.0;17.0;1.4222222222222225;0.0;6.822222222222222;0.8222222222222223;2.6888888888888887;4.741666666666666;3.0;17.0;1.3666666666666665;0.0;7.133333333333333;0.8444444444444444;2.722222222222222;4.878333333333333;3.0;18.0;1.1888888888888889;0.0;6.788888888888889;0.7444444444444445;2.6777777777777776;4.831666666666667;3.0;18.0;1.2888888888888888;0.0;7.666666666666667;0.811111111111111;2.722222222222222;5.430000000000001;3.0;19.0;1.2333333333333334;0.0;6.699999999999999;0.7555555555555555;2.6666666666666665;5.168333333333334;3.0;19.0;1.3444444444444443;0.0;7.466666666666666;0.7999999999999999;2.744444444444444;6.108333333333334;3.0;20.0;1.3333333333333333;0.0;6.522222222222222;0.7999999999999999;2.711111111111111;4.293333333333333;3.0;20.0;1.3111111111111111;0.0;7.577777777777777;0.8555555555555555;2.744444444444444;5.7299999999999995;3.0;21.0;0.0
1.277777777777778;0.05555555555555555;7.477777777777778;0.7666666666666667;2.6444444444444444;5.591666666666668;3.0;17.0;1.4222222222222225;0.0;6.822222222222222;0.8222222222222223;2.6888888888888887;4.741666666666666;3.0;17.0;1.3666666666666665;0.0;7.133333333333333;0.8444444444444444;2.722222222222222;4.878333333333333;3.0;18.0;1.1888888888888889;0.0;6.788888888888889;0.7444444444444445;2.6777777777777776;4.831666666666667;3.0;18.0;1.2888888888888888;0.0;7.666666666666667;0.811111111111111;2.722222222222222;5.430000000000001;3.0;19.0;1.2333333333333334;0.0;6.699999999999999;0.7555555555555555;2.6666666666666665;5.168333333333334;3.0;19.0;1.3444444444444443;0.0;7.466666666666666;0.7999999999999999;2.744444444444444;6.108333333333334;3.0;20.0;1.3333333333333333;0.0;6.522222222222222;0.7999999999999999;2.711111111111111;4.293333333333333;3.0;20.0;1.3111111111111111;0.0;7.577777777777777;0.8555555555555555;2.744444444444444;5.7299999999999995;3.0;21.0;1.2777777777777777;0.0;6.933333333333333;0.7999999999999999;2.6999999999999997;5.065;3.0;21.0;0.0
1.4222222222222225;0.0;6.822222222222222;0.8222222222222223;2.6888888888888887;4.741666666666666;3.0;17.0;1.3666666666666665;0.0;7.133333333333333;0.8444444444444444;2.722222222222222;4.878333333333333;3.0;18.0;1.1888888888888889;0.0;6.788888888888889;0.7444444444444445;2.6777777777777776;4.831666666666667;3.0;18.0;1.2888888888888888;0.0;7.666666666666667;0.811111111111111;2.722222222222222;5.430000000000001;3.0;19.0;1.2333333333333334;0.0;6.699999999999999;0.7555555555555555;2.6666666666666665;5.168333333333334;3.0;19.0;1.3444444444444443;0.0;7.466666666666666;0.7999999999999999;2.744444444444444;6.108333333333334;3.0;20.0;1.3333333333333333;0.0;6.522222222222222;0.7999999999999999;2.711111111111111;4.293333333333333;3.0;20.0;1.3111111111111111;0.0;7.577777777777777;0.8555555555555555;2.744444444444444;5.7299999999999995;3.0;21.0;1.2777777777777777;0.0;6.933333333333333;0.7999999999999999;2.6999999999999997;5.065;3.0;21.0;1.2933333333333334;0.0;7.666666666666667;0.8666666666666666;2.6666666666666665;5.154;3.0;22.0;0.0
1.3666666666666665;0.0;7.133333333333333;0.8444444444444444;2.722222222222222;4.878333333333333;3.0;18.0;1.1888888888888889;0.0;6.788888888888889;0.7444444444444445;2.6777777777777776;4.831666666666667;3.0;18.0;1.2888888888888888;0.0;7.666666666666667;0.811111111111111;2.722222222222222;5.430000000000001;3.0;19.0;1.2333333333333334;0.0;6.699999999999999;0.7555555555555555;2.6666666666666665;5.168333333333334;3.0;19.0;1.3444444444444443;0.0;7.466666666666666;0.7999999999999999;2.744444444444444;6.108333333333334;3.0;20.0;1.3333333333333333;0.0;6.522222222222222;0.7999999999999999;2.711111111111111;4.293333333333333;3.0;20.0;1.3111111111111111;0.0;7.577777777777777;0.8555555555555555;2.744444444444444;5.7299999999999995;3.0;21.0;1.2777777777777777;0.0;6.933333333333333;0.7999999999999999;2.6999999999999997;5.065;3.0;21.0;1.2933333333333334;0.0;7.666666666666667;0.8666666666666666;2.6666666666666665;5.154;3.0;22.0;1.1466666666666667;0.0;6.973333333333334;0.76;2.6799999999999997;5.596000000000001;3.0;22.0;0.0
1.1888888888888889;0.0;6.788888888888889;0.7444444444444445;2.6777777777777776;4.831666666666667;3.0;18.0;1.2888888888888888;0.0;7.666666666666667;0.811111111111111;2.722222222222222;5.430000000000001;3.0;19.0;1.2333333333333334;0.0;6.699999999999999;0.7555555555555555;2.6666666666666665;5.168333333333334;3.0;19.0;1.3444444444444443;0.0;7.466666666666666;0.7999999999999999;2.744444444444444;6.108333333333334;3.0;20.0;1.3333333333333333;0.0;6.522222222222222;0.7999999999999999;2.711111111111111;4.293333333333333;3.0;20.0;1.3111111111111111;0.0;7.577777777777777;0.8555555555555555;2.744444444444444;5.7299999999999995;3.0;21.0;1.2777777777777777;0.0;6.933333333333333;0.7999999999999999;2.6999999999999997;5.065;3.0;21.0;1.2933333333333334;0.0;7.666666666666667;0.8666666666666666;2.6666666666666665;5.154;3.0;22.0;1.1466666666666667;0.0;6.973333333333334;0.76;2.6799999999999997;5.596000000000001;3.0;22.0;1.2400000000000002;0.0;8.16;0.7466666666666667;2.706666666666666;5.526;3.0;23.0;0.0
1.2888888888888888;0.0;7.666666666666667;0.811111111111111;2.722222222222222;5.430000000000001;3.0;19.0;1.2333333333333334;0.0;6.699999999999999;0.7555555555555555;2.6666666666666665;5.168333333333334;3.0;19.0;1.3444444444444443;0.0;7.466666666666666;0.7999999999999999;2.744444444444444;6.108333333333334;3.0;20.0;1.3333333333333333;0.0;6.522222222222222;0.7999999999999999;2.711111111111111;4.293333333333333;3.0;20.0;1.3111111111111111;0.0;7.577777777777777;0.8555555555555555;2.744444444444444;5.7299999999999995;3.0;21.0;1.2777777777777777;0.0;6.933333333333333;0.7999999999999999;2.6999999999999997;5.065;3.0;21.0;1.2933333333333334;0.0;7.666666666666667;0.8666666666666666;2.6666666666666665;5.154;3.0;22.0;1.1466666666666667;0.0;6.973333333333334;0.76;2.6799999999999997;5.596000000000001;3.0;22.0;1.2400000000000002;0.0;8.16;0.7466666666666667;2.706666666666666;5.526;3.0;23.0;1.1777777777777778;0.0;6.955555555555556;0.811111111111111;2.6999999999999997;5.12;3.0;23.0;0.0
1.2333333333333334;0.0;6.699999999999999;0.7555555555555555;2.6666666666666665;5.168333333333334;3.0;19.0;1.3444444444444443;0.0;7.466666666666666;0.7999999999999999;2.744444444444444;6.108333333333334;3.0;20.0;1.3333333333333333;0.0;6.522222222222222;0.7999999999999999;2.711111111111111;4.293333333333333;3.0;20.0;1.3111111111111111;0.0;7.577777777777777;0.8555555555555555;2.744444444444444;5.7299999999999995;3.0;21.0;1.2777777777777777;0.0;6.933333333333333;0.7999999999999999;2.6999999999999997;5.065;3.0;21.0;1.2933333333333334;0.0;7.666666666666667;0.8666666666666666;2.6666666666666665;5.154;3.0;22.0;1.1466666666666667;0.0;6.973333333333334;0.76;2.6799999999999997;5.596000000000001;3.0;22.0;1.2400000000000002;0.0;8.16;0.7466666666666667;2.706666666666666;5.526;3.0;23.0;1.1777777777777778;0.0;6.955555555555556;0.811111111111111;2.6999999999999997;5.12;3.0;23.0;1.2444444444444445;0.0;7.400000000000001;0.7999999999999999;2.744444444444444;5.3616666666666655;4.0;0.0;0.0
1.3444444444444443;0.0;7.466666666666666;0.7999999999999999;2.744444444444444;6.108333333333334;3.0;20.0;1.3333333333333333;0.0;6.522222222222222;0.7999999999999999;2.711111111111111;4.293333333333333;3.0;20.0;1.3111111111111111;0.0;7.577777777777777;0.8555555555555555;2.744444444444444;5.7299999999999995;3.0;21.0;1.2777777777777777;0.0;6.933333333333333;0.7999999999999999;2.6999999999999997;5.065;3.0;21.0;1.2933333333333334;0.0;7.666666666666667;0.8666666666666666;2.6666666666666665;5.154;3.0;22.0;1.1466666666666667;0.0;6.973333333333334;0.76;2.6799999999999997;5.596000000000001;3.0;22.0;1.2400000000000002;0.0;8.16;0.7466666666666667;2.706666666666666;5.526;3.0;23.0;1.1777777777777778;0.0;6.955555555555556;0.811111111111111;2.6999999999999997;5.12;3.0;23.0;1.2444444444444445;0.0;7.400000000000001;0.7999999999999999;2.744444444444444;5.3616666666666655;4.0;0.0;1.288888888888889;0.0;6.666666666666667;0.8111111111111112;2.6777777777777776;5.523333333333333;4.0;0.0;0.0
1.3333333333333333;0.0;6.522222222222222;0.7999999999999999;2.711111111111111;4.293333333333333;3.0;20.0;1.3111111111111111;0.0;7.577777777777777;0.8555555555555555;2.744444444444444;5.7299999999999995;3.0;21.0;1.2777777777777777;0.0;6.933333333333333;0.7999999999999999;2.6999999999999997;5.065;3.0;21.0;1.2933333333333334;0.0;7.666666666666667;0.8666666666666666;2.6666666666666665;5.154;3.0;22.0;1.1466666666666667;0.0;6.973333333333334;0.76;2.6799999999999997;5.596000000000001;3.0;22.0;1.2400000000000002;0.0;8.16;0.7466666666666667;2.706666666666666;5.526;3.0;23.0;1.1777777777777778;0.0;6.955555555555556;0.811111111111111;2.6999999999999997;5.12;3.0;23.0;1.2444444444444445;0.0;7.400000000000001;0.7999999999999999;2.744444444444444;5.3616666666666655;4.0;0.0;1.288888888888889;0.0;6.666666666666667;0.8111111111111112;2.6777777777777776;5.523333333333333;4.0;0.0;1.2333333333333334;0.0;7.577777777777778;0.8222222222222221;2.7888888888888883;5.995;4.0;1.0;0.0
1.3111111111111111;0.0;7.577777777777777;0.8555555555555555;2.744444444444444;5.7299999999999995;3.0;21.0;1.2777777777777777;0.0;6.933333333333333;0.7999999999999999;2.6999999999999997;5.065;3.0;21.0;1.2933333333333334;0.0;7.666666666666667;0.8666666666666666;2.6666666666666665;5.154;3.0;22.0;1.1466666666666667;0.0;6.973333333333334;0.76;2.6799999999999997;5.596000000000001;3.0;22.0;1.2400000000000002;0.0;8.16;0.7466666666666667;2.706666666666666;5.526;3.0;23.0;1.1777777777777778;0.0;6.955555555555556;0.811111111111111;2.6999999999999997;5.12;3.0;23.0;1.2444444444444445;0.0;7.400000000000001;0.7999999999999999;2.744444444444444;5.3616666666666655;4.0;0.0;1.288888888888889;0.0;6.666666666666667;0.8111111111111112;2.6777777777777776;5.523333333333333;4.0;0.0;1.2333333333333334;0.0;7.577777777777778;0.8222222222222221;2.7888888888888883;5.995;4.0;1.0;1.2111111111111112;0.0;6.685714285714286;0.8555555555555555;2.8444444444444446;5.683333333333333;4.0;1.0;0.0
1.2777777777777777;0.0;6.933333333333333;0.7999999999999999;2.6999999999999997;5.065;3.0;21.0;1.2933333333333334;0.0;7.666666666666667;0.8666666666666666;2.6666666666666665;5.154;3.0;22.0;1.1466666666666667;0.0;6.973333333333334;0.76;2.6799999999999997;5.596000000000001;3.0;22.0;1.2400000000000002;0.0;8.16;0.7466666666666667;2.706666666666666;5.526;3.0;23.0;1.1777777777777778;0.0;6.955555555555556;0.811111111111111;2.6999999999999997;5.12;3.0;23.0;1.2444444444444445;0.0;7.400000000000001;0.7999999999999999;2.744444444444444;5.3616666666666655;4.0;0.0;1.288888888888889;0.0;6.666666666666667;0.8111111111111112;2.6777777777777776;5.523333333333333;4.0;0.0;1.2333333333333334;0.0;7.577777777777778;0.8222222222222221;2.7888888888888883;5.995;4.0;1.0;1.2111111111111112;0.0;6.685714285714286;0.8555555555555555;2.8444444444444446;5.683333333333333;4.0;1.0;1.1888888888888889;0.0;7.633333333333333;0.8777777777777779;2.777777777777778;5.316666666666666;4.0;2.0;0.0
1.2933333333333334;0.0;7.666666666666667;0.8666666666666666;2.6666666666666665;5.154;3.0;22.0;1.1466666666666667;0.0;6.973333333333334;0.76;2.6799999999999997;5.596000000000001;3.0;22.0;1.2400000000000002;0.0;8.16;0.7466666666666667;2.706666666666666;5.526;3.0;23.0;1.1777777777777778;0.0;6.955555555555556;0.811111111111111;2.6999999999999997;5.12;3.0;23.0;1.2444444444444445;0.0;7.400000000000001;0.7999999999999999;2.744444444444444;5.3616666666666655;4.0;0.0;1.288888888888889;0.0;6.666666666666667;0.8111111111111112;2.6777777777777776;5.523333333333333;4.0;0.0;1.2333333333333334;0.0;7.577777777777778;0.8222222222222221;2.7888888888888883;5.995;4.0;1.0;1.2111111111111112;0.0;6.685714285714286;0.8555555555555555;2.8444444444444446;5.683333333333333;4.0;1.0;1.1888888888888889;0.0;7.633333333333333;0.8777777777777779;2.777777777777778;5.316666666666666;4.0;2.0;1.4777777777777779;0.14444444444444446;27.700000000000003;5.2555555555555555;2.8666666666666667;6.866666666666667;4.0;2.0;0.0
1.1466666666666667;0.0;6.973333333333334;0.76;2.6799999999999997;5.596000000000001;3.0;22.0;1.2400000000000002;0.0;8.16;0.7466666666666667;2.706666666666666;5.526;3.0;23.0;1.1777777777777778;0.0;6.955555555555556;0.811111111111111;2.6999999999999997;5.12;3.0;23.0;1.2444444444444445;0.0;7.400000000000001;0.7999999999999999;2.744444444444444;5.3616666666666655;4.0;0.0;1.288888888888889;0.0;6.666666666666667;0.8111111111111112;2.6777777777777776;5.523333333333333;4.0;0.0;1.2333333333333334;0.0;7.577777777777778;0.8222222222222221;2.7888888888888883;5.995;4.0;1.0;1.2111111111111112;0.0;6.685714285714286;0.8555555555555555;2.8444444444444446;5.683333333333333;4.0;1.0;1.1888888888888889;0.0;7.633333333333333;0.8777777777777779;2.777777777777778;5.316666666666666;4.0;2.0;1.4777777777777779;0.14444444444444446;27.700000000000003;5.2555555555555555;2.8666666666666667;6.866666666666667;4.0;2.0;1.2666666666666668;0.0;7.544444444444443;0.9333333333333332;2.766666666666667;4.8116666666666665;4.0;3.0;0.0
1.2400000000000002;0.0;8.16;0.7466666666666667;2.706666666666666;5.526;3.0;23.0;1.1777777777777778;0.0;6.955555555555556;0.811111111111111;2.6999999999999997;5.12;3.0;23.0;1.2444444444444445;0.0;7.400000000000001;0.7999999999999999;2.744444444444444;5.3616666666666655;4.0;0.0;1.288888888888889;0.0;6.666666666666667;0.8111111111111112;2.6777777777777776;5.523333333333333;4.0;0.0;1.2333333333333334;0.0;7.577777777777778;0.8222222222222221;2.7888888888888883;5.995;4.0;1.0;1.2111111111111112;0.0;6.685714285714286;0.8555555555555555;2.8444444444444446;5.683333333333333;4.0;1.0;1.1888888888888889;0.0;7.633333333333333;0.8777777777777779;2.777777777777778;5.316666666666666;4.0;2.0;1.4777777777777779;0.14444444444444446;27.700000000000003;5.2555555555555555;2.8666666666666667;6.866666666666667;4.0;2.0;1.2666666666666668;0.0;7.544444444444443;0.9333333333333332;2.766666666666667;4.8116666666666665;4.0;3.0;1.2333333333333334;0.0;6.722222222222222;0.888888888888889;2.766666666666666;5.673333333333335;4.0;3.0;0.0
1.1777777777777778;0.0;6.955555555555556;0.811111111111111;2.6999999999999997;5.12;3.0;23.0;1.2444444444444445;0.0;7.400000000000001;0.7999999999999999;2.744444444444444;5.3616666666666655;4.0;0.0;1.288888888888889;0.0;6.666666666666667;0.8111111111111112;2.6777777777777776;5.523333333333333;4.0;0.0;1.2333333333333334;0.0;7.577777777777778;0.8222222222222221;2.7888888888888883;5.995;4.0;1.0;1.2111111111111112;0.0;6.685714285714286;0.8555555555555555;2.8444444444444446;5.683333333333333;4.0;1.0;1.1888888888888889;0.0;7.633333333333333;0.8777777777777779;2.777777777777778;5.316666666666666;4.0;2.0;1.4777777777777779;0.14444444444444446;27.700000000000003;5.2555555555555555;2.8666666666666667;6.866666666666667;4.0;2.0;1.2666666666666668;0.0;7.544444444444443;0.9333333333333332;2.766666666666667;4.8116666666666665;4.0;3.0;1.2333333333333334;0.0;6.722222222222222;0.888888888888889;2.766666666666666;5.673333333333335;4.0;3.0;1.2555555555555555;0.0;7.122222222222223;0.9111111111111111;2.8000000000000003;5.348333333333334;4.0;4.0;0.0
1.2444444444444445;0.0;7.400000000000001;0.7999999999999999;2.744444444444444;5.3616666666666655;4.0;0.0;1.288888888888889;0.0;6.666666666666667;0.8111111111111112;2.6777777777777776;5.523333333333333;4.0;0.0;1.2333333333333334;0.0;7.577777777777778;0.8222222222222221;2.7888888888888883;5.995;4.0;1.0;1.2111111111111112;0.0;6.685714285714286;0.8555555555555555;2.8444444444444446;5.683333333333333;4.0;1.0;1.1888888888888889;0.0;7.633333333333333;0.8777777777777779;2.777777777777778;5.316666666666666;4.0;2.0;1.4777777777777779;0.14444444444444446;27.700000000000003;5.2555555555555555;2.8666666666666667;6.866666666666667;4.0;2.0;1.2666666666666668;0.0;7.544444444444443;0.9333333333333332;2.766666666666667;4.8116666666666665;4.0;3.0;1.2333333333333334;0.0;6.722222222222222;0.888888888888889;2.766666666666666;5.673333333333335;4.0;3.0;1.2555555555555555;0.0;7.122222222222223;0.9111111111111111;2.8000000000000003;5.348333333333334;4.0;4.0;1.2444444444444445;0.0;6.544444444444444;0.8777777777777778;2.777777777777778;5.881666666666667;4.0;4.0;0.0
1.288888888888889;0.0;6.666666666666667;0.8111111111111112;2.6777777777777776;5.523333333333333;4.0;0.0;1.2333333333333334;0.0;7.577777777777778;0.8222222222222221;2.7888888888888883;5.995;4.0;1.0;1.2111111111111112;0.0;6.685714285714286;0.8555555555555555;2.8444444444444446;5.683333333333333;4.0;1.0;1.1888888888888889;0.0;7.633333333333333;0.8777777777777779;2.777777777777778;5.316666666666666;4.0;2.0;1.4777777777777779;0.14444444444444446;27.700000000000003;5.2555555555555555;2.8666666666666667;6.866666666666667;4.0;2.0;1.2666666666666668;0.0;7.544444444444443;0.9333333333333332;2.766666666666667;4.8116666666666665;4.0;3.0;1.2333333333333334;0.0;6.722222222222222;0.888888888888889;2.766666666666666;5.673333333333335;4.0;3.0;1.2555555555555555;0.0;7.122222222222223;0.9111111111111111;2.8000000000000003;5.348333333333334;4.0;4.0;1.2444444444444445;0.0;6.544444444444444;0.8777777777777778;2.777777777777778;5.881666666666667;4.0;4.0;1.288888888888889;0.0;7.722222222222221;0.8555555555555555;2.8111111111111104;6.706666666666667;4.0;5.0;0.0
1.2333333333333334;0.0;7.577777777777778;0.8222222222222221;2.7888888888888883;5.995;4.0;1.0;1.2111111111111112;0.0;6.685714285714286;0.8555555555555555;2.8444444444444446;5.683333333333333;4.0;1.0;1.1888888888888889;0.0;7.633333333333333;0.8777777777777779;2.777777777777778;5.316666666666666;4.0;2.0;1.4777777777777779;0.14444444444444446;27.700000000000003;5.2555555555555555;2.8666666666666667;6.866666666666667;4.0;2.0;1.2666666666666668;0.0;7.544444444444443;0.9333333333333332;2.766666666666667;4.8116666666666665;4.0;3.0;1.2333333333333334;0.0;6.722222222222222;0.888888888888889;2.766666666666666;5.673333333333335;4.0;3.0;1.2555555555555555;0.0;7.122222222222223;0.9111111111111111;2.8000000000000003;5.348333333333334;4.0;4.0;1.2444444444444445;0.0;6.544444444444444;0.8777777777777778;2.777777777777778;5.881666666666667;4.0;4.0;1.288888888888889;0.0;7.722222222222221;0.8555555555555555;2.8111111111111104;6.706666666666667;4.0;5.0;1.2666666666666668;0.0;6.722222222222222;0.8333333333333334;2.733333333333333;5.361666666666667;4.0;5.0;0.0
1.2111111111111112;0.0;6.685714285714286;0.8555555555555555;2.8444444444444446;5.683333333333333;4.0;1.0;1.1888888888888889;0.0;7.633333333333333;0.8777777777777779;2.777777777777778;5.316666666666666;4.0;2.0;1.4777777777777779;0.14444444444444446;27.700000000000003;5.2555555555555555;2.8666666666666667;6.866666666666667;4.0;2.0;1.2666666666666668;0.0;7.544444444444443;0.9333333333333332;2.766666666666667;4.8116666666666665;4.0;3.0;1.2333333333333334;0.0;6.722222222222222;0.888888888888889;2.766666666666666;5.673333333333335;4.0;3.0;1.2555555555555555;0.0;7.122222222222223;0.9111111111111111;2.8000000000000003;5.348333333333334;4.0;4.0;1.2444444444444445;0.0;6.544444444444444;0.8777777777777778;2.777777777777778;5.881666666666667;4.0;4.0;1.288888888888889;0.0;7.722222222222221;0.8555555555555555;2.8111111111111104;6.706666666666667;4.0;5.0;1.2666666666666668;0.0;6.722222222222222;0.8333333333333334;2.733333333333333;5.361666666666667;4.0;5.0;1.2555555555555555;0.0;7.3;0.9;2.788888888888889;5.295;4.0;6.0;0.0
1.1888888888888889;0.0;7.633333333333333;0.8777777777777779;2.777777777777778;5.316666666666666;4.0;2.0;1.4777777777777779;0.14444444444444446;27.700000000000003;5.2555555555555555;2.8666666666666667;6.866666666666667;4.0;2.0;1.2666666666666668;0.0;7.544444444444443;0.9333333333333332;2.766666666666667;4.8116666666666665;4.0;3.0;1.2333333333333334;0.0;6.722222222222222;0.888888888888889;2.766666666666666;5.673333333333335;4.0;3.0;1.2555555555555555;0.0;7.122222222222223;0.9111111111111111;2.8000000000000003;5.348333333333334;4.0;4.0;1.2444444444444445;0.0;6.544444444444444;0.8777777777777778;2.777777777777778;5.881666666666667;4.0;4.0;1.288888888888889;0.0;7.722222222222221;0.8555555555555555;2.8111111111111104;6.706666666666667;4.0;5.0;1.2666666666666668;0.0;6.722222222222222;0.8333333333333334;2.733333333333333;5.361666666666667;4.0;5.0;1.2555555555555555;0.0;7.3;0.9;2.788888888888889;5.295;4.0;6.0;1.2000000000000002;0.0;6.611111111111111;0.8666666666666667;2.766666666666667;6.141666666666667;4.0;6.0;0.0
1.4777777777777779;0.14444444444444446;27.700000000000003;5.2555555555555555;2.8666666666666667;6.866666666666667;4.0;2.0;1.2666666666666668;0.0;7.544444444444443;0.9333333333333332;2.766666666666667;4.8116666666666665;4.0;3.0;1.2333333333333334;0.0;6.722222222222222;0.888888888888889;2.766666666666666;5.673333333333335;4.0;3.0;1.2555555555555555;0.0;7.122222222222223;0.9111111111111111;2.8000000000000003;5.348333333333334;4.0;4.0;1.2444444444444445;0.0;6.544444444444444;0.8777777777777778;2.777777777777778;5.881666666666667;4.0;4.0;1.288888888888889;0.0;7.722222222222221;0.8555555555555555;2.8111111111111104;6.706666666666667;4.0;5.0;1.2666666666666668;0.0;6.722222222222222;0.8333333333333334;2.733333333333333;5.361666666666667;4.0;5.0;1.2555555555555555;0.0;7.3;0.9;2.788888888888889;5.295;4.0;6.0;1.2000000000000002;0.0;6.611111111111111;0.8666666666666667;2.766666666666667;6.141666666666667;4.0;6.0;1.188888888888889;0.0;7.788888888888889;0.8888888888888888;2.8000000000000003;5.88;4.0;7.0;0.0
1.2666666666666668;0.0;7.544444444444443;0.9333333333333332;2.766666666666667;4.8116666666666665;4.0;3.0;1.2333333333333334;0.0;6.722222222222222;0.888888888888889;2.766666666666666;5.673333333333335;4.0;3.0;1.2555555555555555;0.0;7.122222222222223;0.9111111111111111;2.8000000000000003;5.348333333333334;4.0;4.0;1.2444444444444445;0.0;6.544444444444444;0.8777777777777778;2.777777777777778;5.881666666666667;4.0;4.0;1.288888888888889;0.0;7.722222222222221;0.8555555555555555;2.8111111111111104;6.706666666666667;4.0;5.0;1.2666666666666668;0.0;6.722222222222222;0.8333333333333334;2.733333333333333;5.361666666666667;4.0;5.0;1.2555555555555555;0.0;7.3;0.9;2.788888888888889;5.295;4.0;6.0;1.2000000000000002;0.0;6.611111111111111;0.8666666666666667;2.766666666666667;6.141666666666667;4.0;6.0;1.188888888888889;0.0;7.788888888888889;0.8888888888888888;2.8000000000000003;5.88;4.0;7.0;1.2444444444444445;0.0;6.711111111111112;0.8555555555555555;2.8222222222222224;5.2250000000000005;4.0;7.0;0.0
1.2333333333333334;0.0;6.722222222222222;0.888888888888889;2.766666666666666;5.673333333333335;4.0;3.0;1.2555555555555555;0.0;7.122222222222223;0.9111111111111111;2.8000000000000003;5.348333333333334;4.0;4.0;1.2444444444444445;0.0;6.544444444444444;0.8777777777777778;2.777777777777778;5.881666666666667;4.0;4.0;1.288888888888889;0.0;7.722222222222221;0.8555555555555555;2.8111111111111104;6.706666666666667;4.0;5.0;1.2666666666666668;0.0;6.722222222222222;0.8333333333333334;2.733333333333333;5.361666666666667;4.0;5.0;1.2555555555555555;0.0;7.3;0.9;2.788888888888889;5.295;4.0;6.0;1.2000000000000002;0.0;6.611111111111111;0.8666666666666667;2.766666666666667;6.141666666666667;4.0;6.0;1.188888888888889;0.0;7.788888888888889;0.8888888888888888;2.8000000000000003;5.88;4.0;7.0;1.2444444444444445;0.0;6.711111111111112;0.8555555555555555;2.8222222222222224;5.2250000000000005;4.0;7.0;1.2444444444444445;0.0;7.0;0.811111111111111;2.744444444444444;4.926666666666667;4.0;8.0;0.0
1.2555555555555555;0.0;7.122222222222223;0.9111111111111111;2.8000000000000003;5.348333333333334;4.0;4.0;1.2444444444444445;0.0;6.544444444444444;0.8777777777777778;2.777777777777778;5.881666666666667;4.0;4.0;1.288888888888889;0.0;7.722222222222221;0.8555555555555555;2.8111111111111104;6.706666666666667;4.0;5.0;1.2666666666666668;0.0;6.722222222222222;0.8333333333333334;2.733333333333333;5.361666666666667;4.0;5.0;1.2555555555555555;0.0;7.3;0.9;2.788888888888889;5.295;4.0;6.0;1.2000000000000002;0.0;6.611111111111111;0.8666666666666667;2.766666666666667;6.141666666666667;4.0;6.0;1.188888888888889;0.0;7.788888888888889;0.8888888888888888;2.8000000000000003;5.88;4.0;7.0;1.2444444444444445;0.0;6.711111111111112;0.8555555555555555;2.8222222222222224;5.2250000000000005;4.0;7.0;1.2444444444444445;0.0;7.0;0.811111111111111;2.744444444444444;4.926666666666667;4.0;8.0;1.288888888888889;0.0;6.422222222222223;0.8333333333333334;2.744444444444444;5.076666666666667;4.0;8.0;0.0
1.2444444444444445;0.0;6.544444444444444;0.8777777777777778;2.777777777777778;5.881666666666667;4.0;4.0;1.288888888888889;0.0;7.722222222222221;0.8555555555555555;2.8111111111111104;6.706666666666667;4.0;5.0;1.2666666666666668;0.0;6.722222222222222;0.8333333333333334;2.733333333333333;5.361666666666667;4.0;5.0;1.2555555555555555;0.0;7.3;0.9;2.788888888888889;5.295;4.0;6.0;1.2000000000000002;0.0;6.611111111111111;0.8666666666666667;2.766666666666667;6.141666666666667;4.0;6.0;1.188888888888889;0.0;7.788888888888889;0.8888888888888888;2.8000000000000003;5.88;4.0;7.0;1.2444444444444445;0.0;6.711111111111112;0.8555555555555555;2.8222222222222224;5.2250000000000005;4.0;7.0;1.2444444444444445;0.0;7.0;0.811111111111111;2.744444444444444;4.926666666666667;4.0;8.0;1.288888888888889;0.0;6.422222222222223;0.8333333333333334;2.744444444444444;5.076666666666667;4.0;8.0;1.2333333333333336;0.0;7.377777777777779;0.8333333333333334;2.766666666666667;6.406666666666667;4.0;9.0;0.0
1.288888888888889;0.0;7.722222222222221;0.8555555555555555;2.8111111111111104;6.706666666666667;4.0;5.0;1.2666666666666668;0.0;6.722222222222222;0.8333333333333334;2.733333333333333;5.361666666666667;4.0;5.0;1.2555555555555555;0.0;7.3;0.9;2.788888888888889;5.295;4.0;6.0;1.2000000000000002;0.0;6.611111111111111;0.8666666666666667;2.766666666666667;6.141666666666667;4.0;6.0;1.188888888888889;0.0;7.788888888888889;0.8888888888888888;2.8000000000000003;5.88;4.0;7.0;1.2444444444444445;0.0;6.711111111111112;0.8555555555555555;2.8222222222222224;5.2250000000000005;4.0;7.0;1.2444444444444445;0.0;7.0;0.811111111111111;2.744444444444444;4.926666666666667;4.0;8.0;1.288888888888889;0.0;6.422222222222223;0.8333333333333334;2.744444444444444;5.076666666666667;4.0;8.0;1.2333333333333336;0.0;7.377777777777779;0.8333333333333334;2.766666666666667;6.406666666666667;4.0;9.0;1.277777777777778;0.0;6.544444444444445;1.3999999999999997;3.3444444444444446;5.086666666666667;4.0;9.0;1.0
1.2666666666666668;0.0;6.722222222222222;0.8333333333333334;2.733333333333333;5.361666666666667;4.0;5.0;1.2555555555555555;0.0;7.3;0.9;2.788888888888889;5.295;4.0;6.0;1.2000000000000002;0.0;6.611111111111111;0.8666666666666667;2.766666666666667;6.141666666666667;4.0;6.0;1.188888888888889;0.0;7.788888888888889;0.8888888888888888;2.8000000000000003;5.88;4.0;7.0;1.2444444444444445;0.0;6.711111111111112;0.8555555555555555;2.8222222222222224;5.2250000000000005;4.0;7.0;1.2444444444444445;0.0;7.0;0.811111111111111;2.744444444444444;4.926666666666667;4.0;8.0;1.288888888888889;0.0;6.422222222222223;0.8333333333333334;2.744444444444444;5.076666666666667;4.0;8.0;1.2333333333333336;0.0;7.377777777777779;0.8333333333333334;2.766666666666667;6.406666666666667;4.0;9.0;1.277777777777778;0.0;6.544444444444445;1.3999999999999997;3.3444444444444446;5.086666666666667;4.0;9.0;12.811111111111112;0.0111111111111111;28.333333333333332;1821.8222222222223;1872.2333333333333;4.995;4.0;10.0;1.0
1.2555555555555555;0.0;7.3;0.9;2.788888888888889;5.295;4.0;6.0;1.2000000000000002;0.0;6.611111111111111;0.8666666666666667;2.766666666666667;6.141666666666667;4.0;6.0;1.188888888888889;0.0;7.788888888888889;0.8888888888888888;2.8000000000000003;5.88;4.0;7.0;1.2444444444444445;0.0;6.711111111111112;0.8555555555555555;2.8222222222222224;5.2250000000000005;4.0;7.0;1.2444444444444445;0.0;7.0;0.811111111111111;2.744444444444444;4.926666666666667;4.0;8.0;1.288888888888889;0.0;6.422222222222223;0.8333333333333334;2.744444444444444;5.076666666666667;4.0;8.0;1.2333333333333336;0.0;7.377777777777779;0.8333333333333334;2.766666666666667;6.406666666666667;4.0;9.0;1.277777777777778;0.0;6.544444444444445;1.3999999999999997;3.3444444444444446;5.086666666666667;4.0;9.0;12.811111111111112;0.0111111111111111;28.333333333333332;1821.8222222222223;1872.2333333333333;4.995;4.0;10.0;14.007142857142858;0.21623931623931625;27.186324786324786;1717.2982905982901;1760.7606837606838;9.415;4.0;10.0;0.0
1.2000000000000002;0.0;6.611111111111111;0.8666666666666667;2.766666666666667;6.141666666666667;4.0;6.0;1.188888888888889;0.0;7.788888888888889;0.8888888888888888;2.8000000000000003;5.88;4.0;7.0;1.2444444444444445;0.0;6.711111111111112;0.8555555555555555;2.8222222222222224;5.2250000000000005;4.0;7.0;1.2444444444444445;0.0;7.0;0.811111111111111;2.744444444444444;4.926666666666667;4.0;8.0;1.288888888888889;0.0;6.422222222222223;0.8333333333333334;2.744444444444444;5.076666666666667;4.0;8.0;1.2333333333333336;0.0;7.377777777777779;0.8333333333333334;2.766666666666667;6.406666666666667;4.0;9.0;1.277777777777778;0.0;6.544444444444445;1.3999999999999997;3.3444444444444446;5.086666666666667;4.0;9.0;12.811111111111112;0.0111111111111111;28.333333333333332;1821.8222222222223;1872.2333333333333;4.995;4.0;10.0;14.007142857142858;0.21623931623931625;27.186324786324786;1717.2982905982901;1760.7606837606838;9.415;4.0;10.0;9.68888888888889;0.06666666666666667;19.911111111111108;1000.0666666666667;1022.2222222222223;10.118333333333334;4.0;11.0;1.0
1.188888888888889;0.0;7.788888888888889;0.8888888888888888;2.8000000000000003;5.88;4.0;7.0;1.2444444444444445;0.0;6.711111111111112;0.8555555555555555;2.8222222222222224;5.2250000000000005;4.0;7.0;1.2444444444444445;0.0;7.0;0.811111111111111;2.744444444444444;4.926666666666667;4.0;8.0;1.288888888888889;0.0;6.422222222222223;0.8333333333333334;2.744444444444444;5.076666666666667;4.0;8.0;1.2333333333333336;0.0;7.377777777777779;0.8333333333333334;2.766666666666667;6.406666666666667;4.0;9.0;1.277777777777778;0.0;6.544444444444445;1.3999999999999997;3.3444444444444446;5.086666666666667;4.0;9.0;12.811111111111112;0.0111111111111111;28.333333333333332;1821.8222222222223;1872.2333333333333;4.995;4.0;10.0;14.007142857142858;0.21623931623931625;27.186324786324786;1717.2982905982901;1760.7606837606838;9.415;4.0;10.0;9.68888888888889;0.06666666666666667;19.911111111111108;1000.0666666666667;1022.2222222222223;10.118333333333334;4.0;11.0;17.023809523809522;0.0;29.87857142857143;2009.1753968253968;2066.930952380952;7.846666666666668;4.0;11.0;1.0
1.2444444444444445;0.0;6.711111111111112;0.8555555555555555;2.8222222222222224;5.2250000000000005;4.0;7.0;1.2444444444444445;0.0;7.0;0.811111111111111;2.744444444444444;4.926666666666667;4.0;8.0;1.288888888888889;0.0;6.422222222222223;0.8333333333333334;2.744444444444444;5.076666666666667;4.0;8.0;1.2333333333333336;0.0;7.377777777777779;0.8333333333333334;2.766666666666667;6.406666666666667;4.0;9.0;1.277777777777778;0.0;6.544444444444445;1.3999999999999997;3.3444444444444446;5.086666666666667;4.0;9.0;12.811111111111112;0.0111111111111111;28.333333333333332;1821.8222222222223;1872.2333333333333;4.995;4.0;10.0;14.007142857142858;0.21623931623931625;27.186324786324786;1717.2982905982901;1760.7606837606838;9.415;4.0;10.0;9.68888888888889;0.06666666666666667;19.911111111111108;1000.0666666666667;1022.2222222222223;10.118333333333334;4.0;11.0;17.023809523809522;0.0;29.87857142857143;2009.1753968253968;2066.930952380952;7.846666666666668;4.0;11.0;11.866666666666667;0.13333333333333333;22.2;1208.4444444444446;1233.1222222222223;10.688333333333333;4.0;12.0;1.0
1.2444444444444445;0.0;7.0;0.811111111111111;2.744444444444444;4.926666666666667;4.0;8.0;1.288888888888889;0.0;6.422222222222223;0.8333333333333334;2.744444444444444;5.076666666666667;4.0;8.0;1.2333333333333336;0.0;7.377777777777779;0.8333333333333334;2.766666666666667;6.406666666666667;4.0;9.0;1.277777777777778;0.0;6.544444444444445;1.3999999999999997;3.3444444444444446;5.086666666666667;4.0;9.0;12.811111111111112;0.0111111111111111;28.333333333333332;1821.8222222222223;1872.2333333333333;4.995;4.0;10.0;14.007142857142858;0.21623931623931625;27.186324786324786;1717.2982905982901;1760.7606837606838;9.415;4.0;10.0;9.68888888888889;0.06666666666666667;19.911111111111108;1000.0666666666667;1022.2222222222223;10.118333333333334;4.0;11.0;17.023809523809522;0.0;29.87857142857143;2009.1753968253968;2066.930952380952;7.846666666666668;4.0;11.0;11.866666666666667;0.13333333333333333;22.2;1208.4444444444446;1233.1222222222223;10.688333333333333;4.0;12.0;11.166666666666666;0.15555555555555556;20.466666666666665;1088.588888888889;1121.3999999999999;9.311666666666666;4.0;12.0;3.0
1.288888888888889;0.0;6.422222222222223;0.8333333333333334;2.744444444444444;5.076666666666667;4.0;8.0;1.2333333333333336;0.0;7.377777777777779;0.8333333333333334;2.766666666666667;6.406666666666667;4.0;9.0;1.277777777777778;0.0;6.544444444444445;1.3999999999999997;3.3444444444444446;5.086666666666667;4.0;9.0;12.811111111111112;0.0111111111111111;28.333333333333332;1821.8222222222223;1872.2333333333333;4.995;4.0;10.0;14.007142857142858;0.21623931623931625;27.186324786324786;1717.2982905982901;1760.7606837606838;9.415;4.0;10.0;9.68888888888889;0.06666666666666667;19.911111111111108;1000.0666666666667;1022.2222222222223;10.118333333333334;4.0;11.0;17.023809523809522;0.0;29.87857142857143;2009.1753968253968;2066.930952380952;7.846666666666668;4.0;11.0;11.866666666666667;0.13333333333333333;22.2;1208.4444444444446;1233.1222222222223;10.688333333333333;4.0;12.0;11.166666666666666;0.15555555555555556;20.466666666666665;1088.588888888889;1121.3999999999999;9.311666666666666;4.0;12.0;30.3;29.822222222222223;59.21111111111111;99.95555555555556;109.18888888888891;11.986666666666666;4.0;13.0;9.0
1.2333333333333336;0.0;7.377777777777779;0.8333333333333334;2.766666666666667;6.406666666666667;4.0;9.0;1.277777777777778;0.0;6.544444444444445;1.3999999999999997;3.3444444444444446;5.086666666666667;4.0;9.0;12.811111111111112;0.0111111111111111;28.333333333333332;1821.8222222222223;1872.2333333333333;4.995;4.0;10.0;14.007142857142858;0.21623931623931625;27.186324786324786;1717.2982905982901;1760.7606837606838;9.415;4.0;10.0;9.68888888888889;0.06666666666666667;19.911111111111108;1000.0666666666667;1022.2222222222223;10.118333333333334;4.0;11.0;17.023809523809522;0.0;29.87857142857143;2009.1753968253968;2066.930952380952;7.846666666666668;4.0;11.0;11.866666666666667;0.13333333333333333;22.2;1208.4444444444446;1233.1222222222223;10.688333333333333;4.0;12.0;11.166666666666666;0.15555555555555556;20.466666666666665;1088.588888888889;1121.3999999999999;9.311666666666666;4.0;12.0;30.3;29.822222222222223;59.21111111111111;99.95555555555556;109.18888888888891;11.986666666666666;4.0;13.0;95.02222222222223;36.97777777777778;239.9;1589.5111111111112;1644.1888888888889;25.788333333333327;4.0;13.0;9.0
1.277777777777778;0.0;6.544444444444445;1.3999999999999997;3.3444444444444446;5.086666666666667;4.0;9.0;12.811111111111112;0.0111111111111111;28.333333333333332;1821.8222222222223;1872.2333333333333;4.995;4.0;10.0;14.007142857142858;0.21623931623931625;27.186324786324786;1717.2982905982901;1760.7606837606838;9.415;4.0;10.0;9.68888888888889;0.06666666666666667;19.911111111111108;1000.0666666666667;1022.2222222222223;10.118333333333334;4.0;11.0;17.023809523809522;0.0;29.87857142857143;2009.1753968253968;2066.930952380952;7.846666666666668;4.0;11.0;11.866666666666667;0.13333333333333333;22.2;1208.4444444444446;1233.1222222222223;10.688333333333333;4.0;12.0;11.166666666666666;0.15555555555555556;20.466666666666665;1088.588888888889;1121.3999999999999;9.311666666666666;4.0;12.0;30.3;29.822222222222223;59.21111111111111;99.95555555555556;109.18888888888891;11.986666666666666;4.0;13.0;95.02222222222223;36.97777777777778;239.9;1589.5111111111112;1644.1888888888889;25.788333333333327;4.0;13.0;95.02222222222223;35.83809523809524;291.1626984126984;1447.4166666666667;1498.9142857142858;24.366666666666664;4.0;14.0;9.0
12.811111111111112;0.0111111111111111;28.333333333333332;1821.8222222222223;1872.2333333333333;4.995;4.0;10.0;14.007142857142858;0.21623931623931625;27.186324786324786;1717.2982905982901;1760.7606837606838;9.415;4.0;10.0;9.68888888888889;0.06666666666666667;19.911111111111108;1000.0666666666667;1022.2222222222223;10.118333333333334;4.0;11.0;17.023809523809522;0.0;29.87857142857143;2009.1753968253968;2066.930952380952;7.846666666666668;4.0;11.0;11.866666666666667;0.13333333333333333;22.2;1208.4444444444446;1233.1222222222223;10.688333333333333;4.0;12.0;11.166666666666666;0.15555555555555556;20.466666666666665;1088.588888888889;1121.3999999999999;9.311666666666666;4.0;12.0;30.3;29.822222222222223;59.21111111111111;99.95555555555556;109.18888888888891;11.986666666666666;4.0;13.0;95.02222222222223;36.97777777777778;239.9;1589.5111111111112;1644.1888888888889;25.788333333333327;4.0;13.0;95.02222222222223;35.83809523809524;291.1626984126984;1447.4166666666667;1498.9142857142858;24.366666666666664;4.0;14.0;95.0;51.6015873015873;287.4968253968254;28.064285714285706;30.446031746031746;26.141666666666666;4.0;14.0;9.0
14.007142857142858;0.21623931623931625;27.186324786324786;1717.2982905982901;1760.7606837606838;9.415;4.0;10.0;9.68888888888889;0.06666666666666667;19.911111111111108;1000.0666666666667;1022.2222222222223;10.118333333333334;4.0;11.0;17.023809523809522;0.0;29.87857142857143;2009.1753968253968;2066.930952380952;7.846666666666668;4.0;11.0;11.866666666666667;0.13333333333333333;22.2;1208.4444444444446;1233.1222222222223;10.688333333333333;4.0;12.0;11.166666666666666;0.15555555555555556;20.466666666666665;1088.588888888889;1121.3999999999999;9.311666666666666;4.0;12.0;30.3;29.822222222222223;59.21111111111111;99.95555555555556;109.18888888888891;11.986666666666666;4.0;13.0;95.02222222222223;36.97777777777778;239.9;1589.5111111111112;1644.1888888888889;25.788333333333327;4.0;13.0;95.02222222222223;35.83809523809524;291.1626984126984;1447.4166666666667;1498.9142857142858;24.366666666666664;4.0;14.0;95.0;51.6015873015873;287.4968253968254;28.064285714285706;30.446031746031746;26.141666666666666;4.0;14.0;95.0;51.03333333333333;297.0777777777777;106.84444444444443;125.4888888888889;27.35166666666667;4.0;15.0;9.0
9.68888888888889;0.06666666666666667;19.911111111111108;1000.0666666666667;1022.2222222222223;10.118333333333334;4.0;11.0;17.023809523809522;0.0;29.87857142857143;2009.1753968253968;2066.930952380952;7.846666666666668;4.0;11.0;11.866666666666667;0.13333333333333333;22.2;1208.4444444444446;1233.1222222222223;10.688333333333333;4.0;12.0;11.166666666666666;0.15555555555555556;20.466666666666665;1088.588888888889;1121.3999999999999;9.311666666666666;4.0;12.0;30.3;29.822222222222223;59.21111111111111;99.95555555555556;109.18888888888891;11.986666666666666;4.0;13.0;95.02222222222223;36.97777777777778;239.9;1589.5111111111112;1644.1888888888889;25.788333333333327;4.0;13.0;95.02222222222223;35.83809523809524;291.1626984126984;1447.4166666666667;1498.9142857142858;24.366666666666664;4.0;14.0;95.0;51.6015873015873;287.4968253968254;28.064285714285706;30.446031746031746;26.141666666666666;4.0;14.0;95.0;51.03333333333333;297.0777777777777;106.84444444444443;125.4888888888889;27.35166666666667;4.0;15.0;95.0;40.87777777777778;481.5777777777778;1079.8999999999999;1122.1000000000001;27.21333333333334;4.0;15.0;9.0
17.023809523809522;0.0;29.87857142857143;2009.1753968253968;2066.930952380952;7.846666666666668;4.0;11.0;11.866666666666667;0.13333333333333333;22.2;1208.4444444444446;1233.1222222222223;10.688333333333333;4.0;12.0;11.166666666666666;0.15555555555555556;20.466666666666665;1088.588888888889;1121.3999999999999;9.311666666666666;4.0;12.0;30.3;29.822222222222223;59.21111111111111;99.95555555555556;109.18888888888891;11.986666666666666;4.0;13.0;95.02222222222223;36.97777777777778;239.9;1589.5111111111112;1644.1888888888889;25.788333333333327;4.0;13.0;95.02222222222223;35.83809523809524;291.1626984126984;1447.4166666666667;1498.9142857142858;24.366666666666664;4.0;14.0;95.0;51.6015873015873;287.4968253968254;28.064285714285706;30.446031746031746;26.141666666666666;4.0;14.0;95.0;51.03333333333333;297.0777777777777;106.84444444444443;125.4888888888889;27.35166666666667;4.0;15.0;95.0;40.87777777777778;481.5777777777778;1079.8999999999999;1122.1000000000001;27.21333333333334;4.0;15.0;95.02222222222223;27.922222222222228;749.388888888889;2096.4;2163.566666666666;26.628333333333334;4.0;16.0;9.0
11.866666666666667;0.13333333333333333;22.2;1208.4444444444446;1233.1222222222223;10.688333333333333;4.0;12.0;11.166666666666666;0.15555555555555556;20.466666666666665;1088.588888888889;1121.3999999999999;9.311666666666666;4.0;12.0;30.3;29.822222222222223;59.21111111111111;99.95555555555556;109.18888888888891;11.986666666666666;4.0;13.0;95.02222222222223;36.97777777777778;239.9;1589.5111111111112;1644.1888888888889;25.788333333333327;4.0;13.0;95.02222222222223;35.83809523809524;291.1626984126984;1447.4166666666667;1498.9142857142858;24.366666666666664;4.0;14.0;95.0;51.6015873015873;287.4968253968254;28.064285714285706;30.446031746031746;26.141666666666666;4.0;14.0;95.0;51.03333333333333;297.0777777777777;106.84444444444443;125.4888888888889;27.35166666666667;4.0;15.0;95.0;40.87777777777778;481.5777777777778;1079.8999999999999;1122.1000000000001;27.21333333333334;4.0;15.0;95.02222222222223;27.922222222222228;749.388888888889;2096.4;2163.566666666666;26.628333333333334;4.0;16.0;95.05555555555554;43.94444444444445;466.68888888888887;452.1111111111111;474.67777777777775;30.096666666666668;4.0;16.0;9.0
11.166666666666666;0.15555555555555556;20.466666666666665;1088.588888888889;1121.3999999999999;9.311666666666666;4.0;12.0;30.3;29.822222222222223;59.21111111111111;99.95555555555556;109.18888888888891;11.986666666666666;4.0;13.0;95.02222222222223;36.97777777777778;239.9;1589.5111111111112;1644.1888888888889;25.788333333333327;4.0;13.0;95.02222222222223;35.83809523809524;291.1626984126984;1447.4166666666667;1498.9142857142858;24.366666666666664;4.0;14.0;95.0;51.6015873015873;287.4968253968254;28.064285714285706;30.446031746031746;26.141666666666666;4.0;14.0;95.0;51.03333333333333;297.0777777777777;106.84444444444443;125.4888888888889;27.35166666666667;4.0;15.0;95.0;40.87777777777778;481.5777777777778;1079.8999999999999;1122.1000000000001;27.21333333333334;4.0;15.0;95.02222222222223;27.922222222222228;749.388888888889;2096.4;2163.566666666666;26.628333333333334;4.0;16.0;95.05555555555554;43.94444444444445;466.68888888888887;452.1111111111111;474.67777777777775;30.096666666666668;4.0;16.0;95.0;51.888888888888886;425.65555555555557;13.011111111111111;30.222222222222218;26.031666666666666;4.0;17.0;9.0
30.3;29.822222222222223;59.21111111111111;99.95555555555556;109.18888888888891;11.986666666666666;4.0;13.0;95.02222222222223;36.97777777777778;239.9;1589.5111111111112;1644.1888888888889;25.788333333333327;4.0;13.0;95.02222222222223;35.83809523809524;291.1626984126984;1447.4166666666667;1498.9142857142858;24.366666666666664;4.0;14.0;95.0;51.6015873015873;287.4968253968254;28.064285714285706;30.446031746031746;26.141666666666666;4.0;14.0;95.0;51.03333333333333;297.0777777777777;106.84444444444443;125.4888888888889;27.35166666666667;4.0;15.0;95.0;40.87777777777778;481.5777777777778;1079.8999999999999;1122.1000000000001;27.21333333333334;4.0;15.0;95.02222222222223;27.922222222222228;749.388888888889;2096.4;2163.566666666666;26.628333333333334;4.0;16.0;95.05555555555554;43.94444444444445;466.68888888888887;452.1111111111111;474.67777777777775;30.096666666666668;4.0;16.0;95.0;51.888888888888886;425.65555555555557;13.011111111111111;30.222222222222218;26.031666666666666;4.0;17.0;95.0111111111111;52.78888888888889;451.88888888888886;12.744444444444445;30.099999999999998;24.16;4.0;17.0;9.0
95.02222222222223;36.97777777777778;239.9;1589.5111111111112;1644.1888888888889;25.788333333333327;4.0;13.0;95.02222222222223;35.83809523809524;291.1626984126984;1447.4166666666667;1498.9142857142858;24.366666666666664;4.0;14.0;95.0;51.6015873015873;287.4968253968254;28.064285714285706;30.446031746031746;26.141666666666666;4.0;14.0;95.0;51.03333333333333;297.0777777777777;106.84444444444443;125.4888888888889;27.35166666666667;4.0;15.0;95.0;40.87777777777778;481.5777777777778;1079.8999999999999;1122.1000000000001;27.21333333333334;4.0;15.0;95.02222222222223;27.922222222222228;749.388888888889;2096.4;2163.566666666666;26.628333333333334;4.0;16.0;95.05555555555554;43.94444444444445;466.68888888888887;452.1111111111111;474.67777777777775;30.096666666666668;4.0;16.0;95.0;51.888888888888886;425.65555555555557;13.011111111111111;30.222222222222218;26.031666666666666;4.0;17.0;95.0111111111111;52.78888888888889;451.88888888888886;12.744444444444445;30.099999999999998;24.16;4.0;17.0;95.0111111111111;51.833333333333336;471.9777777777778;12.833333333333334;30.03333333333333;24.47;4.0;18.0;9.0
95.02222222222223;35.83809523809524;291.1626984126984;1447.4166666666667;1498.9142857142858;24.366666666666664;4.0;14.0;95.0;51.6015873015873;287.4968253968254;28.064285714285706;30.446031746031746;26.141666666666666;4.0;14.0;95.0;51.03333333333333;297.0777777777777;106.84444444444443;125.4888888888889;27.35166666666667;4.0;15.0;95.0;40.87777777777778;481.5777777777778;1079.8999999999999;1122.1000000000001;27.21333333333334;4.0;15.0;95.02222222222223;27.922222222222228;749.388888888889;2096.4;2163.566666666666;26.628333333333334;4.0;16.0;95.05555555555554;43.94444444444445;466.68888888888887;452.1111111111111;474.67777777777775;30.096666666666668;4.0;16.0;95.0;51.888888888888886;425.65555555555557;13.011111111111111;30.222222222222218;26.031666666666666;4.0;17.0;95.0111111111111;52.78888888888889;451.88888888888886;12.744444444444445;30.099999999999998;24.16;4.0;17.0;95.0111111111111;51.833333333333336;471.9777777777778;12.833333333333334;30.03333333333333;24.47;4.0;18.0;95.0;51.94444444444445;492.18888888888887;12.733333333333334;29.88888888888889;22.906666666666666;4.0;18.0;9.0
95.0;51.6015873015873;287.4968253968254;28.064285714285706;30.446031746031746;26.141666666666666;4.0;14.0;95.0;51.03333333333333;297.0777777777777;106.84444444444443;125.4888888888889;27.35166666666667;4.0;15.0;95.0;40.87777777777778;481.5777777777778;1079.8999999999999;1122.1000000000001;27.21333333333334;4.0;15.0;95.02222222222223;27.922222222222228;749.388888888889;2096.4;2163.566666666666;26.628333333333334;4.0;16.0;95.05555555555554;43.94444444444445;466.68888888888887;452.1111111111111;474.67777777777775;30.096666666666668;4.0;16.0;95.0;51.888888888888886;425.65555555555557;13.011111111111111;30.222222222222218;26.031666666666666;4.0;17.0;95.0111111111111;52.78888888888889;451.88888888888886;12.744444444444445;30.099999999999998;24.16;4.0;17.0;95.0111111111111;51.833333333333336;471.9777777777778;12.833333333333334;30.03333333333333;24.47;4.0;18.0;95.0;51.94444444444445;492.18888888888887;12.733333333333334;29.88888888888889;22.906666666666666;4.0;18.0;95.0;51.91111111111112;523.9777777777778;12.777777777777777;29.88888888888889;24.343333333333337;4.0;19.0;9.0
95.0;51.03333333333333;297.0777777777777;106.84444444444443;125.4888888888889;27.35166666666667;4.0;15.0;95.0;40.87777777777778;481.5777777777778;1079.8999999999999;1122.1000000000001;27.21333333333334;4.0;15.0;95.02222222222223;27.922222222222228;749.388888888889;2096.4;2163.566666666666;26.628333333333334;4.0;16.0;95.05555555555554;43.94444444444445;466.68888888888887;452.1111111111111;474.67777777777775;30.096666666666668;4.0;16.0;95.0;51.888888888888886;425.65555555555557;13.011111111111111;30.222222222222218;26.031666666666666;4.0;17.0;95.0111111111111;52.78888888888889;451.88888888888886;12.744444444444445;30.099999999999998;24.16;4.0;17.0;95.0111111111111;51.833333333333336;471.9777777777778;12.833333333333334;30.03333333333333;24.47;4.0;18.0;95.0;51.94444444444445;492.18888888888887;12.733333333333334;29.88888888888889;22.906666666666666;4.0;18.0;95.0;51.91111111111112;523.9777777777778;12.777777777777777;29.88888888888889;24.343333333333337;4.0;19.0;95.03333333333335;51.855555555555554;546.9555555555556;12.833333333333334;29.96666666666667;25.424999999999997;4.0;19.0;9.0
95.0;40.87777777777778;481.5777777777778;1079.8999999999999;1122.1000000000001;27.21333333333334;4.0;15.0;95.02222222222223;27.922222222222228;749.388888888889;2096.4;2163.566666666666;26.628333333333334;4.0;16.0;95.05555555555554;43.94444444444445;466.68888888888887;452.1111111111111;474.67777777777775;30.096666666666668;4.0;16.0;95.0;51.888888888888886;425.65555555555557;13.011111111111111;30.222222222222218;26.031666666666666;4.0;17.0;95.0111111111111;52.78888888888889;451.88888888888886;12.744444444444445;30.099999999999998;24.16;4.0;17.0;95.0111111111111;51.833333333333336;471.9777777777778;12.833333333333334;30.03333333333333;24.47;4.0;18.0;95.0;51.94444444444445;492.18888888888887;12.733333333333334;29.88888888888889;22.906666666666666;4.0;18.0;95.0;51.91111111111112;523.9777777777778;12.777777777777777;29.88888888888889;24.343333333333337;4.0;19.0;95.03333333333335;51.855555555555554;546.9555555555556;12.833333333333334;29.96666666666667;25.424999999999997;4.0;19.0;95.0111111111111;52.02222222222222;573.8666666666667;12.766666666666666;29.98888888888889;25.963333333333335;4.0;20.0;9.0
95.02222222222223;27.922222222222228;749.388888888889;2096.4;2163.566666666666;26.628333333333334;4.0;16.0;95.05555555555554;43.94444444444445;466.68888888888887;452.1111111111111;474.67777777777775;30.096666666666668;4.0;16.0;95.0;51.888888888888886;425.65555555555557;13.011111111111111;30.222222222222218;26.031666666666666;4.0;17.0;95.0111111111111;52.78888888888889;451.88888888888886;12.744444444444445;30.099999999999998;24.16;4.0;17.0;95.0111111111111;51.833333333333336;471.9777777777778;12.833333333333334;30.03333333333333;24.47;4.0;18.0;95.0;51.94444444444445;492.18888888888887;12.733333333333334;29.88888888888889;22.906666666666666;4.0;18.0;95.0;51.91111111111112;523.9777777777778;12.777777777777777;29.88888888888889;24.343333333333337;4.0;19.0;95.03333333333335;51.855555555555554;546.9555555555556;12.833333333333334;29.96666666666667;25.424999999999997;4.0;19.0;95.0111111111111;52.02222222222222;573.8666666666667;12.766666666666666;29.98888888888889;25.963333333333335;4.0;20.0;95.0;51.911111111111104;597.388888888889;12.744444444444442;29.900000000000002;25.959999999999997;4.0;20.0;9.0
95.05555555555554;43.94444444444445;466.68888888888887;452.1111111111111;474.67777777777775;30.096666666666668;4.0;16.0;95.0;51.888888888888886;425.65555555555557;13.011111111111111;30.222222222222218;26.031666666666666;4.0;17.0;95.0111111111111;52.78888888888889;451.88888888888886;12.744444444444445;30.099999999999998;24.16;4.0;17.0;95.0111111111111;51.833333333333336;471.9777777777778;12.833333333333334;30.03333333333333;24.47;4.0;18.0;95.0;51.94444444444445;492.18888888888887;12.733333333333334;29.88888888888889;22.906666666666666;4.0;18.0;95.0;51.91111111111112;523.9777777777778;12.777777777777777;29.88888888888889;24.343333333333337;4.0;19.0;95.03333333333335;51.855555555555554;546.9555555555556;12.833333333333334;29.96666666666667;25.424999999999997;4.0;19.0;95.0111111111111;52.02222222222222;573.8666666666667;12.766666666666666;29.98888888888889;25.963333333333335;4.0;20.0;95.0;51.911111111111104;597.388888888889;12.744444444444442;29.900000000000002;25.959999999999997;4.0;20.0;95.0;50.9;628.0111111111112;13.366666666666667;30.5;24.766666666666666;4.0;21.0;9.0
95.0;51.888888888888886;425.65555555555557;13.011111111111111;30.222222222222218;26.031666666666666;4.0;17.0;95.0111111111111;52.78888888888889;451.88888888888886;12.744444444444445;30.099999999999998;24.16;4.0;17.0;95.0111111111111;51.833333333333336;471.9777777777778;12.833333333333334;30.03333333333333;24.47;4.0;18.0;95.0;51.94444444444445;492.18888888888887;12.733333333333334;29.88888888888889;22.906666666666666;4.0;18.0;95.0;51.91111111111112;523.9777777777778;12.777777777777777;29.88888888888889;24.343333333333337;4.0;19.0;95.03333333333335;51.855555555555554;546.9555555555556;12.833333333333334;29.96666666666667;25.424999999999997;4.0;19.0;95.0111111111111;52.02222222222222;573.8666666666667;12.766666666666666;29.98888888888889;25.963333333333335;4.0;20.0;95.0;51.911111111111104;597.388888888889;12.744444444444442;29.900000000000002;25.959999999999997;4.0;20.0;95.0;50.9;628.0111111111112;13.366666666666667;30.5;24.766666666666666;4.0;21.0;95.02222222222223;51.77777777777778;675.1;13.166666666666666;30.355555555555554;24.63;4.0;21.0;9.0
95.0111111111111;52.78888888888889;451.88888888888886;12.744444444444445;30.099999999999998;24.16;4.0;17.0;95.0111111111111;51.833333333333336;471.9777777777778;12.833333333333334;30.03333333333333;24.47;4.0;18.0;95.0;51.94444444444445;492.18888888888887;12.733333333333334;29.88888888888889;22.906666666666666;4.0;18.0;95.0;51.91111111111112;523.9777777777778;12.777777777777777;29.88888888888889;24.343333333333337;4.0;19.0;95.03333333333335;51.855555555555554;546.9555555555556;12.833333333333334;29.96666666666667;25.424999999999997;4.0;19.0;95.0111111111111;52.02222222222222;573.8666666666667;12.766666666666666;29.98888888888889;25.963333333333335;4.0;20.0;95.0;51.911111111111104;597.388888888889;12.744444444444442;29.900000000000002;25.959999999999997;4.0;20.0;95.0;50.9;628.0111111111112;13.366666666666667;30.5;24.766666666666666;4.0;21.0;95.02222222222223;51.77777777777778;675.1;13.166666666666666;30.355555555555554;24.63;4.0;21.0;95.0111111111111;45.0;640.1;434.3777777777778;459.81111111111113;24.415000000000003;4.0;22.0;9.0
95.0111111111111;51.833333333333336;471.9777777777778;12.833333333333334;30.03333333333333;24.47;4.0;18.0;95.0;51.94444444444445;492.18888888888887;12.733333333333334;29.88888888888889;22.906666666666666;4.0;18.0;95.0;51.91111111111112;523.9777777777778;12.777777777777777;29.88888888888889;24.343333333333337;4.0;19.0;95.03333333333335;51.855555555555554;546.9555555555556;12.833333333333334;29.96666666666667;25.424999999999997;4.0;19.0;95.0111111111111;52.02222222222222;573.8666666666667;12.766666666666666;29.98888888888889;25.963333333333335;4.0;20.0;95.0;51.911111111111104;597.388888888889;12.744444444444442;29.900000000000002;25.959999999999997;4.0;20.0;95.0;50.9;628.0111111111112;13.366666666666667;30.5;24.766666666666666;4.0;21.0;95.02222222222223;51.77777777777778;675.1;13.166666666666666;30.355555555555554;24.63;4.0;21.0;95.0111111111111;45.0;640.1;434.3777777777778;459.81111111111113;24.415000000000003;4.0;22.0;95.0;50.95555555555555;719.2111111111112;23.933333333333334;41.46666666666667;24.471666666666668;4.0;22.0;7.0
95.0;51.94444444444445;492.18888888888887;12.733333333333334;29.88888888888889;22.906666666666666;4.0;18.0;95.0;51.91111111111112;523.9777777777778;12.777777777777777;29.88888888888889;24.343333333333337;4.0;19.0;95.03333333333335;51.855555555555554;546.9555555555556;12.833333333333334;29.96666666666667;25.424999999999997;4.0;19.0;95.0111111111111;52.02222222222222;573.8666666666667;12.766666666666666;29.98888888888889;25.963333333333335;4.0;20.0;95.0;51.911111111111104;597.388888888889;12.744444444444442;29.900000000000002;25.959999999999997;4.0;20.0;95.0;50.9;628.0111111111112;13.366666666666667;30.5;24.766666666666666;4.0;21.0;95.02222222222223;51.77777777777778;675.1;13.166666666666666;30.355555555555554;24.63;4.0;21.0;95.0111111111111;45.0;640.1;434.3777777777778;459.81111111111113;24.415000000000003;4.0;22.0;95.0;50.95555555555555;719.2111111111112;23.933333333333334;41.46666666666667;24.471666666666668;4.0;22.0;78.36666666666666;192.1;610.4666666666667;17.044444444444444;33.18888888888888;27.009999999999994;4.0;23.0;0.0
95.0;51.91111111111112;523.9777777777778;12.777777777777777;29.88888888888889;24.343333333333337;4.0;19.0;95.03333333333335;51.855555555555554;546.9555555555556;12.833333333333334;29.96666666666667;25.424999999999997;4.0;19.0;95.0111111111111;52.02222222222222;573.8666666666667;12.766666666666666;29.98888888888889;25.963333333333335;4.0;20.0;95.0;51.911111111111104;597.388888888889;12.744444444444442;29.900000000000002;25.959999999999997;4.0;20.0;95.0;50.9;628.0111111111112;13.366666666666667;30.5;24.766666666666666;4.0;21.0;95.02222222222223;51.77777777777778;675.1;13.166666666666666;30.355555555555554;24.63;4.0;21.0;95.0111111111111;45.0;640.1;434.3777777777778;459.81111111111113;24.415000000000003;4.0;22.0;95.0;50.95555555555555;719.2111111111112;23.933333333333334;41.46666666666667;24.471666666666668;4.0;22.0;78.36666666666666;192.1;610.4666666666667;17.044444444444444;33.18888888888888;27.009999999999994;4.0;23.0;2.0555555555555554;28.644444444444446;8.011111111111111;7.977777777777779;10.111111111111112;4.96;4.0;23.0;0.0
95.03333333333335;51.855555555555554;546.9555555555556;12.833333333333334;29.96666666666667;25.424999999999997;4.0;19.0;95.0111111111111;52.02222222222222;573.8666666666667;12.766666666666666;29.98888888888889;25.963333333333335;4.0;20.0;95.0;51.911111111111104;597.388888888889;12.744444444444442;29.900000000000002;25.959999999999997;4.0;20.0;95.0;50.9;628.0111111111112;13.366666666666667;30.5;24.766666666666666;4.0;21.0;95.02222222222223;51.77777777777778;675.1;13.166666666666666;30.355555555555554;24.63;4.0;21.0;95.0111111111111;45.0;640.1;434.3777777777778;459.81111111111113;24.415000000000003;4.0;22.0;95.0;50.95555555555555;719.2111111111112;23.933333333333334;41.46666666666667;24.471666666666668;4.0;22.0;78.36666666666666;192.1;610.4666666666667;17.044444444444444;33.18888888888888;27.009999999999994;4.0;23.0;2.0555555555555554;28.644444444444446;8.011111111111111;7.977777777777779;10.111111111111112;4.96;4.0;23.0;2.0666666666666664;3.1111111111111107;8.377777777777778;8.077777777777778;10.255555555555555;4.203333333333333;5.0;0.0;1.0
95.0111111111111;52.02222222222222;573.8666666666667;12.766666666666666;29.98888888888889;25.963333333333335;4.0;20.0;95.0;51.911111111111104;597.388888888889;12.744444444444442;29.900000000000002;25.959999999999997;4.0;20.0;95.0;50.9;628.0111111111112;13.366666666666667;30.5;24.766666666666666;4.0;21.0;95.02222222222223;51.77777777777778;675.1;13.166666666666666;30.355555555555554;24.63;4.0;21.0;95.0111111111111;45.0;640.1;434.3777777777778;459.81111111111113;24.415000000000003;4.0;22.0;95.0;50.95555555555555;719.2111111111112;23.933333333333334;41.46666666666667;24.471666666666668;4.0;22.0;78.36666666666666;192.1;610.4666666666667;17.044444444444444;33.18888888888888;27.009999999999994;4.0;23.0;2.0555555555555554;28.644444444444446;8.011111111111111;7.977777777777779;10.111111111111112;4.96;4.0;23.0;2.0666666666666664;3.1111111111111107;8.377777777777778;8.077777777777778;10.255555555555555;4.203333333333333;5.0;0.0;19.01111111111111;0.12222222222222222;28.122222222222224;1106.5666666666666;1142.2222222222222;3.4800000000000004;5.0;0.0;2.0
95.0;51.911111111111104;597.388888888889;12.744444444444442;29.900000000000002;25.959999999999997;4.0;20.0;95.0;50.9;628.0111111111112;13.366666666666667;30.5;24.766666666666666;4.0;21.0;95.02222222222223;51.77777777777778;675.1;13.166666666666666;30.355555555555554;24.63;4.0;21.0;95.0111111111111;45.0;640.1;434.3777777777778;459.81111111111113;24.415000000000003;4.0;22.0;95.0;50.95555555555555;719.2111111111112;23.933333333333334;41.46666666666667;24.471666666666668;4.0;22.0;78.36666666666666;192.1;610.4666666666667;17.044444444444444;33.18888888888888;27.009999999999994;4.0;23.0;2.0555555555555554;28.644444444444446;8.011111111111111;7.977777777777779;10.111111111111112;4.96;4.0;23.0;2.0666666666666664;3.1111111111111107;8.377777777777778;8.077777777777778;10.255555555555555;4.203333333333333;5.0;0.0;19.01111111111111;0.12222222222222222;28.122222222222224;1106.5666666666666;1142.2222222222222;3.4800000000000004;5.0;0.0;28.133333333333336;0.0;38.699999999999996;1597.6111111111113;1649.2666666666667;3.65;5.0;1.0;2.0
95.0;50.9;628.0111111111112;13.366666666666667;30.5;24.766666666666666;4.0;21.0;95.02222222222223;51.77777777777778;675.1;13.166666666666666;30.355555555555554;24.63;4.0;21.0;95.0111111111111;45.0;640.1;434.3777777777778;459.81111111111113;24.415000000000003;4.0;22.0;95.0;50.95555555555555;719.2111111111112;23.933333333333334;41.46666666666667;24.471666666666668;4.0;22.0;78.36666666666666;192.1;610.4666666666667;17.044444444444444;33.18888888888888;27.009999999999994;4.0;23.0;2.0555555555555554;28.644444444444446;8.011111111111111;7.977777777777779;10.111111111111112;4.96;4.0;23.0;2.0666666666666664;3.1111111111111107;8.377777777777778;8.077777777777778;10.255555555555555;4.203333333333333;5.0;0.0;19.01111111111111;0.12222222222222222;28.122222222222224;1106.5666666666666;1142.2222222222222;3.4800000000000004;5.0;0.0;28.133333333333336;0.0;38.699999999999996;1597.6111111111113;1649.2666666666667;3.65;5.0;1.0;26.599999999999998;0.0;35.65555555555556;1473.4888888888888;1522.0888888888887;4.763333333333333;5.0;1.0;2.0
95.02222222222223;51.77777777777778;675.1;13.166666666666666;30.355555555555554;24.63;4.0;21.0;95.0111111111111;45.0;640.1;434.3777777777778;459.81111111111113;24.415000000000003;4.0;22.0;95.0;50.95555555555555;719.2111111111112;23.933333333333334;41.46666666666667;24.471666666666668;4.0;22.0;78.36666666666666;192.1;610.4666666666667;17.044444444444444;33.18888888888888;27.009999999999994;4.0;23.0;2.0555555555555554;28.644444444444446;8.011111111111111;7.977777777777779;10.111111111111112;4.96;4.0;23.0;2.0666666666666664;3.1111111111111107;8.377777777777778;8.077777777777778;10.255555555555555;4.203333333333333;5.0;0.0;19.01111111111111;0.12222222222222222;28.122222222222224;1106.5666666666666;1142.2222222222222;3.4800000000000004;5.0;0.0;28.133333333333336;0.0;38.699999999999996;1597.6111111111113;1649.2666666666667;3.65;5.0;1.0;26.599999999999998;0.0;35.65555555555556;1473.4888888888888;1522.0888888888887;4.763333333333333;5.0;1.0;27.38888888888889;62.86666666666667;95.73333333333333;1526.0;1569.7333333333333;4.796666666666667;5.0;2.0;1.0
95.0111111111111;45.0;640.1;434.3777777777778;459.81111111111113;24.415000000000003;4.0;22.0;95.0;50.95555555555555;719.2111111111112;23.933333333333334;41.46666666666667;24.471666666666668;4.0;22.0;78.36666666666666;192.1;610.4666666666667;17.044444444444444;33.18888888888888;27.009999999999994;4.0;23.0;2.0555555555555554;28.644444444444446;8.011111111111111;7.977777777777779;10.111111111111112;4.96;4.0;23.0;2.0666666666666664;3.1111111111111107;8.377777777777778;8.077777777777778;10.255555555555555;4.203333333333333;5.0;0.0;19.01111111111111;0.12222222222222222;28.122222222222224;1106.5666666666666;1142.2222222222222;3.4800000000000004;5.0;0.0;28.133333333333336;0.0;38.699999999999996;1597.6111111111113;1649.2666666666667;3.65;5.0;1.0;26.599999999999998;0.0;35.65555555555556;1473.4888888888888;1522.0888888888887;4.763333333333333;5.0;1.0;27.38888888888889;62.86666666666667;95.73333333333333;1526.0;1569.7333333333333;4.796666666666667;5.0;2.0;19.58888888888889;0.0;529.5888888888888;1513.7555555555555;1524.6333333333334;4.511666666666667;5.0;2.0;2.0
95.0;50.95555555555555;719.2111111111112;23.933333333333334;41.46666666666667;24.471666666666668;4.0;22.0;78.36666666666666;192.1;610.4666666666667;17.044444444444444;33.18888888888888;27.009999999999994;4.0;23.0;2.0555555555555554;28.644444444444446;8.011111111111111;7.977777777777779;10.111111111111112;4.96;4.0;23.0;2.0666666666666664;3.1111111111111107;8.377777777777778;8.077777777777778;10.255555555555555;4.203333333333333;5.0;0.0;19.01111111111111;0.12222222222222222;28.122222222222224;1106.5666666666666;1142.2222222222222;3.4800000000000004;5.0;0.0;28.133333333333336;0.0;38.699999999999996;1597.6111111111113;1649.2666666666667;3.65;5.0;1.0;26.599999999999998;0.0;35.65555555555556;1473.4888888888888;1522.0888888888887;4.763333333333333;5.0;1.0;27.38888888888889;62.86666666666667;95.73333333333333;1526.0;1569.7333333333333;4.796666666666667;5.0;2.0;19.58888888888889;0.0;529.5888888888888;1513.7555555555555;1524.6333333333334;4.511666666666667;5.0;2.0;26.799999999999997;0.0;6.388888888888888;1507.2222222222224;1526.8000000000002;3.891666666666666;5.0;3.0;2.0
78.36666666666666;192.1;610.4666666666667;17.044444444444444;33.18888888888888;27.009999999999994;4.0;23.0;2.0555555555555554;28.644444444444446;8.011111111111111;7.977777777777779;10.111111111111112;4.96;4.0;23.0;2.0666666666666664;3.1111111111111107;8.377777777777778;8.077777777777778;10.255555555555555;4.203333333333333;5.0;0.0;19.01111111111111;0.12222222222222222;28.122222222222224;1106.5666666666666;1142.2222222222222;3.4800000000000004;5.0;0.0;28.133333333333336;0.0;38.699999999999996;1597.6111111111113;1649.2666666666667;3.65;5.0;1.0;26.599999999999998;0.0;35.65555555555556;1473.4888888888888;1522.0888888888887;4.763333333333333;5.0;1.0;27.38888888888889;62.86666666666667;95.73333333333333;1526.0;1569.7333333333333;4.796666666666667;5.0;2.0;19.58888888888889;0.0;529.5888888888888;1513.7555555555555;1524.6333333333334;4.511666666666667;5.0;2.0;26.799999999999997;0.0;6.388888888888888;1507.2222222222224;1526.8000000000002;3.891666666666666;5.0;3.0;26.87777777777778;0.0;5.6000000000000005;1516.8666666666668;1536.488888888889;4.603333333333334;5.0;3.0;2.0
2.0555555555555554;28.644444444444446;8.011111111111111;7.977777777777779;10.111111111111112;4.96;4.0;23.0;2.0666666666666664;3.1111111111111107;8.377777777777778;8.077777777777778;10.255555555555555;4.203333333333333;5.0;0.0;19.01111111111111;0.12222222222222222;28.122222222222224;1106.5666666666666;1142.2222222222222;3.4800000000000004;5.0;0.0;28.133333333333336;0.0;38.699999999999996;1597.6111111111113;1649.2666666666667;3.65;5.0;1.0;26.599999999999998;0.0;35.65555555555556;1473.4888888888888;1522.0888888888887;4.763333333333333;5.0;1.0;27.38888888888889;62.86666666666667;95.73333333333333;1526.0;1569.7333333333333;4.796666666666667;5.0;2.0;19.58888888888889;0.0;529.5888888888888;1513.7555555555555;1524.6333333333334;4.511666666666667;5.0;2.0;26.799999999999997;0.0;6.388888888888888;1507.2222222222224;1526.8000000000002;3.891666666666666;5.0;3.0;26.87777777777778;0.0;5.6000000000000005;1516.8666666666668;1536.488888888889;4.603333333333334;5.0;3.0;26.96666666666667;0.0;6.511111111111112;1518.1333333333332;1537.5444444444447;4.845;5.0;4.0;0.0
2.0666666666666664;3.1111111111111107;8.377777777777778;8.077777777777778;10.255555555555555;4.203333333333333;5.0;0.0;19.01111111111111;0.12222222222222222;28.122222222222224;1106.5666666666666;1142.2222222222222;3.4800000000000004;5.0;0.0;28.133333333333336;0.0;38.699999999999996;1597.6111111111113;1649.2666666666667;3.65;5.0;1.0;26.599999999999998;0.0;35.65555555555556;1473.4888888888888;1522.0888888888887;4.763333333333333;5.0;1.0;27.38888888888889;62.86666666666667;95.73333333333333;1526.0;1569.7333333333333;4.796666666666667;5.0;2.0;19.58888888888889;0.0;529.5888888888888;1513.7555555555555;1524.6333333333334;4.511666666666667;5.0;2.0;26.799999999999997;0.0;6.388888888888888;1507.2222222222224;1526.8000000000002;3.891666666666666;5.0;3.0;26.87777777777778;0.0;5.6000000000000005;1516.8666666666668;1536.488888888889;4.603333333333334;5.0;3.0;26.96666666666667;0.0;6.511111111111112;1518.1333333333332;1537.5444444444447;4.845;5.0;4.0;8.133333333333335;0.04444444444444443;5.455555555555556;392.62222222222226;401.0777777777777;3.191666666666667;5.0;4.0;0.0
19.01111111111111;0.12222222222222222;28.122222222222224;1106.5666666666666;1142.2222222222222;3.4800000000000004;5.0;0.0;28.133333333333336;0.0;38.699999999999996;1597.6111111111113;1649.2666666666667;3.65;5.0;1.0;26.599999999999998;0.0;35.65555555555556;1473.4888888888888;1522.0888888888887;4.763333333333333;5.0;1.0;27.38888888888889;62.86666666666667;95.73333333333333;1526.0;1569.7333333333333;4.796666666666667;5.0;2.0;19.58888888888889;0.0;529.5888888888888;1513.7555555555555;1524.6333333333334;4.511666666666667;5.0;2.0;26.799999999999997;0.0;6.388888888888888;1507.2222222222224;1526.8000000000002;3.891666666666666;5.0;3.0;26.87777777777778;0.0;5.6000000000000005;1516.8666666666668;1536.488888888889;4.603333333333334;5.0;3.0;26.96666666666667;0.0;6.511111111111112;1518.1333333333332;1537.5444444444447;4.845;5.0;4.0;8.133333333333335;0.04444444444444443;5.455555555555556;392.62222222222226;401.0777777777777;3.191666666666667;5.0;4.0;1.1;0.0;5.655555555555556;6.666666666666667;8.511111111111111;3.155;5.0;5.0;0.0
28.133333333333336;0.0;38.699999999999996;1597.6111111111113;1649.2666666666667;3.65;5.0;1.0;26.599999999999998;0.0;35.65555555555556;1473.4888888888888;1522.0888888888887;4.763333333333333;5.0;1.0;27.38888888888889;62.86666666666667;95.73333333333333;1526.0;1569.7333333333333;4.796666666666667;5.0;2.0;19.58888888888889;0.0;529.5888888888888;1513.7555555555555;1524.6333333333334;4.511666666666667;5.0;2.0;26.799999999999997;0.0;6.388888888888888;1507.2222222222224;1526.8000000000002;3.891666666666666;5.0;3.0;26.87777777777778;0.0;5.6000000000000005;1516.8666666666668;1536.488888888889;4.603333333333334;5.0;3.0;26.96666666666667;0.0;6.511111111111112;1518.1333333333332;1537.5444444444447;4.845;5.0;4.0;8.133333333333335;0.04444444444444443;5.455555555555556;392.62222222222226;401.0777777777777;3.191666666666667;5.0;4.0;1.1;0.0;5.655555555555556;6.666666666666667;8.511111111111111;3.155;5.0;5.0;1.1;0.0;4.7444444444444445;6.98888888888889;8.78888888888889;2.663333333333333;5.0;5.0;0.0
26.599999999999998;0.0;35.65555555555556;1473.4888888888888;1522.0888888888887;4.763333333333333;5.0;1.0;27.38888888888889;62.86666666666667;95.73333333333333;1526.0;1569.7333333333333;4.796666666666667;5.0;2.0;19.58888888888889;0.0;529.5888888888888;1513.7555555555555;1524.6333333333334;4.511666666666667;5.0;2.0;26.799999999999997;0.0;6.388888888888888;1507.2222222222224;1526.8000000000002;3.891666666666666;5.0;3.0;26.87777777777778;0.0;5.6000000000000005;1516.8666666666668;1536.488888888889;4.603333333333334;5.0;3.0;26.96666666666667;0.0;6.511111111111112;1518.1333333333332;1537.5444444444447;4.845;5.0;4.0;8.133333333333335;0.04444444444444443;5.455555555555556;392.62222222222226;401.0777777777777;3.191666666666667;5.0;4.0;1.1;0.0;5.655555555555556;6.666666666666667;8.511111111111111;3.155;5.0;5.0;1.1;0.0;4.7444444444444445;6.98888888888889;8.78888888888889;2.663333333333333;5.0;5.0;1.1;0.0;5.588888888888889;7.111111111111111;8.866666666666667;2.2383333333333333;5.0;6.0;0.0
27.38888888888889;62.86666666666667;95.73333333333333;1526.0;1569.7333333333333;4.796666666666667;5.0;2.0;19.58888888888889;0.0;529.5888888888888;1513.7555555555555;1524.6333333333334;4.511666666666667;5.0;2.0;26.799999999999997;0.0;6.388888888888888;1507.2222222222224;1526.8000000000002;3.891666666666666;5.0;3.0;26.87777777777778;0.0;5.6000000000000005;1516.8666666666668;1536.488888888889;4.603333333333334;5.0;3.0;26.96666666666667;0.0;6.511111111111112;1518.1333333333332;1537.5444444444447;4.845;5.0;4.0;8.133333333333335;0.04444444444444443;5.455555555555556;392.62222222222226;401.0777777777777;3.191666666666667;5.0;4.0;1.1;0.0;5.655555555555556;6.666666666666667;8.511111111111111;3.155;5.0;5.0;1.1;0.0;4.7444444444444445;6.98888888888889;8.78888888888889;2.663333333333333;5.0;5.0;1.1;0.0;5.588888888888889;7.111111111111111;8.866666666666667;2.2383333333333333;5.0;6.0;1.1;0.0;4.733333333333333;6.666666666666667;8.5;2.651666666666667;5.0;6.0;0.0
19.58888888888889;0.0;529.5888888888888;1513.7555555555555;1524.6333333333334;4.511666666666667;5.0;2.0;26.799999999999997;0.0;6.388888888888888;1507.2222222222224;1526.8000000000002;3.891666666666666;5.0;3.0;26.87777777777778;0.0;5.6000000000000005;1516.8666666666668;1536.488888888889;4.603333333333334;5.0;3.0;26.96666666666667;0.0;6.511111111111112;1518.1333333333332;1537.5444444444447;4.845;5.0;4.0;8.133333333333335;0.04444444444444443;5.455555555555556;392.62222222222226;401.0777777777777;3.191666666666667;5.0;4.0;1.1;0.0;5.655555555555556;6.666666666666667;8.511111111111111;3.155;5.0;5.0;1.1;0.0;4.7444444444444445;6.98888888888889;8.78888888888889;2.663333333333333;5.0;5.0;1.1;0.0;5.588888888888889;7.111111111111111;8.866666666666667;2.2383333333333333;5.0;6.0;1.1;0.0;4.733333333333333;6.666666666666667;8.5;2.651666666666667;5.0;6.0;1.1;0.0;5.6000000000000005;6.933333333333334;8.700000000000001;3.191666666666667;5.0;7.0;0.0
26.799999999999997;0.0;6.388888888888888;1507.2222222222224;1526.8000000000002;3.891666666666666;5.0;3.0;26.87777777777778;0.0;5.6000000000000005;1516.8666666666668;1536.488888888889;4.603333333333334;5.0;3.0;26.96666666666667;0.0;6.511111111111112;1518.1333333333332;1537.5444444444447;4.845;5.0;4.0;8.133333333333335;0.04444444444444443;5.455555555555556;392.62222222222226;401.0777777777777;3.191666666666667;5.0;4.0;1.1;0.0;5.655555555555556;6.666666666666667;8.511111111111111;3.155;5.0;5.0;1.1;0.0;4.7444444444444445;6.98888888888889;8.78888888888889;2.663333333333333;5.0;5.0;1.1;0.0;5.588888888888889;7.111111111111111;8.866666666666667;2.2383333333333333;5.0;6.0;1.1;0.0;4.733333333333333;6.666666666666667;8.5;2.651666666666667;5.0;6.0;1.1;0.0;5.6000000000000005;6.933333333333334;8.700000000000001;3.191666666666667;5.0;7.0;1.1;0.0;4.811111111111111;7.444444444444444;9.255555555555556;2.793333333333333;5.0;7.0;0.0
26.87777777777778;0.0;5.6000000000000005;1516.8666666666668;1536.488888888889;4.603333333333334;5.0;3.0;26.96666666666667;0.0;6.511111111111112;1518.1333333333332;1537.5444444444447;4.845;5.0;4.0;8.133333333333335;0.04444444444444443;5.455555555555556;392.62222222222226;401.0777777777777;3.191666666666667;5.0;4.0;1.1;0.0;5.655555555555556;6.666666666666667;8.511111111111111;3.155;5.0;5.0;1.1;0.0;4.7444444444444445;6.98888888888889;8.78888888888889;2.663333333333333;5.0;5.0;1.1;0.0;5.588888888888889;7.111111111111111;8.866666666666667;2.2383333333333333;5.0;6.0;1.1;0.0;4.733333333333333;6.666666666666667;8.5;2.651666666666667;5.0;6.0;1.1;0.0;5.6000000000000005;6.933333333333334;8.700000000000001;3.191666666666667;5.0;7.0;1.1;0.0;4.811111111111111;7.444444444444444;9.255555555555556;2.793333333333333;5.0;7.0;1.1111111111111112;0.0;5.722222222222222;7.0888888888888895;8.9;2.3649999999999998;5.0;8.0;0.0
26.96666666666667;0.0;6.511111111111112;1518.1333333333332;1537.5444444444447;4.845;5.0;4.0;8.133333333333335;0.04444444444444443;5.455555555555556;392.62222222222226;401.0777777777777;3.191666666666667;5.0;4.0;1.1;0.0;5.655555555555556;6.666666666666667;8.511111111111111;3.155;5.0;5.0;1.1;0.0;4.7444444444444445;6.98888888888889;8.78888888888889;2.663333333333333;5.0;5.0;1.1;0.0;5.588888888888889;7.111111111111111;8.866666666666667;2.2383333333333333;5.0;6.0;1.1;0.0;4.733333333333333;6.666666666666667;8.5;2.651666666666667;5.0;6.0;1.1;0.0;5.6000000000000005;6.933333333333334;8.700000000000001;3.191666666666667;5.0;7.0;1.1;0.0;4.811111111111111;7.444444444444444;9.255555555555556;2.793333333333333;5.0;7.0;1.1111111111111112;0.0;5.722222222222222;7.0888888888888895;8.9;2.3649999999999998;5.0;8.0;1.1;0.0;4.733333333333333;6.733333333333333;8.488888888888889;2.4216666666666664;5.0;8.0;0.0
8.133333333333335;0.04444444444444443;5.455555555555556;392.62222222222226;401.0777777777777;3.191666666666667;5.0;4.0;1.1;0.0;5.655555555555556;6.666666666666667;8.511111111111111;3.155;5.0;5.0;1.1;0.0;4.7444444444444445;6.98888888888889;8.78888888888889;2.663333333333333;5.0;5.0;1.1;0.0;5.588888888888889;7.111111111111111;8.866666666666667;2.2383333333333333;5.0;6.0;1.1;0.0;4.733333333333333;6.666666666666667;8.5;2.651666666666667;5.0;6.0;1.1;0.0;5.6000000000000005;6.933333333333334;8.700000000000001;3.191666666666667;5.0;7.0;1.1;0.0;4.811111111111111;7.444444444444444;9.255555555555556;2.793333333333333;5.0;7.0;1.1111111111111112;0.0;5.722222222222222;7.0888888888888895;8.9;2.3649999999999998;5.0;8.0;1.1;0.0;4.733333333333333;6.733333333333333;8.488888888888889;2.4216666666666664;5.0;8.0;1.1;0.0;5.588888888888889;7.144444444444445;8.955555555555556;2.021666666666667;5.0;9.0;0.0
1.1;0.0;5.655555555555556;6.666666666666667;8.511111111111111;3.155;5.0;5.0;1.1;0.0;4.7444444444444445;6.98888888888889;8.78888888888889;2.663333333333333;5.0;5.0;1.1;0.0;5.588888888888889;7.111111111111111;8.866666666666667;2.2383333333333333;5.0;6.0;1.1;0.0;4.733333333333333;6.666666666666667;8.5;2.651666666666667;5.0;6.0;1.1;0.0;5.6000000000000005;6.933333333333334;8.700000000000001;3.191666666666667;5.0;7.0;1.1;0.0;4.811111111111111;7.444444444444444;9.255555555555556;2.793333333333333;5.0;7.0;1.1111111111111112;0.0;5.722222222222222;7.0888888888888895;8.9;2.3649999999999998;5.0;8.0;1.1;0.0;4.733333333333333;6.733333333333333;8.488888888888889;2.4216666666666664;5.0;8.0;1.1;0.0;5.588888888888889;7.144444444444445;8.955555555555556;2.021666666666667;5.0;9.0;1.1;0.0;4.722222222222222;6.644444444444445;8.433333333333332;2.4116666666666666;5.0;9.0;0.0
1.1;0.0;4.7444444444444445;6.98888888888889;8.78888888888889;2.663333333333333;5.0;5.0;1.1;0.0;5.588888888888889;7.111111111111111;8.866666666666667;2.2383333333333333;5.0;6.0;1.1;0.0;4.733333333333333;6.666666666666667;8.5;2.651666666666667;5.0;6.0;1.1;0.0;5.6000000000000005;6.933333333333334;8.700000000000001;3.191666666666667;5.0;7.0;1.1;0.0;4.811111111111111;7.444444444444444;9.255555555555556;2.793333333333333;5.0;7.0;1.1111111111111112;0.0;5.722222222222222;7.0888888888888895;8.9;2.3649999999999998;5.0;8.0;1.1;0.0;4.733333333333333;6.733333333333333;8.488888888888889;2.4216666666666664;5.0;8.0;1.1;0.0;5.588888888888889;7.144444444444445;8.955555555555556;2.021666666666667;5.0;9.0;1.1;0.0;4.722222222222222;6.644444444444445;8.433333333333332;2.4116666666666666;5.0;9.0;1.1222222222222225;0.0;5.7444444444444445;6.5;8.377777777777778;2.308333333333333;5.0;10.0;0.0
1.1;0.0;5.588888888888889;7.111111111111111;8.866666666666667;2.2383333333333333;5.0;6.0;1.1;0.0;4.733333333333333;6.666666666666667;8.5;2.651666666666667;5.0;6.0;1.1;0.0;5.6000000000000005;6.933333333333334;8.700000000000001;3.191666666666667;5.0;7.0;1.1;0.0;4.811111111111111;7.444444444444444;9.255555555555556;2.793333333333333;5.0;7.0;1.1111111111111112;0.0;5.722222222222222;7.0888888888888895;8.9;2.3649999999999998;5.0;8.0;1.1;0.0;4.733333333333333;6.733333333333333;8.488888888888889;2.4216666666666664;5.0;8.0;1.1;0.0;5.588888888888889;7.144444444444445;8.955555555555556;2.021666666666667;5.0;9.0;1.1;0.0;4.722222222222222;6.644444444444445;8.433333333333332;2.4116666666666666;5.0;9.0;1.1222222222222225;0.0;5.7444444444444445;6.5;8.377777777777778;2.308333333333333;5.0;10.0;1.2083333333333335;0.0;4.760606060606061;6.243434343434344;8.061616161616161;2.811666666666667;5.0;10.0;0.0
1.1;0.0;4.733333333333333;6.666666666666667;8.5;2.651666666666667;5.0;6.0;1.1;0.0;5.6000000000000005;6.933333333333334;8.700000000000001;3.191666666666667;5.0;7.0;1.1;0.0;4.811111111111111;7.444444444444444;9.255555555555556;2.793333333333333;5.0;7.0;1.1111111111111112;0.0;5.722222222222222;7.0888888888888895;8.9;2.3649999999999998;5.0;8.0;1.1;0.0;4.733333333333333;6.733333333333333;8.488888888888889;2.4216666666666664;5.0;8.0;1.1;0.0;5.588888888888889;7.144444444444445;8.955555555555556;2.021666666666667;5.0;9.0;1.1;0.0;4.722222222222222;6.644444444444445;8.433333333333332;2.4116666666666666;5.0;9.0;1.1222222222222225;0.0;5.7444444444444445;6.5;8.377777777777778;2.308333333333333;5.0;10.0;1.2083333333333335;0.0;4.760606060606061;6.243434343434344;8.061616161616161;2.811666666666667;5.0;10.0;1.1888888888888889;0.0;5.7;6.566666666666667;8.411111111111111;1.9750000000000003;5.0;11.0;0.0
1.1;0.0;5.6000000000000005;6.933333333333334;8.700000000000001;3.191666666666667;5.0;7.0;1.1;0.0;4.811111111111111;7.444444444444444;9.255555555555556;2.793333333333333;5.0;7.0;1.1111111111111112;0.0;5.722222222222222;7.0888888888888895;8.9;2.3649999999999998;5.0;8.0;1.1;0.0;4.733333333333333;6.733333333333333;8.488888888888889;2.4216666666666664;5.0;8.0;1.1;0.0;5.588888888888889;7.144444444444445;8.955555555555556;2.021666666666667;5.0;9.0;1.1;0.0;4.722222222222222;6.644444444444445;8.433333333333332;2.4116666666666666;5.0;9.0;1.1222222222222225;0.0;5.7444444444444445;6.5;8.377777777777778;2.308333333333333;5.0;10.0;1.2083333333333335;0.0;4.760606060606061;6.243434343434344;8.061616161616161;2.811666666666667;5.0;10.0;1.1888888888888889;0.0;5.7;6.566666666666667;8.411111111111111;1.9750000000000003;5.0;11.0;1.2;0.0;4.788888888888889;6.377777777777777;8.255555555555555;3.168333333333333;5.0;11.0;0.0
1.1;0.0;4.811111111111111;7.444444444444444;9.255555555555556;2.793333333333333;5.0;7.0;1.1111111111111112;0.0;5.722222222222222;7.0888888888888895;8.9;2.3649999999999998;5.0;8.0;1.1;0.0;4.733333333333333;6.733333333333333;8.488888888888889;2.4216666666666664;5.0;8.0;1.1;0.0;5.588888888888889;7.144444444444445;8.955555555555556;2.021666666666667;5.0;9.0;1.1;0.0;4.722222222222222;6.644444444444445;8.433333333333332;2.4116666666666666;5.0;9.0;1.1222222222222225;0.0;5.7444444444444445;6.5;8.377777777777778;2.308333333333333;5.0;10.0;1.2083333333333335;0.0;4.760606060606061;6.243434343434344;8.061616161616161;2.811666666666667;5.0;10.0;1.1888888888888889;0.0;5.7;6.566666666666667;8.411111111111111;1.9750000000000003;5.0;11.0;1.2;0.0;4.788888888888889;6.377777777777777;8.255555555555555;3.168333333333333;5.0;11.0;1.2333333333333334;0.0;5.611111111111112;6.7444444444444445;8.588888888888889;1.9416666666666664;5.0;12.0;0.0
1.1111111111111112;0.0;5.722222222222222;7.0888888888888895;8.9;2.3649999999999998;5.0;8.0;1.1;0.0;4.733333333333333;6.733333333333333;8.488888888888889;2.4216666666666664;5.0;8.0;1.1;0.0;5.588888888888889;7.144444444444445;8.955555555555556;2.021666666666667;5.0;9.0;1.1;0.0;4.722222222222222;6.644444444444445;8.433333333333332;2.4116666666666666;5.0;9.0;1.1222222222222225;0.0;5.7444444444444445;6.5;8.377777777777778;2.308333333333333;5.0;10.0;1.2083333333333335;0.0;4.760606060606061;6.243434343434344;8.061616161616161;2.811666666666667;5.0;10.0;1.1888888888888889;0.0;5.7;6.566666666666667;8.411111111111111;1.9750000000000003;5.0;11.0;1.2;0.0;4.788888888888889;6.377777777777777;8.255555555555555;3.168333333333333;5.0;11.0;1.2333333333333334;0.0;5.611111111111112;6.7444444444444445;8.588888888888889;1.9416666666666664;5.0;12.0;1.1888888888888889;0.0;4.7555555555555555;6.544444444444444;8.322222222222223;2.481666666666667;5.0;12.0;0.0
1.1;0.0;4.733333333333333;6.733333333333333;8.488888888888889;2.4216666666666664;5.0;8.0;1.1;0.0;5.588888888888889;7.144444444444445;8.955555555555556;2.021666666666667;5.0;9.0;1.1;0.0;4.722222222222222;6.644444444444445;8.433333333333332;2.4116666666666666;5.0;9.0;1.1222222222222225;0.0;5.7444444444444445;6.5;8.377777777777778;2.308333333333333;5.0;10.0;1.2083333333333335;0.0;4.760606060606061;6.243434343434344;8.061616161616161;2.811666666666667;5.0;10.0;1.1888888888888889;0.0;5.7;6.566666666666667;8.411111111111111;1.9750000000000003;5.0;11.0;1.2;0.0;4.788888888888889;6.377777777777777;8.255555555555555;3.168333333333333;5.0;11.0;1.2333333333333334;0.0;5.611111111111112;6.7444444444444445;8.588888888888889;1.9416666666666664;5.0;12.0;1.1888888888888889;0.0;4.7555555555555555;6.544444444444444;8.322222222222223;2.481666666666667;5.0;12.0;1.2333333333333334;0.0;5.533333333333334;6.422222222222222;8.244444444444445;2.3066666666666666;5.0;13.0;0.0
1.1;0.0;5.588888888888889;7.144444444444445;8.955555555555556;2.021666666666667;5.0;9.0;1.1;0.0;4.722222222222222;6.644444444444445;8.433333333333332;2.4116666666666666;5.0;9.0;1.1222222222222225;0.0;5.7444444444444445;6.5;8.377777777777778;2.308333333333333;5.0;10.0;1.2083333333333335;0.0;4.760606060606061;6.243434343434344;8.061616161616161;2.811666666666667;5.0;10.0;1.1888888888888889;0.0;5.7;6.566666666666667;8.411111111111111;1.9750000000000003;5.0;11.0;1.2;0.0;4.788888888888889;6.377777777777777;8.255555555555555;3.168333333333333;5.0;11.0;1.2333333333333334;0.0;5.611111111111112;6.7444444444444445;8.588888888888889;1.9416666666666664;5.0;12.0;1.1888888888888889;0.0;4.7555555555555555;6.544444444444444;8.322222222222223;2.481666666666667;5.0;12.0;1.2333333333333334;0.0;5.533333333333334;6.422222222222222;8.244444444444445;2.3066666666666666;5.0;13.0;1.1888888888888889;0.0;4.666666666666667;7.033333333333332;8.9;3.2616666666666667;5.0;13.0;0.0
1.1;0.0;4.722222222222222;6.644444444444445;8.433333333333332;2.4116666666666666;5.0;9.0;1.1222222222222225;0.0;5.7444444444444445;6.5;8.377777777777778;2.308333333333333;5.0;10.0;1.2083333333333335;0.0;4.760606060606061;6.243434343434344;8.061616161616161;2.811666666666667;5.0;10.0;1.1888888888888889;0.0;5.7;6.566666666666667;8.411111111111111;1.9750000000000003;5.0;11.0;1.2;0.0;4.788888888888889;6.377777777777777;8.255555555555555;3.168333333333333;5.0;11.0;1.2333333333333334;0.0;5.611111111111112;6.7444444444444445;8.588888888888889;1.9416666666666664;5.0;12.0;1.1888888888888889;0.0;4.7555555555555555;6.544444444444444;8.322222222222223;2.481666666666667;5.0;12.0;1.2333333333333334;0.0;5.533333333333334;6.422222222222222;8.244444444444445;2.3066666666666666;5.0;13.0;1.1888888888888889;0.0;4.666666666666667;7.033333333333332;8.9;3.2616666666666667;5.0;13.0;1.2444444444444445;0.0;5.733333333333333;7.144444444444445;9.02222222222222;3.306666666666667;5.0;14.0;0.0
1.1222222222222225;0.0;5.7444444444444445;6.5;8.377777777777778;2.308333333333333;5.0;10.0;1.2083333333333335;0.0;4.760606060606061;6.243434343434344;8.061616161616161;2.811666666666667;5.0;10.0;1.1888888888888889;0.0;5.7;6.566666666666667;8.411111111111111;1.9750000000000003;5.0;11.0;1.2;0.0;4.788888888888889;6.377777777777777;8.255555555555555;3.168333333333333;5.0;11.0;1.2333333333333334;0.0;5.611111111111112;6.7444444444444445;8.588888888888889;1.9416666666666664;5.0;12.0;1.1888888888888889;0.0;4.7555555555555555;6.544444444444444;8.322222222222223;2.481666666666667;5.0;12.0;1.2333333333333334;0.0;5.533333333333334;6.422222222222222;8.244444444444445;2.3066666666666666;5.0;13.0;1.1888888888888889;0.0;4.666666666666667;7.033333333333332;8.9;3.2616666666666667;5.0;13.0;1.2444444444444445;0.0;5.733333333333333;7.144444444444445;9.02222222222222;3.306666666666667;5.0;14.0;1.188888888888889;0.0;4.733333333333333;6.522222222222223;8.4;2.0666666666666664;5.0;14.0;0.0
1.2083333333333335;0.0;4.760606060606061;6.243434343434344;8.061616161616161;2.811666666666667;5.0;10.0;1.1888888888888889;0.0;5.7;6.566666666666667;8.411111111111111;1.9750000000000003;5.0;11.0;1.2;0.0;4.788888888888889;6.377777777777777;8.255555555555555;3.168333333333333;5.0;11.0;1.2333333333333334;0.0;5.611111111111112;6.7444444444444445;8.588888888888889;1.9416666666666664;5.0;12.0;1.1888888888888889;0.0;4.7555555555555555;6.544444444444444;8.322222222222223;2.481666666666667;5.0;12.0;1.2333333333333334;0.0;5.533333333333334;6.422222222222222;8.244444444444445;2.3066666666666666;5.0;13.0;1.1888888888888889;0.0;4.666666666666667;7.033333333333332;8.9;3.2616666666666667;5.0;13.0;1.2444444444444445;0.0;5.733333333333333;7.144444444444445;9.02222222222222;3.306666666666667;5.0;14.0;1.188888888888889;0.0;4.733333333333333;6.522222222222223;8.4;2.0666666666666664;5.0;14.0;1.2111111111111112;0.0;5.633333333333334;7.144444444444445;8.988888888888889;2.6750000000000003;5.0;15.0;0.0
1.1888888888888889;0.0;5.7;6.566666666666667;8.411111111111111;1.9750000000000003;5.0;11.0;1.2;0.0;4.788888888888889;6.377777777777777;8.255555555555555;3.168333333333333;5.0;11.0;1.2333333333333334;0.0;5.611111111111112;6.7444444444444445;8.588888888888889;1.9416666666666664;5.0;12.0;1.1888888888888889;0.0;4.7555555555555555;6.544444444444444;8.322222222222223;2.481666666666667;5.0;12.0;1.2333333333333334;0.0;5.533333333333334;6.422222222222222;8.244444444444445;2.3066666666666666;5.0;13.0;1.1888888888888889;0.0;4.666666666666667;7.033333333333332;8.9;3.2616666666666667;5.0;13.0;1.2444444444444445;0.0;5.733333333333333;7.144444444444445;9.02222222222222;3.306666666666667;5.0;14.0;1.188888888888889;0.0;4.733333333333333;6.522222222222223;8.4;2.0666666666666664;5.0;14.0;1.2111111111111112;0.0;5.633333333333334;7.144444444444445;8.988888888888889;2.6750000000000003;5.0;15.0;1.177777777777778;0.0;4.677777777777778;6.777777777777779;8.666666666666666;2.228333333333333;5.0;15.0;0.0
1.2;0.0;4.788888888888889;6.377777777777777;8.255555555555555;3.168333333333333;5.0;11.0;1.2333333333333334;0.0;5.611111111111112;6.7444444444444445;8.588888888888889;1.9416666666666664;5.0;12.0;1.1888888888888889;0.0;4.7555555555555555;6.544444444444444;8.322222222222223;2.481666666666667;5.0;12.0;1.2333333333333334;0.0;5.533333333333334;6.422222222222222;8.244444444444445;2.3066666666666666;5.0;13.0;1.1888888888888889;0.0;4.666666666666667;7.033333333333332;8.9;3.2616666666666667;5.0;13.0;1.2444444444444445;0.0;5.733333333333333;7.144444444444445;9.02222222222222;3.306666666666667;5.0;14.0;1.188888888888889;0.0;4.733333333333333;6.522222222222223;8.4;2.0666666666666664;5.0;14.0;1.2111111111111112;0.0;5.633333333333334;7.144444444444445;8.988888888888889;2.6750000000000003;5.0;15.0;1.177777777777778;0.0;4.677777777777778;6.777777777777779;8.666666666666666;2.228333333333333;5.0;15.0;1.1777777777777778;0.0;5.722222222222221;6.866666666666666;8.71111111111111;2.985;5.0;16.0;0.0
1.2333333333333334;0.0;5.611111111111112;6.7444444444444445;8.588888888888889;1.9416666666666664;5.0;12.0;1.1888888888888889;0.0;4.7555555555555555;6.544444444444444;8.322222222222223;2.481666666666667;5.0;12.0;1.2333333333333334;0.0;5.533333333333334;6.422222222222222;8.244444444444445;2.3066666666666666;5.0;13.0;1.1888888888888889;0.0;4.666666666666667;7.033333333333332;8.9;3.2616666666666667;5.0;13.0;1.2444444444444445;0.0;5.733333333333333;7.144444444444445;9.02222222222222;3.306666666666667;5.0;14.0;1.188888888888889;0.0;4.733333333333333;6.522222222222223;8.4;2.0666666666666664;5.0;14.0;1.2111111111111112;0.0;5.633333333333334;7.144444444444445;8.988888888888889;2.6750000000000003;5.0;15.0;1.177777777777778;0.0;4.677777777777778;6.777777777777779;8.666666666666666;2.228333333333333;5.0;15.0;1.1777777777777778;0.0;5.722222222222221;6.866666666666666;8.71111111111111;2.985;5.0;16.0;1.1333333333333333;0.0;4.833333333333333;6.577777777777777;8.4;2.3883333333333336;5.0;16.0;0.0
1.1888888888888889;0.0;4.7555555555555555;6.544444444444444;8.322222222222223;2.481666666666667;5.0;12.0;1.2333333333333334;0.0;5.533333333333334;6.422222222222222;8.244444444444445;2.3066666666666666;5.0;13.0;1.1888888888888889;0.0;4.666666666666667;7.033333333333332;8.9;3.2616666666666667;5.0;13.0;1.2444444444444445;0.0;5.733333333333333;7.144444444444445;9.02222222222222;3.306666666666667;5.0;14.0;1.188888888888889;0.0;4.733333333333333;6.522222222222223;8.4;2.0666666666666664;5.0;14.0;1.2111111111111112;0.0;5.633333333333334;7.144444444444445;8.988888888888889;2.6750000000000003;5.0;15.0;1.177777777777778;0.0;4.677777777777778;6.777777777777779;8.666666666666666;2.228333333333333;5.0;15.0;1.1777777777777778;0.0;5.722222222222221;6.866666666666666;8.71111111111111;2.985;5.0;16.0;1.1333333333333333;0.0;4.833333333333333;6.577777777777777;8.4;2.3883333333333336;5.0;16.0;1.188888888888889;0.0;5.822222222222222;6.8;8.5;2.111666666666667;5.0;17.0;0.0
1.2333333333333334;0.0;5.533333333333334;6.422222222222222;8.244444444444445;2.3066666666666666;5.0;13.0;1.1888888888888889;0.0;4.666666666666667;7.033333333333332;8.9;3.2616666666666667;5.0;13.0;1.2444444444444445;0.0;5.733333333333333;7.144444444444445;9.02222222222222;3.306666666666667;5.0;14.0;1.188888888888889;0.0;4.733333333333333;6.522222222222223;8.4;2.0666666666666664;5.0;14.0;1.2111111111111112;0.0;5.633333333333334;7.144444444444445;8.988888888888889;2.6750000000000003;5.0;15.0;1.177777777777778;0.0;4.677777777777778;6.777777777777779;8.666666666666666;2.228333333333333;5.0;15.0;1.1777777777777778;0.0;5.722222222222221;6.866666666666666;8.71111111111111;2.985;5.0;16.0;1.1333333333333333;0.0;4.833333333333333;6.577777777777777;8.4;2.3883333333333336;5.0;16.0;1.188888888888889;0.0;5.822222222222222;6.8;8.5;2.111666666666667;5.0;17.0;1.1555555555555554;0.0;4.844444444444444;6.677777777777778;8.52222222222222;3.3183333333333334;5.0;17.0;0.0
1.1888888888888889;0.0;4.666666666666667;7.033333333333332;8.9;3.2616666666666667;5.0;13.0;1.2444444444444445;0.0;5.733333333333333;7.144444444444445;9.02222222222222;3.306666666666667;5.0;14.0;1.188888888888889;0.0;4.733333333333333;6.522222222222223;8.4;2.0666666666666664;5.0;14.0;1.2111111111111112;0.0;5.633333333333334;7.144444444444445;8.988888888888889;2.6750000000000003;5.0;15.0;1.177777777777778;0.0;4.677777777777778;6.777777777777779;8.666666666666666;2.228333333333333;5.0;15.0;1.1777777777777778;0.0;5.722222222222221;6.866666666666666;8.71111111111111;2.985;5.0;16.0;1.1333333333333333;0.0;4.833333333333333;6.577777777777777;8.4;2.3883333333333336;5.0;16.0;1.188888888888889;0.0;5.822222222222222;6.8;8.5;2.111666666666667;5.0;17.0;1.1555555555555554;0.0;4.844444444444444;6.677777777777778;8.52222222222222;3.3183333333333334;5.0;17.0;1.1666666666666667;0.0;5.655555555555555;6.666666666666667;8.544444444444444;2.5833333333333335;5.0;18.0;0.0
1.2444444444444445;0.0;5.733333333333333;7.144444444444445;9.02222222222222;3.306666666666667;5.0;14.0;1.188888888888889;0.0;4.733333333333333;6.522222222222223;8.4;2.0666666666666664;5.0;14.0;1.2111111111111112;0.0;5.633333333333334;7.144444444444445;8.988888888888889;2.6750000000000003;5.0;15.0;1.177777777777778;0.0;4.677777777777778;6.777777777777779;8.666666666666666;2.228333333333333;5.0;15.0;1.1777777777777778;0.0;5.722222222222221;6.866666666666666;8.71111111111111;2.985;5.0;16.0;1.1333333333333333;0.0;4.833333333333333;6.577777777777777;8.4;2.3883333333333336;5.0;16.0;1.188888888888889;0.0;5.822222222222222;6.8;8.5;2.111666666666667;5.0;17.0;1.1555555555555554;0.0;4.844444444444444;6.677777777777778;8.52222222222222;3.3183333333333334;5.0;17.0;1.1666666666666667;0.0;5.655555555555555;6.666666666666667;8.544444444444444;2.5833333333333335;5.0;18.0;1.1444444444444444;0.0;4.866666666666667;6.655555555555556;8.511111111111111;2.308333333333333;5.0;18.0;0.0
1.188888888888889;0.0;4.733333333333333;6.522222222222223;8.4;2.0666666666666664;5.0;14.0;1.2111111111111112;0.0;5.633333333333334;7.144444444444445;8.988888888888889;2.6750000000000003;5.0;15.0;1.177777777777778;0.0;4.677777777777778;6.777777777777779;8.666666666666666;2.228333333333333;5.0;15.0;1.1777777777777778;0.0;5.722222222222221;6.866666666666666;8.71111111111111;2.985;5.0;16.0;1.1333333333333333;0.0;4.833333333333333;6.577777777777777;8.4;2.3883333333333336;5.0;16.0;1.188888888888889;0.0;5.822222222222222;6.8;8.5;2.111666666666667;5.0;17.0;1.1555555555555554;0.0;4.844444444444444;6.677777777777778;8.52222222222222;3.3183333333333334;5.0;17.0;1.1666666666666667;0.0;5.655555555555555;6.666666666666667;8.544444444444444;2.5833333333333335;5.0;18.0;1.1444444444444444;0.0;4.866666666666667;6.655555555555556;8.511111111111111;2.308333333333333;5.0;18.0;1.1555555555555557;0.0;5.688888888888889;6.722222222222222;8.58888888888889;2.8816666666666664;5.0;19.0;0.0
1.2111111111111112;0.0;5.633333333333334;7.144444444444445;8.988888888888889;2.6750000000000003;5.0;15.0;1.177777777777778;0.0;4.677777777777778;6.777777777777779;8.666666666666666;2.228333333333333;5.0;15.0;1.1777777777777778;0.0;5.722222222222221;6.866666666666666;8.71111111111111;2.985;5.0;16.0;1.1333333333333333;0.0;4.833333333333333;6.577777777777777;8.4;2.3883333333333336;5.0;16.0;1.188888888888889;0.0;5.822222222222222;6.8;8.5;2.111666666666667;5.0;17.0;1.1555555555555554;0.0;4.844444444444444;6.677777777777778;8.52222222222222;3.3183333333333334;5.0;17.0;1.1666666666666667;0.0;5.655555555555555;6.666666666666667;8.544444444444444;2.5833333333333335;5.0;18.0;1.1444444444444444;0.0;4.866666666666667;6.655555555555556;8.511111111111111;2.308333333333333;5.0;18.0;1.1555555555555557;0.0;5.688888888888889;6.722222222222222;8.58888888888889;2.8816666666666664;5.0;19.0;1.1555555555555557;0.0;4.9222222222222225;6.833333333333333;8.766666666666667;2.8716666666666666;5.0;19.0;0.0
1.177777777777778;0.0;4.677777777777778;6.777777777777779;8.666666666666666;2.228333333333333;5.0;15.0;1.1777777777777778;0.0;5.722222222222221;6.866666666666666;8.71111111111111;2.985;5.0;16.0;1.1333333333333333;0.0;4.833333333333333;6.577777777777777;8.4;2.3883333333333336;5.0;16.0;1.188888888888889;0.0;5.822222222222222;6.8;8.5;2.111666666666667;5.0;17.0;1.1555555555555554;0.0;4.844444444444444;6.677777777777778;8.52222222222222;3.3183333333333334;5.0;17.0;1.1666666666666667;0.0;5.655555555555555;6.666666666666667;8.544444444444444;2.5833333333333335;5.0;18.0;1.1444444444444444;0.0;4.866666666666667;6.655555555555556;8.511111111111111;2.308333333333333;5.0;18.0;1.1555555555555557;0.0;5.688888888888889;6.722222222222222;8.58888888888889;2.8816666666666664;5.0;19.0;1.1555555555555557;0.0;4.9222222222222225;6.833333333333333;8.766666666666667;2.8716666666666666;5.0;19.0;1.1777777777777778;0.0;5.81111111111111;6.733333333333334;8.555555555555555;2.5016666666666665;5.0;20.0;0.0
1.1777777777777778;0.0;5.722222222222221;6.866666666666666;8.71111111111111;2.985;5.0;16.0;1.1333333333333333;0.0;4.833333333333333;6.577777777777777;8.4;2.3883333333333336;5.0;16.0;1.188888888888889;0.0;5.822222222222222;6.8;8.5;2.111666666666667;5.0;17.0;1.1555555555555554;0.0;4.844444444444444;6.677777777777778;8.52222222222222;3.3183333333333334;5.0;17.0;1.1666666666666667;0.0;5.655555555555555;6.666666666666667;8.544444444444444;2.5833333333333335;5.0;18.0;1.1444444444444444;0.0;4.866666666666667;6.655555555555556;8.511111111111111;2.308333333333333;5.0;18.0;1.1555555555555557;0.0;5.688888888888889;6.722222222222222;8.58888888888889;2.8816666666666664;5.0;19.0;1.1555555555555557;0.0;4.9222222222222225;6.833333333333333;8.766666666666667;2.8716666666666666;5.0;19.0;1.1777777777777778;0.0;5.81111111111111;6.733333333333334;8.555555555555555;2.5016666666666665;5.0;20.0;1.1666666666666667;0.0;4.888888888888889;6.955555555555555;8.777777777777777;2.4000000000000004;5.0;20.0;0.0
1.1333333333333333;0.0;4.833333333333333;6.577777777777777;8.4;2.3883333333333336;5.0;16.0;1.188888888888889;0.0;5.822222222222222;6.8;8.5;2.111666666666667;5.0;17.0;1.1555555555555554;0.0;4.844444444444444;6.677777777777778;8.52222222222222;3.3183333333333334;5.0;17.0;1.1666666666666667;0.0;5.655555555555555;6.666666666666667;8.544444444444444;2.5833333333333335;5.0;18.0;1.1444444444444444;0.0;4.866666666666667;6.655555555555556;8.511111111111111;2.308333333333333;5.0;18.0;1.1555555555555557;0.0;5.688888888888889;6.722222222222222;8.58888888888889;2.8816666666666664;5.0;19.0;1.1555555555555557;0.0;4.9222222222222225;6.833333333333333;8.766666666666667;2.8716666666666666;5.0;19.0;1.1777777777777778;0.0;5.81111111111111;6.733333333333334;8.555555555555555;2.5016666666666665;5.0;20.0;1.1666666666666667;0.0;4.888888888888889;6.955555555555555;8.777777777777777;2.4000000000000004;5.0;20.0;1.1888888888888889;0.0;5.688888888888889;5.2;7.0;2.9633333333333334;5.0;21.0;0.0
1.188888888888889;0.0;5.822222222222222;6.8;8.5;2.111666666666667;5.0;17.0;1.1555555555555554;0.0;4.844444444444444;6.677777777777778;8.52222222222222;3.3183333333333334;5.0;17.0;1.1666666666666667;0.0;5.655555555555555;6.666666666666667;8.544444444444444;2.5833333333333335;5.0;18.0;1.1444444444444444;0.0;4.866666666666667;6.655555555555556;8.511111111111111;2.308333333333333;5.0;18.0;1.1555555555555557;0.0;5.688888888888889;6.722222222222222;8.58888888888889;2.8816666666666664;5.0;19.0;1.1555555555555557;0.0;4.9222222222222225;6.833333333333333;8.766666666666667;2.8716666666666666;5.0;19.0;1.1777777777777778;0.0;5.81111111111111;6.733333333333334;8.555555555555555;2.5016666666666665;5.0;20.0;1.1666666666666667;0.0;4.888888888888889;6.955555555555555;8.777777777777777;2.4000000000000004;5.0;20.0;1.1888888888888889;0.0;5.688888888888889;5.2;7.0;2.9633333333333334;5.0;21.0;1.1444444444444444;0.0;4.855555555555555;4.477777777777777;6.2;2.7449999999999997;5.0;21.0;0.0
1.1555555555555554;0.0;4.844444444444444;6.677777777777778;8.52222222222222;3.3183333333333334;5.0;17.0;1.1666666666666667;0.0;5.655555555555555;6.666666666666667;8.544444444444444;2.5833333333333335;5.0;18.0;1.1444444444444444;0.0;4.866666666666667;6.655555555555556;8.511111111111111;2.308333333333333;5.0;18.0;1.1555555555555557;0.0;5.688888888888889;6.722222222222222;8.58888888888889;2.8816666666666664;5.0;19.0;1.1555555555555557;0.0;4.9222222222222225;6.833333333333333;8.766666666666667;2.8716666666666666;5.0;19.0;1.1777777777777778;0.0;5.81111111111111;6.733333333333334;8.555555555555555;2.5016666666666665;5.0;20.0;1.1666666666666667;0.0;4.888888888888889;6.955555555555555;8.777777777777777;2.4000000000000004;5.0;20.0;1.1888888888888889;0.0;5.688888888888889;5.2;7.0;2.9633333333333334;5.0;21.0;1.1444444444444444;0.0;4.855555555555555;4.477777777777777;6.2;2.7449999999999997;5.0;21.0;1.1888888888888889;0.0;5.733333333333333;1.7;3.5777777777777775;2.181666666666667;5.0;22.0;0.0
1.1666666666666667;0.0;5.655555555555555;6.666666666666667;8.544444444444444;2.5833333333333335;5.0;18.0;1.1444444444444444;0.0;4.866666666666667;6.655555555555556;8.511111111111111;2.308333333333333;5.0;18.0;1.1555555555555557;0.0;5.688888888888889;6.722222222222222;8.58888888888889;2.8816666666666664;5.0;19.0;1.1555555555555557;0.0;4.9222222222222225;6.833333333333333;8.766666666666667;2.8716666666666666;5.0;19.0;1.1777777777777778;0.0;5.81111111111111;6.733333333333334;8.555555555555555;2.5016666666666665;5.0;20.0;1.1666666666666667;0.0;4.888888888888889;6.955555555555555;8.777777777777777;2.4000000000000004;5.0;20.0;1.1888888888888889;0.0;5.688888888888889;5.2;7.0;2.9633333333333334;5.0;21.0;1.1444444444444444;0.0;4.855555555555555;4.477777777777777;6.2;2.7449999999999997;5.0;21.0;1.1888888888888889;0.0;5.733333333333333;1.7;3.5777777777777775;2.181666666666667;5.0;22.0;1.1111111111111114;0.0;5.011111111111111;0.22222222222222218;2.111111111111111;2.893333333333333;5.0;22.0;0.0
1.1444444444444444;0.0;4.866666666666667;6.655555555555556;8.511111111111111;2.308333333333333;5.0;18.0;1.1555555555555557;0.0;5.688888888888889;6.722222222222222;8.58888888888889;2.8816666666666664;5.0;19.0;1.1555555555555557;0.0;4.9222222222222225;6.833333333333333;8.766666666666667;2.8716666666666666;5.0;19.0;1.1777777777777778;0.0;5.81111111111111;6.733333333333334;8.555555555555555;2.5016666666666665;5.0;20.0;1.1666666666666667;0.0;4.888888888888889;6.955555555555555;8.777777777777777;2.4000000000000004;5.0;20.0;1.1888888888888889;0.0;5.688888888888889;5.2;7.0;2.9633333333333334;5.0;21.0;1.1444444444444444;0.0;4.855555555555555;4.477777777777777;6.2;2.7449999999999997;5.0;21.0;1.1888888888888889;0.0;5.733333333333333;1.7;3.5777777777777775;2.181666666666667;5.0;22.0;1.1111111111111114;0.0;5.011111111111111;0.22222222222222218;2.111111111111111;2.893333333333333;5.0;22.0;1.4555555555555557;0.022222222222222216;7.644444444444445;0.23333333333333328;2.4555555555555553;3.9966666666666666;5.0;23.0;0.0
1.1555555555555557;0.0;5.688888888888889;6.722222222222222;8.58888888888889;2.8816666666666664;5.0;19.0;1.1555555555555557;0.0;4.9222222222222225;6.833333333333333;8.766666666666667;2.8716666666666666;5.0;19.0;1.1777777777777778;0.0;5.81111111111111;6.733333333333334;8.555555555555555;2.5016666666666665;5.0;20.0;1.1666666666666667;0.0;4.888888888888889;6.955555555555555;8.777777777777777;2.4000000000000004;5.0;20.0;1.1888888888888889;0.0;5.688888888888889;5.2;7.0;2.9633333333333334;5.0;21.0;1.1444444444444444;0.0;4.855555555555555;4.477777777777777;6.2;2.7449999999999997;5.0;21.0;1.1888888888888889;0.0;5.733333333333333;1.7;3.5777777777777775;2.181666666666667;5.0;22.0;1.1111111111111114;0.0;5.011111111111111;0.22222222222222218;2.111111111111111;2.893333333333333;5.0;22.0;1.4555555555555557;0.022222222222222216;7.644444444444445;0.23333333333333328;2.4555555555555553;3.9966666666666666;5.0;23.0;1.9333333333333333;0.0;6.855555555555555;0.24444444444444444;2.4555555555555553;3.583333333333334;5.0;23.0;0.0
1.1555555555555557;0.0;4.9222222222222225;6.833333333333333;8.766666666666667;2.8716666666666666;5.0;19.0;1.1777777777777778;0.0;5.81111111111111;6.733333333333334;8.555555555555555;2.5016666666666665;5.0;20.0;1.1666666666666667;0.0;4.888888888888889;6.955555555555555;8.777777777777777;2.4000000000000004;5.0;20.0;1.1888888888888889;0.0;5.688888888888889;5.2;7.0;2.9633333333333334;5.0;21.0;1.1444444444444444;0.0;4.855555555555555;4.477777777777777;6.2;2.7449999999999997;5.0;21.0;1.1888888888888889;0.0;5.733333333333333;1.7;3.5777777777777775;2.181666666666667;5.0;22.0;1.1111111111111114;0.0;5.011111111111111;0.22222222222222218;2.111111111111111;2.893333333333333;5.0;22.0;1.4555555555555557;0.022222222222222216;7.644444444444445;0.23333333333333328;2.4555555555555553;3.9966666666666666;5.0;23.0;1.9333333333333333;0.0;6.855555555555555;0.24444444444444444;2.4555555555555553;3.583333333333334;5.0;23.0;1.3666666666666665;0.0;6.855555555555555;0.21111111111111105;2.1444444444444444;3.066666666666667;6.0;0.0;0.0
1.1777777777777778;0.0;5.81111111111111;6.733333333333334;8.555555555555555;2.5016666666666665;5.0;20.0;1.1666666666666667;0.0;4.888888888888889;6.955555555555555;8.777777777777777;2.4000000000000004;5.0;20.0;1.1888888888888889;0.0;5.688888888888889;5.2;7.0;2.9633333333333334;5.0;21.0;1.1444444444444444;0.0;4.855555555555555;4.477777777777777;6.2;2.7449999999999997;5.0;21.0;1.1888888888888889;0.0;5.733333333333333;1.7;3.5777777777777775;2.181666666666667;5.0;22.0;1.1111111111111114;0.0;5.011111111111111;0.22222222222222218;2.111111111111111;2.893333333333333;5.0;22.0;1.4555555555555557;0.022222222222222216;7.644444444444445;0.23333333333333328;2.4555555555555553;3.9966666666666666;5.0;23.0;1.9333333333333333;0.0;6.855555555555555;0.24444444444444444;2.4555555555555553;3.583333333333334;5.0;23.0;1.3666666666666665;0.0;6.855555555555555;0.21111111111111105;2.1444444444444444;3.066666666666667;6.0;0.0;1.2174603174603176;0.0;4.911111111111111;0.21965811965811963;2.0940170940170937;2.3133333333333335;6.0;0.0;0.0
1.1666666666666667;0.0;4.888888888888889;6.955555555555555;8.777777777777777;2.4000000000000004;5.0;20.0;1.1888888888888889;0.0;5.688888888888889;5.2;7.0;2.9633333333333334;5.0;21.0;1.1444444444444444;0.0;4.855555555555555;4.477777777777777;6.2;2.7449999999999997;5.0;21.0;1.1888888888888889;0.0;5.733333333333333;1.7;3.5777777777777775;2.181666666666667;5.0;22.0;1.1111111111111114;0.0;5.011111111111111;0.22222222222222218;2.111111111111111;2.893333333333333;5.0;22.0;1.4555555555555557;0.022222222222222216;7.644444444444445;0.23333333333333328;2.4555555555555553;3.9966666666666666;5.0;23.0;1.9333333333333333;0.0;6.855555555555555;0.24444444444444444;2.4555555555555553;3.583333333333334;5.0;23.0;1.3666666666666665;0.0;6.855555555555555;0.21111111111111105;2.1444444444444444;3.066666666666667;6.0;0.0;1.2174603174603176;0.0;4.911111111111111;0.21965811965811963;2.0940170940170937;2.3133333333333335;6.0;0.0;1.3039682539682538;0.0;5.58931623931624;0.20341880341880336;2.1145299145299146;2.5700000000000003;6.0;1.0;0.0
1.1888888888888889;0.0;5.688888888888889;5.2;7.0;2.9633333333333334;5.0;21.0;1.1444444444444444;0.0;4.855555555555555;4.477777777777777;6.2;2.7449999999999997;5.0;21.0;1.1888888888888889;0.0;5.733333333333333;1.7;3.5777777777777775;2.181666666666667;5.0;22.0;1.1111111111111114;0.0;5.011111111111111;0.22222222222222218;2.111111111111111;2.893333333333333;5.0;22.0;1.4555555555555557;0.022222222222222216;7.644444444444445;0.23333333333333328;2.4555555555555553;3.9966666666666666;5.0;23.0;1.9333333333333333;0.0;6.855555555555555;0.24444444444444444;2.4555555555555553;3.583333333333334;5.0;23.0;1.3666666666666665;0.0;6.855555555555555;0.21111111111111105;2.1444444444444444;3.066666666666667;6.0;0.0;1.2174603174603176;0.0;4.911111111111111;0.21965811965811963;2.0940170940170937;2.3133333333333335;6.0;0.0;1.3039682539682538;0.0;5.58931623931624;0.20341880341880336;2.1145299145299146;2.5700000000000003;6.0;1.0;1.2;0.0;4.644444444444445;0.18888888888888886;2.0555555555555554;2.32;6.0;1.0;0.0
1.1444444444444444;0.0;4.855555555555555;4.477777777777777;6.2;2.7449999999999997;5.0;21.0;1.1888888888888889;0.0;5.733333333333333;1.7;3.5777777777777775;2.181666666666667;5.0;22.0;1.1111111111111114;0.0;5.011111111111111;0.22222222222222218;2.111111111111111;2.893333333333333;5.0;22.0;1.4555555555555557;0.022222222222222216;7.644444444444445;0.23333333333333328;2.4555555555555553;3.9966666666666666;5.0;23.0;1.9333333333333333;0.0;6.855555555555555;0.24444444444444444;2.4555555555555553;3.583333333333334;5.0;23.0;1.3666666666666665;0.0;6.855555555555555;0.21111111111111105;2.1444444444444444;3.066666666666667;6.0;0.0;1.2174603174603176;0.0;4.911111111111111;0.21965811965811963;2.0940170940170937;2.3133333333333335;6.0;0.0;1.3039682539682538;0.0;5.58931623931624;0.20341880341880336;2.1145299145299146;2.5700000000000003;6.0;1.0;1.2;0.0;4.644444444444445;0.18888888888888886;2.0555555555555554;2.32;6.0;1.0;1.211111111111111;0.0;5.755555555555556;0.19999999999999996;2.111111111111111;2.731666666666667;6.0;2.0;0.0
1.1888888888888889;0.0;5.733333333333333;1.7;3.5777777777777775;2.181666666666667;5.0;22.0;1.1111111111111114;0.0;5.011111111111111;0.22222222222222218;2.111111111111111;2.893333333333333;5.0;22.0;1.4555555555555557;0.022222222222222216;7.644444444444445;0.23333333333333328;2.4555555555555553;3.9966666666666666;5.0;23.0;1.9333333333333333;0.0;6.855555555555555;0.24444444444444444;2.4555555555555553;3.583333333333334;5.0;23.0;1.3666666666666665;0.0;6.855555555555555;0.21111111111111105;2.1444444444444444;3.066666666666667;6.0;0.0;1.2174603174603176;0.0;4.911111111111111;0.21965811965811963;2.0940170940170937;2.3133333333333335;6.0;0.0;1.3039682539682538;0.0;5.58931623931624;0.20341880341880336;2.1145299145299146;2.5700000000000003;6.0;1.0;1.2;0.0;4.644444444444445;0.18888888888888886;2.0555555555555554;2.32;6.0;1.0;1.211111111111111;0.0;5.755555555555556;0.19999999999999996;2.111111111111111;2.731666666666667;6.0;2.0;1.4000000000000004;0.0111111111111111;25.988888888888884;4.522222222222221;2.111111111111111;3.191666666666667;6.0;2.0;0.0
1.1111111111111114;0.0;5.011111111111111;0.22222222222222218;2.111111111111111;2.893333333333333;5.0;22.0;1.4555555555555557;0.022222222222222216;7.644444444444445;0.23333333333333328;2.4555555555555553;3.9966666666666666;5.0;23.0;1.9333333333333333;0.0;6.855555555555555;0.24444444444444444;2.4555555555555553;3.583333333333334;5.0;23.0;1.3666666666666665;0.0;6.855555555555555;0.21111111111111105;2.1444444444444444;3.066666666666667;6.0;0.0;1.2174603174603176;0.0;4.911111111111111;0.21965811965811963;2.0940170940170937;2.3133333333333335;6.0;0.0;1.3039682539682538;0.0;5.58931623931624;0.20341880341880336;2.1145299145299146;2.5700000000000003;6.0;1.0;1.2;0.0;4.644444444444445;0.18888888888888886;2.0555555555555554;2.32;6.0;1.0;1.211111111111111;0.0;5.755555555555556;0.19999999999999996;2.111111111111111;2.731666666666667;6.0;2.0;1.4000000000000004;0.0111111111111111;25.988888888888884;4.522222222222221;2.111111111111111;3.191666666666667;6.0;2.0;1.1555555555555557;0.0;5.711111111111111;0.23333333333333336;1.8555555555555554;2.5833333333333335;6.0;3.0;0.0
1.4555555555555557;0.022222222222222216;7.644444444444445;0.23333333333333328;2.4555555555555553;3.9966666666666666;5.0;23.0;1.9333333333333333;0.0;6.855555555555555;0.24444444444444444;2.4555555555555553;3.583333333333334;5.0;23.0;1.3666666666666665;0.0;6.855555555555555;0.21111111111111105;2.1444444444444444;3.066666666666667;6.0;0.0;1.2174603174603176;0.0;4.911111111111111;0.21965811965811963;2.0940170940170937;2.3133333333333335;6.0;0.0;1.3039682539682538;0.0;5.58931623931624;0.20341880341880336;2.1145299145299146;2.5700000000000003;6.0;1.0;1.2;0.0;4.644444444444445;0.18888888888888886;2.0555555555555554;2.32;6.0;1.0;1.211111111111111;0.0;5.755555555555556;0.19999999999999996;2.111111111111111;2.731666666666667;6.0;2.0;1.4000000000000004;0.0111111111111111;25.988888888888884;4.522222222222221;2.111111111111111;3.191666666666667;6.0;2.0;1.1555555555555557;0.0;5.711111111111111;0.23333333333333336;1.8555555555555554;2.5833333333333335;6.0;3.0;1.1555555555555557;0.0;4.9;0.2222222222222222;1.8333333333333333;1.9400000000000002;6.0;3.0;0.0
1.9333333333333333;0.0;6.855555555555555;0.24444444444444444;2.4555555555555553;3.583333333333334;5.0;23.0;1.3666666666666665;0.0;6.855555555555555;0.21111111111111105;2.1444444444444444;3.066666666666667;6.0;0.0;1.2174603174603176;0.0;4.911111111111111;0.21965811965811963;2.0940170940170937;2.3133333333333335;6.0;0.0;1.3039682539682538;0.0;5.58931623931624;0.20341880341880336;2.1145299145299146;2.5700000000000003;6.0;1.0;1.2;0.0;4.644444444444445;0.18888888888888886;2.0555555555555554;2.32;6.0;1.0;1.211111111111111;0.0;5.755555555555556;0.19999999999999996;2.111111111111111;2.731666666666667;6.0;2.0;1.4000000000000004;0.0111111111111111;25.988888888888884;4.522222222222221;2.111111111111111;3.191666666666667;6.0;2.0;1.1555555555555557;0.0;5.711111111111111;0.23333333333333336;1.8555555555555554;2.5833333333333335;6.0;3.0;1.1555555555555557;0.0;4.9;0.2222222222222222;1.8333333333333333;1.9400000000000002;6.0;3.0;1.1777777777777778;0.0;5.5;0.21111111111111105;1.8444444444444443;2.125;6.0;4.0;0.0
1.3666666666666665;0.0;6.855555555555555;0.21111111111111105;2.1444444444444444;3.066666666666667;6.0;0.0;1.2174603174603176;0.0;4.911111111111111;0.21965811965811963;2.0940170940170937;2.3133333333333335;6.0;0.0;1.3039682539682538;0.0;5.58931623931624;0.20341880341880336;2.1145299145299146;2.5700000000000003;6.0;1.0;1.2;0.0;4.644444444444445;0.18888888888888886;2.0555555555555554;2.32;6.0;1.0;1.211111111111111;0.0;5.755555555555556;0.19999999999999996;2.111111111111111;2.731666666666667;6.0;2.0;1.4000000000000004;0.0111111111111111;25.988888888888884;4.522222222222221;2.111111111111111;3.191666666666667;6.0;2.0;1.1555555555555557;0.0;5.711111111111111;0.23333333333333336;1.8555555555555554;2.5833333333333335;6.0;3.0;1.1555555555555557;0.0;4.9;0.2222222222222222;1.8333333333333333;1.9400000000000002;6.0;3.0;1.1777777777777778;0.0;5.5;0.21111111111111105;1.8444444444444443;2.125;6.0;4.0;1.1666666666666667;0.0;4.633333333333334;0.24444444444444444;1.8333333333333333;2.146666666666667;6.0;4.0;0.0
1.2174603174603176;0.0;4.911111111111111;0.21965811965811963;2.0940170940170937;2.3133333333333335;6.0;0.0;1.3039682539682538;0.0;5.58931623931624;0.20341880341880336;2.1145299145299146;2.5700000000000003;6.0;1.0;1.2;0.0;4.644444444444445;0.18888888888888886;2.0555555555555554;2.32;6.0;1.0;1.211111111111111;0.0;5.755555555555556;0.19999999999999996;2.111111111111111;2.731666666666667;6.0;2.0;1.4000000000000004;0.0111111111111111;25.988888888888884;4.522222222222221;2.111111111111111;3.191666666666667;6.0;2.0;1.1555555555555557;0.0;5.711111111111111;0.23333333333333336;1.8555555555555554;2.5833333333333335;6.0;3.0;1.1555555555555557;0.0;4.9;0.2222222222222222;1.8333333333333333;1.9400000000000002;6.0;3.0;1.1777777777777778;0.0;5.5;0.21111111111111105;1.8444444444444443;2.125;6.0;4.0;1.1666666666666667;0.0;4.633333333333334;0.24444444444444444;1.8333333333333333;2.146666666666667;6.0;4.0;1.1222222222222222;0.0;5.866666666666666;0.2222222222222222;1.8333333333333333;1.9733333333333334;6.0;5.0;0.0
1.3039682539682538;0.0;5.58931623931624;0.20341880341880336;2.1145299145299146;2.5700000000000003;6.0;1.0;1.2;0.0;4.644444444444445;0.18888888888888886;2.0555555555555554;2.32;6.0;1.0;1.211111111111111;0.0;5.755555555555556;0.19999999999999996;2.111111111111111;2.731666666666667;6.0;2.0;1.4000000000000004;0.0111111111111111;25.988888888888884;4.522222222222221;2.111111111111111;3.191666666666667;6.0;2.0;1.1555555555555557;0.0;5.711111111111111;0.23333333333333336;1.8555555555555554;2.5833333333333335;6.0;3.0;1.1555555555555557;0.0;4.9;0.2222222222222222;1.8333333333333333;1.9400000000000002;6.0;3.0;1.1777777777777778;0.0;5.5;0.21111111111111105;1.8444444444444443;2.125;6.0;4.0;1.1666666666666667;0.0;4.633333333333334;0.24444444444444444;1.8333333333333333;2.146666666666667;6.0;4.0;1.1222222222222222;0.0;5.866666666666666;0.2222222222222222;1.8333333333333333;1.9733333333333334;6.0;5.0;1.1;0.0;5.011111111111111;0.18888888888888886;1.777777777777778;1.8950000000000002;6.0;5.0;0.0
1.2;0.0;4.644444444444445;0.18888888888888886;2.0555555555555554;2.32;6.0;1.0;1.211111111111111;0.0;5.755555555555556;0.19999999999999996;2.111111111111111;2.731666666666667;6.0;2.0;1.4000000000000004;0.0111111111111111;25.988888888888884;4.522222222222221;2.111111111111111;3.191666666666667;6.0;2.0;1.1555555555555557;0.0;5.711111111111111;0.23333333333333336;1.8555555555555554;2.5833333333333335;6.0;3.0;1.1555555555555557;0.0;4.9;0.2222222222222222;1.8333333333333333;1.9400000000000002;6.0;3.0;1.1777777777777778;0.0;5.5;0.21111111111111105;1.8444444444444443;2.125;6.0;4.0;1.1666666666666667;0.0;4.633333333333334;0.24444444444444444;1.8333333333333333;2.146666666666667;6.0;4.0;1.1222222222222222;0.0;5.866666666666666;0.2222222222222222;1.8333333333333333;1.9733333333333334;6.0;5.0;1.1;0.0;5.011111111111111;0.18888888888888886;1.777777777777778;1.8950000000000002;6.0;5.0;1.1333333333333333;0.0;5.711111111111111;0.2222222222222222;1.8111111111111111;2.341666666666667;6.0;6.0;0.0
1.211111111111111;0.0;5.755555555555556;0.19999999999999996;2.111111111111111;2.731666666666667;6.0;2.0;1.4000000000000004;0.0111111111111111;25.988888888888884;4.522222222222221;2.111111111111111;3.191666666666667;6.0;2.0;1.1555555555555557;0.0;5.711111111111111;0.23333333333333336;1.8555555555555554;2.5833333333333335;6.0;3.0;1.1555555555555557;0.0;4.9;0.2222222222222222;1.8333333333333333;1.9400000000000002;6.0;3.0;1.1777777777777778;0.0;5.5;0.21111111111111105;1.8444444444444443;2.125;6.0;4.0;1.1666666666666667;0.0;4.633333333333334;0.24444444444444444;1.8333333333333333;2.146666666666667;6.0;4.0;1.1222222222222222;0.0;5.866666666666666;0.2222222222222222;1.8333333333333333;1.9733333333333334;6.0;5.0;1.1;0.0;5.011111111111111;0.18888888888888886;1.777777777777778;1.8950000000000002;6.0;5.0;1.1333333333333333;0.0;5.711111111111111;0.2222222222222222;1.8111111111111111;2.341666666666667;6.0;6.0;1.1;0.0;4.933333333333334;0.19999999999999996;1.777777777777778;2.066666666666667;6.0;6.0;0.0
1.4000000000000004;0.0111111111111111;25.988888888888884;4.522222222222221;2.111111111111111;3.191666666666667;6.0;2.0;1.1555555555555557;0.0;5.711111111111111;0.23333333333333336;1.8555555555555554;2.5833333333333335;6.0;3.0;1.1555555555555557;0.0;4.9;0.2222222222222222;1.8333333333333333;1.9400000000000002;6.0;3.0;1.1777777777777778;0.0;5.5;0.21111111111111105;1.8444444444444443;2.125;6.0;4.0;1.1666666666666667;0.0;4.633333333333334;0.24444444444444444;1.8333333333333333;2.146666666666667;6.0;4.0;1.1222222222222222;0.0;5.866666666666666;0.2222222222222222;1.8333333333333333;1.9733333333333334;6.0;5.0;1.1;0.0;5.011111111111111;0.18888888888888886;1.777777777777778;1.8950000000000002;6.0;5.0;1.1333333333333333;0.0;5.711111111111111;0.2222222222222222;1.8111111111111111;2.341666666666667;6.0;6.0;1.1;0.0;4.933333333333334;0.19999999999999996;1.777777777777778;2.066666666666667;6.0;6.0;1.1333333333333333;0.0;5.711111111111111;0.21111111111111105;1.8;2.86;6.0;7.0;0.0
1.1555555555555557;0.0;5.711111111111111;0.23333333333333336;1.8555555555555554;2.5833333333333335;6.0;3.0;1.1555555555555557;0.0;4.9;0.2222222222222222;1.8333333333333333;1.9400000000000002;6.0;3.0;1.1777777777777778;0.0;5.5;0.21111111111111105;1.8444444444444443;2.125;6.0;4.0;1.1666666666666667;0.0;4.633333333333334;0.24444444444444444;1.8333333333333333;2.146666666666667;6.0;4.0;1.1222222222222222;0.0;5.866666666666666;0.2222222222222222;1.8333333333333333;1.9733333333333334;6.0;5.0;1.1;0.0;5.011111111111111;0.18888888888888886;1.777777777777778;1.8950000000000002;6.0;5.0;1.1333333333333333;0.0;5.711111111111111;0.2222222222222222;1.8111111111111111;2.341666666666667;6.0;6.0;1.1;0.0;4.933333333333334;0.19999999999999996;1.777777777777778;2.066666666666667;6.0;6.0;1.1333333333333333;0.0;5.711111111111111;0.21111111111111105;1.8;2.86;6.0;7.0;1.1;0.0;4.833333333333333;0.19999999999999996;1.8333333333333333;2.8699999999999997;6.0;7.0;0.0
1.1555555555555557;0.0;4.9;0.2222222222222222;1.8333333333333333;1.9400000000000002;6.0;3.0;1.1777777777777778;0.0;5.5;0.21111111111111105;1.8444444444444443;2.125;6.0;4.0;1.1666666666666667;0.0;4.633333333333334;0.24444444444444444;1.8333333333333333;2.146666666666667;6.0;4.0;1.1222222222222222;0.0;5.866666666666666;0.2222222222222222;1.8333333333333333;1.9733333333333334;6.0;5.0;1.1;0.0;5.011111111111111;0.18888888888888886;1.777777777777778;1.8950000000000002;6.0;5.0;1.1333333333333333;0.0;5.711111111111111;0.2222222222222222;1.8111111111111111;2.341666666666667;6.0;6.0;1.1;0.0;4.933333333333334;0.19999999999999996;1.777777777777778;2.066666666666667;6.0;6.0;1.1333333333333333;0.0;5.711111111111111;0.21111111111111105;1.8;2.86;6.0;7.0;1.1;0.0;4.833333333333333;0.19999999999999996;1.8333333333333333;2.8699999999999997;6.0;7.0;1.1333333333333333;0.0;5.888888888888889;0.2222222222222222;1.8111111111111111;2.8466666666666662;6.0;8.0;0.0
1.1777777777777778;0.0;5.5;0.21111111111111105;1.8444444444444443;2.125;6.0;4.0;1.1666666666666667;0.0;4.633333333333334;0.24444444444444444;1.8333333333333333;2.146666666666667;6.0;4.0;1.1222222222222222;0.0;5.866666666666666;0.2222222222222222;1.8333333333333333;1.9733333333333334;6.0;5.0;1.1;0.0;5.011111111111111;0.18888888888888886;1.777777777777778;1.8950000000000002;6.0;5.0;1.1333333333333333;0.0;5.711111111111111;0.2222222222222222;1.8111111111111111;2.341666666666667;6.0;6.0;1.1;0.0;4.933333333333334;0.19999999999999996;1.777777777777778;2.066666666666667;6.0;6.0;1.1333333333333333;0.0;5.711111111111111;0.21111111111111105;1.8;2.86;6.0;7.0;1.1;0.0;4.833333333333333;0.19999999999999996;1.8333333333333333;2.8699999999999997;6.0;7.0;1.1333333333333333;0.0;5.888888888888889;0.2222222222222222;1.8111111111111111;2.8466666666666662;6.0;8.0;1.1111111111111112;0.0;4.966666666666667;0.19999999999999996;1.8222222222222222;3.01;6.0;8.0;0.0
1.1666666666666667;0.0;4.633333333333334;0.24444444444444444;1.8333333333333333;2.146666666666667;6.0;4.0;1.1222222222222222;0.0;5.866666666666666;0.2222222222222222;1.8333333333333333;1.9733333333333334;6.0;5.0;1.1;0.0;5.011111111111111;0.18888888888888886;1.777777777777778;1.8950000000000002;6.0;5.0;1.1333333333333333;0.0;5.711111111111111;0.2222222222222222;1.8111111111111111;2.341666666666667;6.0;6.0;1.1;0.0;4.933333333333334;0.19999999999999996;1.777777777777778;2.066666666666667;6.0;6.0;1.1333333333333333;0.0;5.711111111111111;0.21111111111111105;1.8;2.86;6.0;7.0;1.1;0.0;4.833333333333333;0.19999999999999996;1.8333333333333333;2.8699999999999997;6.0;7.0;1.1333333333333333;0.0;5.888888888888889;0.2222222222222222;1.8111111111111111;2.8466666666666662;6.0;8.0;1.1111111111111112;0.0;4.966666666666667;0.19999999999999996;1.8222222222222222;3.01;6.0;8.0;1.1555555555555554;0.0;5.866666666666666;0.21111111111111105;1.8;2.376666666666667;6.0;9.0;0.0
1.1222222222222222;0.0;5.866666666666666;0.2222222222222222;1.8333333333333333;1.9733333333333334;6.0;5.0;1.1;0.0;5.011111111111111;0.18888888888888886;1.777777777777778;1.8950000000000002;6.0;5.0;1.1333333333333333;0.0;5.711111111111111;0.2222222222222222;1.8111111111111111;2.341666666666667;6.0;6.0;1.1;0.0;4.933333333333334;0.19999999999999996;1.777777777777778;2.066666666666667;6.0;6.0;1.1333333333333333;0.0;5.711111111111111;0.21111111111111105;1.8;2.86;6.0;7.0;1.1;0.0;4.833333333333333;0.19999999999999996;1.8333333333333333;2.8699999999999997;6.0;7.0;1.1333333333333333;0.0;5.888888888888889;0.2222222222222222;1.8111111111111111;2.8466666666666662;6.0;8.0;1.1111111111111112;0.0;4.966666666666667;0.19999999999999996;1.8222222222222222;3.01;6.0;8.0;1.1555555555555554;0.0;5.866666666666666;0.21111111111111105;1.8;2.376666666666667;6.0;9.0;1.1222222222222225;0.0;4.988888888888889;0.19999999999999996;1.7000000000000002;2.7916666666666665;6.0;9.0;0.0
1.1;0.0;5.011111111111111;0.18888888888888886;1.777777777777778;1.8950000000000002;6.0;5.0;1.1333333333333333;0.0;5.711111111111111;0.2222222222222222;1.8111111111111111;2.341666666666667;6.0;6.0;1.1;0.0;4.933333333333334;0.19999999999999996;1.777777777777778;2.066666666666667;6.0;6.0;1.1333333333333333;0.0;5.711111111111111;0.21111111111111105;1.8;2.86;6.0;7.0;1.1;0.0;4.833333333333333;0.19999999999999996;1.8333333333333333;2.8699999999999997;6.0;7.0;1.1333333333333333;0.0;5.888888888888889;0.2222222222222222;1.8111111111111111;2.8466666666666662;6.0;8.0;1.1111111111111112;0.0;4.966666666666667;0.19999999999999996;1.8222222222222222;3.01;6.0;8.0;1.1555555555555554;0.0;5.866666666666666;0.21111111111111105;1.8;2.376666666666667;6.0;9.0;1.1222222222222225;0.0;4.988888888888889;0.19999999999999996;1.7000000000000002;2.7916666666666665;6.0;9.0;1.1444444444444444;0.0;5.788888888888889;0.2222222222222222;1.677777777777778;2.433333333333333;6.0;10.0;0.0
1.1333333333333333;0.0;5.711111111111111;0.2222222222222222;1.8111111111111111;2.341666666666667;6.0;6.0;1.1;0.0;4.933333333333334;0.19999999999999996;1.777777777777778;2.066666666666667;6.0;6.0;1.1333333333333333;0.0;5.711111111111111;0.21111111111111105;1.8;2.86;6.0;7.0;1.1;0.0;4.833333333333333;0.19999999999999996;1.8333333333333333;2.8699999999999997;6.0;7.0;1.1333333333333333;0.0;5.888888888888889;0.2222222222222222;1.8111111111111111;2.8466666666666662;6.0;8.0;1.1111111111111112;0.0;4.966666666666667;0.19999999999999996;1.8222222222222222;3.01;6.0;8.0;1.1555555555555554;0.0;5.866666666666666;0.21111111111111105;1.8;2.376666666666667;6.0;9.0;1.1222222222222225;0.0;4.988888888888889;0.19999999999999996;1.7000000000000002;2.7916666666666665;6.0;9.0;1.1444444444444444;0.0;5.788888888888889;0.2222222222222222;1.677777777777778;2.433333333333333;6.0;10.0;1.12;0.0;4.7333333333333325;0.2533333333333333;1.6666666666666667;2.372;6.0;10.0;0.0
1.1;0.0;4.933333333333334;0.19999999999999996;1.777777777777778;2.066666666666667;6.0;6.0;1.1333333333333333;0.0;5.711111111111111;0.21111111111111105;1.8;2.86;6.0;7.0;1.1;0.0;4.833333333333333;0.19999999999999996;1.8333333333333333;2.8699999999999997;6.0;7.0;1.1333333333333333;0.0;5.888888888888889;0.2222222222222222;1.8111111111111111;2.8466666666666662;6.0;8.0;1.1111111111111112;0.0;4.966666666666667;0.19999999999999996;1.8222222222222222;3.01;6.0;8.0;1.1555555555555554;0.0;5.866666666666666;0.21111111111111105;1.8;2.376666666666667;6.0;9.0;1.1222222222222225;0.0;4.988888888888889;0.19999999999999996;1.7000000000000002;2.7916666666666665;6.0;9.0;1.1444444444444444;0.0;5.788888888888889;0.2222222222222222;1.677777777777778;2.433333333333333;6.0;10.0;1.12;0.0;4.7333333333333325;0.2533333333333333;1.6666666666666667;2.372;6.0;10.0;1.1666666666666667;0.0;5.900000000000001;0.26666666666666666;1.633333333333333;2.515;6.0;11.0;0.0
1.1333333333333333;0.0;5.711111111111111;0.21111111111111105;1.8;2.86;6.0;7.0;1.1;0.0;4.833333333333333;0.19999999999999996;1.8333333333333333;2.8699999999999997;6.0;7.0;1.1333333333333333;0.0;5.888888888888889;0.2222222222222222;1.8111111111111111;2.8466666666666662;6.0;8.0;1.1111111111111112;0.0;4.966666666666667;0.19999999999999996;1.8222222222222222;3.01;6.0;8.0;1.1555555555555554;0.0;5.866666666666666;0.21111111111111105;1.8;2.376666666666667;6.0;9.0;1.1222222222222225;0.0;4.988888888888889;0.19999999999999996;1.7000000000000002;2.7916666666666665;6.0;9.0;1.1444444444444444;0.0;5.788888888888889;0.2222222222222222;1.677777777777778;2.433333333333333;6.0;10.0;1.12;0.0;4.7333333333333325;0.2533333333333333;1.6666666666666667;2.372;6.0;10.0;1.1666666666666667;0.0;5.900000000000001;0.26666666666666666;1.633333333333333;2.515;6.0;11.0;1.1;0.0;5.0888888888888895;0.19999999999999996;1.7000000000000002;2.526666666666667;6.0;11.0;0.0
1.1;0.0;4.833333333333333;0.19999999999999996;1.8333333333333333;2.8699999999999997;6.0;7.0;1.1333333333333333;0.0;5.888888888888889;0.2222222222222222;1.8111111111111111;2.8466666666666662;6.0;8.0;1.1111111111111112;0.0;4.966666666666667;0.19999999999999996;1.8222222222222222;3.01;6.0;8.0;1.1555555555555554;0.0;5.866666666666666;0.21111111111111105;1.8;2.376666666666667;6.0;9.0;1.1222222222222225;0.0;4.988888888888889;0.19999999999999996;1.7000000000000002;2.7916666666666665;6.0;9.0;1.1444444444444444;0.0;5.788888888888889;0.2222222222222222;1.677777777777778;2.433333333333333;6.0;10.0;1.12;0.0;4.7333333333333325;0.2533333333333333;1.6666666666666667;2.372;6.0;10.0;1.1666666666666667;0.0;5.900000000000001;0.26666666666666666;1.633333333333333;2.515;6.0;11.0;1.1;0.0;5.0888888888888895;0.19999999999999996;1.7000000000000002;2.526666666666667;6.0;11.0;1.1555555555555557;0.0;5.922222222222222;0.24444444444444446;1.6222222222222225;1.825;6.0;12.0;0.0
1.1333333333333333;0.0;5.888888888888889;0.2222222222222222;1.8111111111111111;2.8466666666666662;6.0;8.0;1.1111111111111112;0.0;4.966666666666667;0.19999999999999996;1.8222222222222222;3.01;6.0;8.0;1.1555555555555554;0.0;5.866666666666666;0.21111111111111105;1.8;2.376666666666667;6.0;9.0;1.1222222222222225;0.0;4.988888888888889;0.19999999999999996;1.7000000000000002;2.7916666666666665;6.0;9.0;1.1444444444444444;0.0;5.788888888888889;0.2222222222222222;1.677777777777778;2.433333333333333;6.0;10.0;1.12;0.0;4.7333333333333325;0.2533333333333333;1.6666666666666667;2.372;6.0;10.0;1.1666666666666667;0.0;5.900000000000001;0.26666666666666666;1.633333333333333;2.515;6.0;11.0;1.1;0.0;5.0888888888888895;0.19999999999999996;1.7000000000000002;2.526666666666667;6.0;11.0;1.1555555555555557;0.0;5.922222222222222;0.24444444444444446;1.6222222222222225;1.825;6.0;12.0;1.177777777777778;0.0;5.044444444444444;0.22222222222222218;1.622222222222222;2.6283333333333334;6.0;12.0;0.0
1.1111111111111112;0.0;4.966666666666667;0.19999999999999996;1.8222222222222222;3.01;6.0;8.0;1.1555555555555554;0.0;5.866666666666666;0.21111111111111105;1.8;2.376666666666667;6.0;9.0;1.1222222222222225;0.0;4.988888888888889;0.19999999999999996;1.7000000000000002;2.7916666666666665;6.0;9.0;1.1444444444444444;0.0;5.788888888888889;0.2222222222222222;1.677777777777778;2.433333333333333;6.0;10.0;1.12;0.0;4.7333333333333325;0.2533333333333333;1.6666666666666667;2.372;6.0;10.0;1.1666666666666667;0.0;5.900000000000001;0.26666666666666666;1.633333333333333;2.515;6.0;11.0;1.1;0.0;5.0888888888888895;0.19999999999999996;1.7000000000000002;2.526666666666667;6.0;11.0;1.1555555555555557;0.0;5.922222222222222;0.24444444444444446;1.6222222222222225;1.825;6.0;12.0;1.177777777777778;0.0;5.044444444444444;0.22222222222222218;1.622222222222222;2.6283333333333334;6.0;12.0;1.1666666666666667;0.0;5.622222222222223;0.21111111111111105;1.6333333333333335;2.561666666666667;6.0;13.0;0.0
1.1555555555555554;0.0;5.866666666666666;0.21111111111111105;1.8;2.376666666666667;6.0;9.0;1.1222222222222225;0.0;4.988888888888889;0.19999999999999996;1.7000000000000002;2.7916666666666665;6.0;9.0;1.1444444444444444;0.0;5.788888888888889;0.2222222222222222;1.677777777777778;2.433333333333333;6.0;10.0;1.12;0.0;4.7333333333333325;0.2533333333333333;1.6666666666666667;2.372;6.0;10.0;1.1666666666666667;0.0;5.900000000000001;0.26666666666666666;1.633333333333333;2.515;6.0;11.0;1.1;0.0;5.0888888888888895;0.19999999999999996;1.7000000000000002;2.526666666666667;6.0;11.0;1.1555555555555557;0.0;5.922222222222222;0.24444444444444446;1.6222222222222225;1.825;6.0;12.0;1.177777777777778;0.0;5.044444444444444;0.22222222222222218;1.622222222222222;2.6283333333333334;6.0;12.0;1.1666666666666667;0.0;5.622222222222223;0.21111111111111105;1.6333333333333335;2.561666666666667;6.0;13.0;1.1444444444444446;0.0;4.777777777777778;0.19999999999999996;1.6333333333333335;2.2833333333333337;6.0;13.0;0.0
1.1222222222222225;0.0;4.988888888888889;0.19999999999999996;1.7000000000000002;2.7916666666666665;6.0;9.0;1.1444444444444444;0.0;5.788888888888889;0.2222222222222222;1.677777777777778;2.433333333333333;6.0;10.0;1.12;0.0;4.7333333333333325;0.2533333333333333;1.6666666666666667;2.372;6.0;10.0;1.1666666666666667;0.0;5.900000000000001;0.26666666666666666;1.633333333333333;2.515;6.0;11.0;1.1;0.0;5.0888888888888895;0.19999999999999996;1.7000000000000002;2.526666666666667;6.0;11.0;1.1555555555555557;0.0;5.922222222222222;0.24444444444444446;1.6222222222222225;1.825;6.0;12.0;1.177777777777778;0.0;5.044444444444444;0.22222222222222218;1.622222222222222;2.6283333333333334;6.0;12.0;1.1666666666666667;0.0;5.622222222222223;0.21111111111111105;1.6333333333333335;2.561666666666667;6.0;13.0;1.1444444444444446;0.0;4.777777777777778;0.19999999999999996;1.6333333333333335;2.2833333333333337;6.0;13.0;1.2111111111111112;0.0;5.855555555555555;0.25555555555555554;1.6666666666666667;2.6750000000000003;6.0;14.0;0.0
1.1444444444444444;0.0;5.788888888888889;0.2222222222222222;1.677777777777778;2.433333333333333;6.0;10.0;1.12;0.0;4.7333333333333325;0.2533333333333333;1.6666666666666667;2.372;6.0;10.0;1.1666666666666667;0.0;5.900000000000001;0.26666666666666666;1.633333333333333;2.515;6.0;11.0;1.1;0.0;5.0888888888888895;0.19999999999999996;1.7000000000000002;2.526666666666667;6.0;11.0;1.1555555555555557;0.0;5.922222222222222;0.24444444444444446;1.6222222222222225;1.825;6.0;12.0;1.177777777777778;0.0;5.044444444444444;0.22222222222222218;1.622222222222222;2.6283333333333334;6.0;12.0;1.1666666666666667;0.0;5.622222222222223;0.21111111111111105;1.6333333333333335;2.561666666666667;6.0;13.0;1.1444444444444446;0.0;4.777777777777778;0.19999999999999996;1.6333333333333335;2.2833333333333337;6.0;13.0;1.2111111111111112;0.0;5.855555555555555;0.25555555555555554;1.6666666666666667;2.6750000000000003;6.0;14.0;1.166666666666667;0.0;4.966666666666668;0.19999999999999996;1.788888888888889;2.3766666666666665;6.0;14.0;0.0
1.12;0.0;4.7333333333333325;0.2533333333333333;1.6666666666666667;2.372;6.0;10.0;1.1666666666666667;0.0;5.900000000000001;0.26666666666666666;1.633333333333333;2.515;6.0;11.0;1.1;0.0;5.0888888888888895;0.19999999999999996;1.7000000000000002;2.526666666666667;6.0;11.0;1.1555555555555557;0.0;5.922222222222222;0.24444444444444446;1.6222222222222225;1.825;6.0;12.0;1.177777777777778;0.0;5.044444444444444;0.22222222222222218;1.622222222222222;2.6283333333333334;6.0;12.0;1.1666666666666667;0.0;5.622222222222223;0.21111111111111105;1.6333333333333335;2.561666666666667;6.0;13.0;1.1444444444444446;0.0;4.777777777777778;0.19999999999999996;1.6333333333333335;2.2833333333333337;6.0;13.0;1.2111111111111112;0.0;5.855555555555555;0.25555555555555554;1.6666666666666667;2.6750000000000003;6.0;14.0;1.166666666666667;0.0;4.966666666666668;0.19999999999999996;1.788888888888889;2.3766666666666665;6.0;14.0;1.1777777777777778;0.0;5.788888888888889;0.21111111111111105;1.811111111111111;2.4683333333333333;6.0;15.0;0.0
1.1666666666666667;0.0;5.900000000000001;0.26666666666666666;1.633333333333333;2.515;6.0;11.0;1.1;0.0;5.0888888888888895;0.19999999999999996;1.7000000000000002;2.526666666666667;6.0;11.0;1.1555555555555557;0.0;5.922222222222222;0.24444444444444446;1.6222222222222225;1.825;6.0;12.0;1.177777777777778;0.0;5.044444444444444;0.22222222222222218;1.622222222222222;2.6283333333333334;6.0;12.0;1.1666666666666667;0.0;5.622222222222223;0.21111111111111105;1.6333333333333335;2.561666666666667;6.0;13.0;1.1444444444444446;0.0;4.777777777777778;0.19999999999999996;1.6333333333333335;2.2833333333333337;6.0;13.0;1.2111111111111112;0.0;5.855555555555555;0.25555555555555554;1.6666666666666667;2.6750000000000003;6.0;14.0;1.166666666666667;0.0;4.966666666666668;0.19999999999999996;1.788888888888889;2.3766666666666665;6.0;14.0;1.1777777777777778;0.0;5.788888888888889;0.21111111111111105;1.811111111111111;2.4683333333333333;6.0;15.0;1.1222222222222222;0.0;5.088888888888889;0.19999999999999996;1.777777777777778;2.605;6.0;15.0;0.0
1.1;0.0;5.0888888888888895;0.19999999999999996;1.7000000000000002;2.526666666666667;6.0;11.0;1.1555555555555557;0.0;5.922222222222222;0.24444444444444446;1.6222222222222225;1.825;6.0;12.0;1.177777777777778;0.0;5.044444444444444;0.22222222222222218;1.622222222222222;2.6283333333333334;6.0;12.0;1.1666666666666667;0.0;5.622222222222223;0.21111111111111105;1.6333333333333335;2.561666666666667;6.0;13.0;1.1444444444444446;0.0;4.777777777777778;0.19999999999999996;1.6333333333333335;2.2833333333333337;6.0;13.0;1.2111111111111112;0.0;5.855555555555555;0.25555555555555554;1.6666666666666667;2.6750000000000003;6.0;14.0;1.166666666666667;0.0;4.966666666666668;0.19999999999999996;1.788888888888889;2.3766666666666665;6.0;14.0;1.1777777777777778;0.0;5.788888888888889;0.21111111111111105;1.811111111111111;2.4683333333333333;6.0;15.0;1.1222222222222222;0.0;5.088888888888889;0.19999999999999996;1.777777777777778;2.605;6.0;15.0;1.1555555555555557;0.0;5.766666666666667;0.21111111111111105;1.7888888888888888;2.2849999999999997;6.0;16.0;0.0
1.1555555555555557;0.0;5.922222222222222;0.24444444444444446;1.6222222222222225;1.825;6.0;12.0;1.177777777777778;0.0;5.044444444444444;0.22222222222222218;1.622222222222222;2.6283333333333334;6.0;12.0;1.1666666666666667;0.0;5.622222222222223;0.21111111111111105;1.6333333333333335;2.561666666666667;6.0;13.0;1.1444444444444446;0.0;4.777777777777778;0.19999999999999996;1.6333333333333335;2.2833333333333337;6.0;13.0;1.2111111111111112;0.0;5.855555555555555;0.25555555555555554;1.6666666666666667;2.6750000000000003;6.0;14.0;1.166666666666667;0.0;4.966666666666668;0.19999999999999996;1.788888888888889;2.3766666666666665;6.0;14.0;1.1777777777777778;0.0;5.788888888888889;0.21111111111111105;1.811111111111111;2.4683333333333333;6.0;15.0;1.1222222222222222;0.0;5.088888888888889;0.19999999999999996;1.777777777777778;2.605;6.0;15.0;1.1555555555555557;0.0;5.766666666666667;0.21111111111111105;1.7888888888888888;2.2849999999999997;6.0;16.0;1.1222222222222222;0.0;4.877777777777777;0.19999999999999996;1.788888888888889;2.47;6.0;16.0;0.0
1.177777777777778;0.0;5.044444444444444;0.22222222222222218;1.622222222222222;2.6283333333333334;6.0;12.0;1.1666666666666667;0.0;5.622222222222223;0.21111111111111105;1.6333333333333335;2.561666666666667;6.0;13.0;1.1444444444444446;0.0;4.777777777777778;0.19999999999999996;1.6333333333333335;2.2833333333333337;6.0;13.0;1.2111111111111112;0.0;5.855555555555555;0.25555555555555554;1.6666666666666667;2.6750000000000003;6.0;14.0;1.166666666666667;0.0;4.966666666666668;0.19999999999999996;1.788888888888889;2.3766666666666665;6.0;14.0;1.1777777777777778;0.0;5.788888888888889;0.21111111111111105;1.811111111111111;2.4683333333333333;6.0;15.0;1.1222222222222222;0.0;5.088888888888889;0.19999999999999996;1.777777777777778;2.605;6.0;15.0;1.1555555555555557;0.0;5.766666666666667;0.21111111111111105;1.7888888888888888;2.2849999999999997;6.0;16.0;1.1222222222222222;0.0;4.877777777777777;0.19999999999999996;1.788888888888889;2.47;6.0;16.0;1.1222222222222222;0.0;6.01111111111111;0.2222222222222222;1.7777777777777777;2.033333333333333;6.0;17.0;0.0
1.1666666666666667;0.0;5.622222222222223;0.21111111111111105;1.6333333333333335;2.561666666666667;6.0;13.0;1.1444444444444446;0.0;4.777777777777778;0.19999999999999996;1.6333333333333335;2.2833333333333337;6.0;13.0;1.2111111111111112;0.0;5.855555555555555;0.25555555555555554;1.6666666666666667;2.6750000000000003;6.0;14.0;1.166666666666667;0.0;4.966666666666668;0.19999999999999996;1.788888888888889;2.3766666666666665;6.0;14.0;1.1777777777777778;0.0;5.788888888888889;0.21111111111111105;1.811111111111111;2.4683333333333333;6.0;15.0;1.1222222222222222;0.0;5.088888888888889;0.19999999999999996;1.777777777777778;2.605;6.0;15.0;1.1555555555555557;0.0;5.766666666666667;0.21111111111111105;1.7888888888888888;2.2849999999999997;6.0;16.0;1.1222222222222222;0.0;4.877777777777777;0.19999999999999996;1.788888888888889;2.47;6.0;16.0;1.1222222222222222;0.0;6.01111111111111;0.2222222222222222;1.7777777777777777;2.033333333333333;6.0;17.0;1.1333333333333335;0.0;5.177777777777778;0.19999999999999996;1.788888888888889;2.32;6.0;17.0;0.0
1.1444444444444446;0.0;4.777777777777778;0.19999999999999996;1.6333333333333335;2.2833333333333337;6.0;13.0;1.2111111111111112;0.0;5.855555555555555;0.25555555555555554;1.6666666666666667;2.6750000000000003;6.0;14.0;1.166666666666667;0.0;4.966666666666668;0.19999999999999996;1.788888888888889;2.3766666666666665;6.0;14.0;1.1777777777777778;0.0;5.788888888888889;0.21111111111111105;1.811111111111111;2.4683333333333333;6.0;15.0;1.1222222222222222;0.0;5.088888888888889;0.19999999999999996;1.777777777777778;2.605;6.0;15.0;1.1555555555555557;0.0;5.766666666666667;0.21111111111111105;1.7888888888888888;2.2849999999999997;6.0;16.0;1.1222222222222222;0.0;4.877777777777777;0.19999999999999996;1.788888888888889;2.47;6.0;16.0;1.1222222222222222;0.0;6.01111111111111;0.2222222222222222;1.7777777777777777;2.033333333333333;6.0;17.0;1.1333333333333335;0.0;5.177777777777778;0.19999999999999996;1.788888888888889;2.32;6.0;17.0;1.1222222222222222;0.0;5.877777777777777;0.21111111111111105;1.8;2.94;6.0;18.0;0.0
1.2111111111111112;0.0;5.855555555555555;0.25555555555555554;1.6666666666666667;2.6750000000000003;6.0;14.0;1.166666666666667;0.0;4.966666666666668;0.19999999999999996;1.788888888888889;2.3766666666666665;6.0;14.0;1.1777777777777778;0.0;5.788888888888889;0.21111111111111105;1.811111111111111;2.4683333333333333;6.0;15.0;1.1222222222222222;0.0;5.088888888888889;0.19999999999999996;1.777777777777778;2.605;6.0;15.0;1.1555555555555557;0.0;5.766666666666667;0.21111111111111105;1.7888888888888888;2.2849999999999997;6.0;16.0;1.1222222222222222;0.0;4.877777777777777;0.19999999999999996;1.788888888888889;2.47;6.0;16.0;1.1222222222222222;0.0;6.01111111111111;0.2222222222222222;1.7777777777777777;2.033333333333333;6.0;17.0;1.1333333333333335;0.0;5.177777777777778;0.19999999999999996;1.788888888888889;2.32;6.0;17.0;1.1222222222222222;0.0;5.877777777777777;0.21111111111111105;1.8;2.94;6.0;18.0;1.1444444444444444;0.0;5.011111111111111;0.19999999999999996;1.7888888888888888;1.8816666666666666;6.0;18.0;0.0
1.166666666666667;0.0;4.966666666666668;0.19999999999999996;1.788888888888889;2.3766666666666665;6.0;14.0;1.1777777777777778;0.0;5.788888888888889;0.21111111111111105;1.811111111111111;2.4683333333333333;6.0;15.0;1.1222222222222222;0.0;5.088888888888889;0.19999999999999996;1.777777777777778;2.605;6.0;15.0;1.1555555555555557;0.0;5.766666666666667;0.21111111111111105;1.7888888888888888;2.2849999999999997;6.0;16.0;1.1222222222222222;0.0;4.877777777777777;0.19999999999999996;1.788888888888889;2.47;6.0;16.0;1.1222222222222222;0.0;6.01111111111111;0.2222222222222222;1.7777777777777777;2.033333333333333;6.0;17.0;1.1333333333333335;0.0;5.177777777777778;0.19999999999999996;1.788888888888889;2.32;6.0;17.0;1.1222222222222222;0.0;5.877777777777777;0.21111111111111105;1.8;2.94;6.0;18.0;1.1444444444444444;0.0;5.011111111111111;0.19999999999999996;1.7888888888888888;1.8816666666666666;6.0;18.0;1.1666666666666667;0.0;5.6000000000000005;0.19999999999999996;1.8555555555555554;2.4683333333333333;6.0;19.0;0.0
1.1777777777777778;0.0;5.788888888888889;0.21111111111111105;1.811111111111111;2.4683333333333333;6.0;15.0;1.1222222222222222;0.0;5.088888888888889;0.19999999999999996;1.777777777777778;2.605;6.0;15.0;1.1555555555555557;0.0;5.766666666666667;0.21111111111111105;1.7888888888888888;2.2849999999999997;6.0;16.0;1.1222222222222222;0.0;4.877777777777777;0.19999999999999996;1.788888888888889;2.47;6.0;16.0;1.1222222222222222;0.0;6.01111111111111;0.2222222222222222;1.7777777777777777;2.033333333333333;6.0;17.0;1.1333333333333335;0.0;5.177777777777778;0.19999999999999996;1.788888888888889;2.32;6.0;17.0;1.1222222222222222;0.0;5.877777777777777;0.21111111111111105;1.8;2.94;6.0;18.0;1.1444444444444444;0.0;5.011111111111111;0.19999999999999996;1.7888888888888888;1.8816666666666666;6.0;18.0;1.1666666666666667;0.0;5.6000000000000005;0.19999999999999996;1.8555555555555554;2.4683333333333333;6.0;19.0;1.1;0.0;4.833333333333334;0.19999999999999996;1.8111111111111111;2.398333333333333;6.0;19.0;0.0
1.1222222222222222;0.0;5.088888888888889;0.19999999999999996;1.777777777777778;2.605;6.0;15.0;1.1555555555555557;0.0;5.766666666666667;0.21111111111111105;1.7888888888888888;2.2849999999999997;6.0;16.0;1.1222222222222222;0.0;4.877777777777777;0.19999999999999996;1.788888888888889;2.47;6.0;16.0;1.1222222222222222;0.0;6.01111111111111;0.2222222222222222;1.7777777777777777;2.033333333333333;6.0;17.0;1.1333333333333335;0.0;5.177777777777778;0.19999999999999996;1.788888888888889;2.32;6.0;17.0;1.1222222222222222;0.0;5.877777777777777;0.21111111111111105;1.8;2.94;6.0;18.0;1.1444444444444444;0.0;5.011111111111111;0.19999999999999996;1.7888888888888888;1.8816666666666666;6.0;18.0;1.1666666666666667;0.0;5.6000000000000005;0.19999999999999996;1.8555555555555554;2.4683333333333333;6.0;19.0;1.1;0.0;4.833333333333334;0.19999999999999996;1.8111111111111111;2.398333333333333;6.0;19.0;1.1777777777777778;0.0;5.8999999999999995;0.2222222222222222;1.822222222222222;2.5483333333333333;6.0;20.0;0.0
1.1555555555555557;0.0;5.766666666666667;0.21111111111111105;1.7888888888888888;2.2849999999999997;6.0;16.0;1.1222222222222222;0.0;4.877777777777777;0.19999999999999996;1.788888888888889;2.47;6.0;16.0;1.1222222222222222;0.0;6.01111111111111;0.2222222222222222;1.7777777777777777;2.033333333333333;6.0;17.0;1.1333333333333335;0.0;5.177777777777778;0.19999999999999996;1.788888888888889;2.32;6.0;17.0;1.1222222222222222;0.0;5.877777777777777;0.21111111111111105;1.8;2.94;6.0;18.0;1.1444444444444444;0.0;5.011111111111111;0.19999999999999996;1.7888888888888888;1.8816666666666666;6.0;18.0;1.1666666666666667;0.0;5.6000000000000005;0.19999999999999996;1.8555555555555554;2.4683333333333333;6.0;19.0;1.1;0.0;4.833333333333334;0.19999999999999996;1.8111111111111111;2.398333333333333;6.0;19.0;1.1777777777777778;0.0;5.8999999999999995;0.2222222222222222;1.822222222222222;2.5483333333333333;6.0;20.0;1.1;0.0;5.033333333333333;0.19999999999999996;1.7888888888888888;1.9966666666666664;6.0;20.0;0.0
1.1222222222222222;0.0;4.877777777777777;0.19999999999999996;1.788888888888889;2.47;6.0;16.0;1.1222222222222222;0.0;6.01111111111111;0.2222222222222222;1.7777777777777777;2.033333333333333;6.0;17.0;1.1333333333333335;0.0;5.177777777777778;0.19999999999999996;1.788888888888889;2.32;6.0;17.0;1.1222222222222222;0.0;5.877777777777777;0.21111111111111105;1.8;2.94;6.0;18.0;1.1444444444444444;0.0;5.011111111111111;0.19999999999999996;1.7888888888888888;1.8816666666666666;6.0;18.0;1.1666666666666667;0.0;5.6000000000000005;0.19999999999999996;1.8555555555555554;2.4683333333333333;6.0;19.0;1.1;0.0;4.833333333333334;0.19999999999999996;1.8111111111111111;2.398333333333333;6.0;19.0;1.1777777777777778;0.0;5.8999999999999995;0.2222222222222222;1.822222222222222;2.5483333333333333;6.0;20.0;1.1;0.0;5.033333333333333;0.19999999999999996;1.7888888888888888;1.9966666666666664;6.0;20.0;1.1666666666666667;0.0;5.822222222222222;0.21111111111111105;1.833333333333333;2.1466666666666665;6.0;21.0;0.0
1.1222222222222222;0.0;6.01111111111111;0.2222222222222222;1.7777777777777777;2.033333333333333;6.0;17.0;1.1333333333333335;0.0;5.177777777777778;0.19999999999999996;1.788888888888889;2.32;6.0;17.0;1.1222222222222222;0.0;5.877777777777777;0.21111111111111105;1.8;2.94;6.0;18.0;1.1444444444444444;0.0;5.011111111111111;0.19999999999999996;1.7888888888888888;1.8816666666666666;6.0;18.0;1.1666666666666667;0.0;5.6000000000000005;0.19999999999999996;1.8555555555555554;2.4683333333333333;6.0;19.0;1.1;0.0;4.833333333333334;0.19999999999999996;1.8111111111111111;2.398333333333333;6.0;19.0;1.1777777777777778;0.0;5.8999999999999995;0.2222222222222222;1.822222222222222;2.5483333333333333;6.0;20.0;1.1;0.0;5.033333333333333;0.19999999999999996;1.7888888888888888;1.9966666666666664;6.0;20.0;1.1666666666666667;0.0;5.822222222222222;0.21111111111111105;1.833333333333333;2.1466666666666665;6.0;21.0;1.1111111111111112;0.0;5.066666666666666;0.19999999999999996;1.788888888888889;2.9749999999999996;6.0;21.0;0.0
1.1333333333333335;0.0;5.177777777777778;0.19999999999999996;1.788888888888889;2.32;6.0;17.0;1.1222222222222222;0.0;5.877777777777777;0.21111111111111105;1.8;2.94;6.0;18.0;1.1444444444444444;0.0;5.011111111111111;0.19999999999999996;1.7888888888888888;1.8816666666666666;6.0;18.0;1.1666666666666667;0.0;5.6000000000000005;0.19999999999999996;1.8555555555555554;2.4683333333333333;6.0;19.0;1.1;0.0;4.833333333333334;0.19999999999999996;1.8111111111111111;2.398333333333333;6.0;19.0;1.1777777777777778;0.0;5.8999999999999995;0.2222222222222222;1.822222222222222;2.5483333333333333;6.0;20.0;1.1;0.0;5.033333333333333;0.19999999999999996;1.7888888888888888;1.9966666666666664;6.0;20.0;1.1666666666666667;0.0;5.822222222222222;0.21111111111111105;1.833333333333333;2.1466666666666665;6.0;21.0;1.1111111111111112;0.0;5.066666666666666;0.19999999999999996;1.788888888888889;2.9749999999999996;6.0;21.0;1.1888888888888889;0.0;5.466666666666666;0.19999999999999996;1.8111111111111111;2.2166666666666663;6.0;22.0;0.0
1.1222222222222222;0.0;5.877777777777777;0.21111111111111105;1.8;2.94;6.0;18.0;1.1444444444444444;0.0;5.011111111111111;0.19999999999999996;1.7888888888888888;1.8816666666666666;6.0;18.0;1.1666666666666667;0.0;5.6000000000000005;0.19999999999999996;1.8555555555555554;2.4683333333333333;6.0;19.0;1.1;0.0;4.833333333333334;0.19999999999999996;1.8111111111111111;2.398333333333333;6.0;19.0;1.1777777777777778;0.0;5.8999999999999995;0.2222222222222222;1.822222222222222;2.5483333333333333;6.0;20.0;1.1;0.0;5.033333333333333;0.19999999999999996;1.7888888888888888;1.9966666666666664;6.0;20.0;1.1666666666666667;0.0;5.822222222222222;0.21111111111111105;1.833333333333333;2.1466666666666665;6.0;21.0;1.1111111111111112;0.0;5.066666666666666;0.19999999999999996;1.788888888888889;2.9749999999999996;6.0;21.0;1.1888888888888889;0.0;5.466666666666666;0.19999999999999996;1.8111111111111111;2.2166666666666663;6.0;22.0;1.1666666666666667;0.0;4.722222222222222;0.19999999999999996;1.788888888888889;1.9633333333333336;6.0;22.0;0.0
1.1444444444444444;0.0;5.011111111111111;0.19999999999999996;1.7888888888888888;1.8816666666666666;6.0;18.0;1.1666666666666667;0.0;5.6000000000000005;0.19999999999999996;1.8555555555555554;2.4683333333333333;6.0;19.0;1.1;0.0;4.833333333333334;0.19999999999999996;1.8111111111111111;2.398333333333333;6.0;19.0;1.1777777777777778;0.0;5.8999999999999995;0.2222222222222222;1.822222222222222;2.5483333333333333;6.0;20.0;1.1;0.0;5.033333333333333;0.19999999999999996;1.7888888888888888;1.9966666666666664;6.0;20.0;1.1666666666666667;0.0;5.822222222222222;0.21111111111111105;1.833333333333333;2.1466666666666665;6.0;21.0;1.1111111111111112;0.0;5.066666666666666;0.19999999999999996;1.788888888888889;2.9749999999999996;6.0;21.0;1.1888888888888889;0.0;5.466666666666666;0.19999999999999996;1.8111111111111111;2.2166666666666663;6.0;22.0;1.1666666666666667;0.0;4.722222222222222;0.19999999999999996;1.788888888888889;1.9633333333333336;6.0;22.0;1.1444444444444444;0.0;6.044444444444444;0.19999999999999998;1.811111111111111;2.8816666666666664;6.0;23.0;0.0
1.1666666666666667;0.0;5.6000000000000005;0.19999999999999996;1.8555555555555554;2.4683333333333333;6.0;19.0;1.1;0.0;4.833333333333334;0.19999999999999996;1.8111111111111111;2.398333333333333;6.0;19.0;1.1777777777777778;0.0;5.8999999999999995;0.2222222222222222;1.822222222222222;2.5483333333333333;6.0;20.0;1.1;0.0;5.033333333333333;0.19999999999999996;1.7888888888888888;1.9966666666666664;6.0;20.0;1.1666666666666667;0.0;5.822222222222222;0.21111111111111105;1.833333333333333;2.1466666666666665;6.0;21.0;1.1111111111111112;0.0;5.066666666666666;0.19999999999999996;1.788888888888889;2.9749999999999996;6.0;21.0;1.1888888888888889;0.0;5.466666666666666;0.19999999999999996;1.8111111111111111;2.2166666666666663;6.0;22.0;1.1666666666666667;0.0;4.722222222222222;0.19999999999999996;1.788888888888889;1.9633333333333336;6.0;22.0;1.1444444444444444;0.0;6.044444444444444;0.19999999999999998;1.811111111111111;2.8816666666666664;6.0;23.0;1.1555555555555557;0.0;5.0888888888888895;0.19999999999999996;1.8;2.525;6.0;23.0;0.0
1.1;0.0;4.833333333333334;0.19999999999999996;1.8111111111111111;2.398333333333333;6.0;19.0;1.1777777777777778;0.0;5.8999999999999995;0.2222222222222222;1.822222222222222;2.5483333333333333;6.0;20.0;1.1;0.0;5.033333333333333;0.19999999999999996;1.7888888888888888;1.9966666666666664;6.0;20.0;1.1666666666666667;0.0;5.822222222222222;0.21111111111111105;1.833333333333333;2.1466666666666665;6.0;21.0;1.1111111111111112;0.0;5.066666666666666;0.19999999999999996;1.788888888888889;2.9749999999999996;6.0;21.0;1.1888888888888889;0.0;5.466666666666666;0.19999999999999996;1.8111111111111111;2.2166666666666663;6.0;22.0;1.1666666666666667;0.0;4.722222222222222;0.19999999999999996;1.788888888888889;1.9633333333333336;6.0;22.0;1.1444444444444444;0.0;6.044444444444444;0.19999999999999998;1.811111111111111;2.8816666666666664;6.0;23.0;1.1555555555555557;0.0;5.0888888888888895;0.19999999999999996;1.8;2.525;6.0;23.0;1.2000000000000002;0.0;5.888888888888889;0.21111111111111105;1.8;1.9283333333333337;0.0;0.0;0.0
1.1777777777777778;0.0;5.8999999999999995;0.2222222222222222;1.822222222222222;2.5483333333333333;6.0;20.0;1.1;0.0;5.033333333333333;0.19999999999999996;1.7888888888888888;1.9966666666666664;6.0;20.0;1.1666666666666667;0.0;5.822222222222222;0.21111111111111105;1.833333333333333;2.1466666666666665;6.0;21.0;1.1111111111111112;0.0;5.066666666666666;0.19999999999999996;1.788888888888889;2.9749999999999996;6.0;21.0;1.1888888888888889;0.0;5.466666666666666;0.19999999999999996;1.8111111111111111;2.2166666666666663;6.0;22.0;1.1666666666666667;0.0;4.722222222222222;0.19999999999999996;1.788888888888889;1.9633333333333336;6.0;22.0;1.1444444444444444;0.0;6.044444444444444;0.19999999999999998;1.811111111111111;2.8816666666666664;6.0;23.0;1.1555555555555557;0.0;5.0888888888888895;0.19999999999999996;1.8;2.525;6.0;23.0;1.2000000000000002;0.0;5.888888888888889;0.21111111111111105;1.8;1.9283333333333337;0.0;0.0;1.1666666666666667;0.0;5.111111111111111;0.19999999999999996;1.8;2.388333333333333;0.0;0.0;0.0
1.1;0.0;5.033333333333333;0.19999999999999996;1.7888888888888888;1.9966666666666664;6.0;20.0;1.1666666666666667;0.0;5.822222222222222;0.21111111111111105;1.833333333333333;2.1466666666666665;6.0;21.0;1.1111111111111112;0.0;5.066666666666666;0.19999999999999996;1.788888888888889;2.9749999999999996;6.0;21.0;1.1888888888888889;0.0;5.466666666666666;0.19999999999999996;1.8111111111111111;2.2166666666666663;6.0;22.0;1.1666666666666667;0.0;4.722222222222222;0.19999999999999996;1.788888888888889;1.9633333333333336;6.0;22.0;1.1444444444444444;0.0;6.044444444444444;0.19999999999999998;1.811111111111111;2.8816666666666664;6.0;23.0;1.1555555555555557;0.0;5.0888888888888895;0.19999999999999996;1.8;2.525;6.0;23.0;1.2000000000000002;0.0;5.888888888888889;0.21111111111111105;1.8;1.9283333333333337;0.0;0.0;1.1666666666666667;0.0;5.111111111111111;0.19999999999999996;1.8;2.388333333333333;0.0;0.0;1.2111111111111112;0.0;5.764285714285715;0.21111111111111105;1.8111111111111111;2.0199999999999996;0.0;1.0;0.0
1.1666666666666667;0.0;5.822222222222222;0.21111111111111105;1.833333333333333;2.1466666666666665;6.0;21.0;1.1111111111111112;0.0;5.066666666666666;0.19999999999999996;1.788888888888889;2.9749999999999996;6.0;21.0;1.1888888888888889;0.0;5.466666666666666;0.19999999999999996;1.8111111111111111;2.2166666666666663;6.0;22.0;1.1666666666666667;0.0;4.722222222222222;0.19999999999999996;1.788888888888889;1.9633333333333336;6.0;22.0;1.1444444444444444;0.0;6.044444444444444;0.19999999999999998;1.811111111111111;2.8816666666666664;6.0;23.0;1.1555555555555557;0.0;5.0888888888888895;0.19999999999999996;1.8;2.525;6.0;23.0;1.2000000000000002;0.0;5.888888888888889;0.21111111111111105;1.8;1.9283333333333337;0.0;0.0;1.1666666666666667;0.0;5.111111111111111;0.19999999999999996;1.8;2.388333333333333;0.0;0.0;1.2111111111111112;0.0;5.764285714285715;0.21111111111111105;1.8111111111111111;2.0199999999999996;0.0;1.0;1.1777777777777778;0.0;4.788888888888889;0.17777777777777773;1.8;2.48;0.0;1.0;0.0
1.1111111111111112;0.0;5.066666666666666;0.19999999999999996;1.788888888888889;2.9749999999999996;6.0;21.0;1.1888888888888889;0.0;5.466666666666666;0.19999999999999996;1.8111111111111111;2.2166666666666663;6.0;22.0;1.1666666666666667;0.0;4.722222222222222;0.19999999999999996;1.788888888888889;1.9633333333333336;6.0;22.0;1.1444444444444444;0.0;6.044444444444444;0.19999999999999998;1.811111111111111;2.8816666666666664;6.0;23.0;1.1555555555555557;0.0;5.0888888888888895;0.19999999999999996;1.8;2.525;6.0;23.0;1.2000000000000002;0.0;5.888888888888889;0.21111111111111105;1.8;1.9283333333333337;0.0;0.0;1.1666666666666667;0.0;5.111111111111111;0.19999999999999996;1.8;2.388333333333333;0.0;0.0;1.2111111111111112;0.0;5.764285714285715;0.21111111111111105;1.8111111111111111;2.0199999999999996;0.0;1.0;1.1777777777777778;0.0;4.788888888888889;0.17777777777777773;1.8;2.48;0.0;1.0;1.4555555555555557;0.0;26.75555555555555;4.522222222222221;1.9999999999999998;2.64;0.0;2.0;0.0
1.1888888888888889;0.0;5.466666666666666;0.19999999999999996;1.8111111111111111;2.2166666666666663;6.0;22.0;1.1666666666666667;0.0;4.722222222222222;0.19999999999999996;1.788888888888889;1.9633333333333336;6.0;22.0;1.1444444444444444;0.0;6.044444444444444;0.19999999999999998;1.811111111111111;2.8816666666666664;6.0;23.0;1.1555555555555557;0.0;5.0888888888888895;0.19999999999999996;1.8;2.525;6.0;23.0;1.2000000000000002;0.0;5.888888888888889;0.21111111111111105;1.8;1.9283333333333337;0.0;0.0;1.1666666666666667;0.0;5.111111111111111;0.19999999999999996;1.8;2.388333333333333;0.0;0.0;1.2111111111111112;0.0;5.764285714285715;0.21111111111111105;1.8111111111111111;2.0199999999999996;0.0;1.0;1.1777777777777778;0.0;4.788888888888889;0.17777777777777773;1.8;2.48;0.0;1.0;1.4555555555555557;0.0;26.75555555555555;4.522222222222221;1.9999999999999998;2.64;0.0;2.0;1.2;0.0;5.011111111111111;0.16666666666666663;1.8111111111111111;2.86;0.0;2.0;0.0
1.1666666666666667;0.0;4.722222222222222;0.19999999999999996;1.788888888888889;1.9633333333333336;6.0;22.0;1.1444444444444444;0.0;6.044444444444444;0.19999999999999998;1.811111111111111;2.8816666666666664;6.0;23.0;1.1555555555555557;0.0;5.0888888888888895;0.19999999999999996;1.8;2.525;6.0;23.0;1.2000000000000002;0.0;5.888888888888889;0.21111111111111105;1.8;1.9283333333333337;0.0;0.0;1.1666666666666667;0.0;5.111111111111111;0.19999999999999996;1.8;2.388333333333333;0.0;0.0;1.2111111111111112;0.0;5.764285714285715;0.21111111111111105;1.8111111111111111;2.0199999999999996;0.0;1.0;1.1777777777777778;0.0;4.788888888888889;0.17777777777777773;1.8;2.48;0.0;1.0;1.4555555555555557;0.0;26.75555555555555;4.522222222222221;1.9999999999999998;2.64;0.0;2.0;1.2;0.0;5.011111111111111;0.16666666666666663;1.8111111111111111;2.86;0.0;2.0;1.1666666666666667;0.0;5.822222222222223;0.19999999999999996;1.8;1.9533333333333334;0.0;3.0;0.0
1.1444444444444444;0.0;6.044444444444444;0.19999999999999998;1.811111111111111;2.8816666666666664;6.0;23.0;1.1555555555555557;0.0;5.0888888888888895;0.19999999999999996;1.8;2.525;6.0;23.0;1.2000000000000002;0.0;5.888888888888889;0.21111111111111105;1.8;1.9283333333333337;0.0;0.0;1.1666666666666667;0.0;5.111111111111111;0.19999999999999996;1.8;2.388333333333333;0.0;0.0;1.2111111111111112;0.0;5.764285714285715;0.21111111111111105;1.8111111111111111;2.0199999999999996;0.0;1.0;1.1777777777777778;0.0;4.788888888888889;0.17777777777777773;1.8;2.48;0.0;1.0;1.4555555555555557;0.0;26.75555555555555;4.522222222222221;1.9999999999999998;2.64;0.0;2.0;1.2;0.0;5.011111111111111;0.16666666666666663;1.8111111111111111;2.86;0.0;2.0;1.1666666666666667;0.0;5.822222222222223;0.19999999999999996;1.8;1.9533333333333334;0.0;3.0;1.177777777777778;0.0;5.066666666666667;0.19999999999999996;1.8;2.48;0.0;3.0;0.0
1.1555555555555557;0.0;5.0888888888888895;0.19999999999999996;1.8;2.525;6.0;23.0;1.2000000000000002;0.0;5.888888888888889;0.21111111111111105;1.8;1.9283333333333337;0.0;0.0;1.1666666666666667;0.0;5.111111111111111;0.19999999999999996;1.8;2.388333333333333;0.0;0.0;1.2111111111111112;0.0;5.764285714285715;0.21111111111111105;1.8111111111111111;2.0199999999999996;0.0;1.0;1.1777777777777778;0.0;4.788888888888889;0.17777777777777773;1.8;2.48;0.0;1.0;1.4555555555555557;0.0;26.75555555555555;4.522222222222221;1.9999999999999998;2.64;0.0;2.0;1.2;0.0;5.011111111111111;0.16666666666666663;1.8111111111111111;2.86;0.0;2.0;1.1666666666666667;0.0;5.822222222222223;0.19999999999999996;1.8;1.9533333333333334;0.0;3.0;1.177777777777778;0.0;5.066666666666667;0.19999999999999996;1.8;2.48;0.0;3.0;1.2111111111111112;0.0;5.677777777777778;0.21111111111111105;1.8;2.3183333333333334;0.0;4.0;0.0
1.2000000000000002;0.0;5.888888888888889;0.21111111111111105;1.8;1.9283333333333337;0.0;0.0;1.1666666666666667;0.0;5.111111111111111;0.19999999999999996;1.8;2.388333333333333;0.0;0.0;1.2111111111111112;0.0;5.764285714285715;0.21111111111111105;1.8111111111111111;2.0199999999999996;0.0;1.0;1.1777777777777778;0.0;4.788888888888889;0.17777777777777773;1.8;2.48;0.0;1.0;1.4555555555555557;0.0;26.75555555555555;4.522222222222221;1.9999999999999998;2.64;0.0;2.0;1.2;0.0;5.011111111111111;0.16666666666666663;1.8111111111111111;2.86;0.0;2.0;1.1666666666666667;0.0;5.822222222222223;0.19999999999999996;1.8;1.9533333333333334;0.0;3.0;1.177777777777778;0.0;5.066666666666667;0.19999999999999996;1.8;2.48;0.0;3.0;1.2111111111111112;0.0;5.677777777777778;0.21111111111111105;1.8;2.3183333333333334;0.0;4.0;1.1444444444444446;0.0;4.7444444444444445;0.19999999999999996;1.7666666666666666;2.4916666666666667;0.0;4.0;0.0
1.1666666666666667;0.0;5.111111111111111;0.19999999999999996;1.8;2.388333333333333;0.0;0.0;1.2111111111111112;0.0;5.764285714285715;0.21111111111111105;1.8111111111111111;2.0199999999999996;0.0;1.0;1.1777777777777778;0.0;4.788888888888889;0.17777777777777773;1.8;2.48;0.0;1.0;1.4555555555555557;0.0;26.75555555555555;4.522222222222221;1.9999999999999998;2.64;0.0;2.0;1.2;0.0;5.011111111111111;0.16666666666666663;1.8111111111111111;2.86;0.0;2.0;1.1666666666666667;0.0;5.822222222222223;0.19999999999999996;1.8;1.9533333333333334;0.0;3.0;1.177777777777778;0.0;5.066666666666667;0.19999999999999996;1.8;2.48;0.0;3.0;1.2111111111111112;0.0;5.677777777777778;0.21111111111111105;1.8;2.3183333333333334;0.0;4.0;1.1444444444444446;0.0;4.7444444444444445;0.19999999999999996;1.7666666666666666;2.4916666666666667;0.0;4.0;1.2;0.0;5.866666666666667;0.22222222222222218;1.7666666666666668;2.4566666666666666;0.0;5.0;0.0
1.2111111111111112;0.0;5.764285714285715;0.21111111111111105;1.8111111111111111;2.0199999999999996;0.0;1.0;1.1777777777777778;0.0;4.788888888888889;0.17777777777777773;1.8;2.48;0.0;1.0;1.4555555555555557;0.0;26.75555555555555;4.522222222222221;1.9999999999999998;2.64;0.0;2.0;1.2;0.0;5.011111111111111;0.16666666666666663;1.8111111111111111;2.86;0.0;2.0;1.1666666666666667;0.0;5.822222222222223;0.19999999999999996;1.8;1.9533333333333334;0.0;3.0;1.177777777777778;0.0;5.066666666666667;0.19999999999999996;1.8;2.48;0.0;3.0;1.2111111111111112;0.0;5.677777777777778;0.21111111111111105;1.8;2.3183333333333334;0.0;4.0;1.1444444444444446;0.0;4.7444444444444445;0.19999999999999996;1.7666666666666666;2.4916666666666667;0.0;4.0;1.2;0.0;5.866666666666667;0.22222222222222218;1.7666666666666668;2.4566666666666666;0.0;5.0;1.1333333333333333;0.0;4.933333333333334;0.22222222222222218;1.6555555555555557;2.4699999999999998;0.0;5.0;0.0
1.1777777777777778;0.0;4.788888888888889;0.17777777777777773;1.8;2.48;0.0;1.0;1.4555555555555557;0.0;26.75555555555555;4.522222222222221;1.9999999999999998;2.64;0.0;2.0;1.2;0.0;5.011111111111111;0.16666666666666663;1.8111111111111111;2.86;0.0;2.0;1.1666666666666667;0.0;5.822222222222223;0.19999999999999996;1.8;1.9533333333333334;0.0;3.0;1.177777777777778;0.0;5.066666666666667;0.19999999999999996;1.8;2.48;0.0;3.0;1.2111111111111112;0.0;5.677777777777778;0.21111111111111105;1.8;2.3183333333333334;0.0;4.0;1.1444444444444446;0.0;4.7444444444444445;0.19999999999999996;1.7666666666666666;2.4916666666666667;0.0;4.0;1.2;0.0;5.866666666666667;0.22222222222222218;1.7666666666666668;2.4566666666666666;0.0;5.0;1.1333333333333333;0.0;4.933333333333334;0.22222222222222218;1.6555555555555557;2.4699999999999998;0.0;5.0;1.1555555555555554;0.0;5.800000000000001;0.25555555555555554;1.6555555555555557;2.4233333333333333;0.0;6.0;0.0
1.4555555555555557;0.0;26.75555555555555;4.522222222222221;1.9999999999999998;2.64;0.0;2.0;1.2;0.0;5.011111111111111;0.16666666666666663;1.8111111111111111;2.86;0.0;2.0;1.1666666666666667;0.0;5.822222222222223;0.19999999999999996;1.8;1.9533333333333334;0.0;3.0;1.177777777777778;0.0;5.066666666666667;0.19999999999999996;1.8;2.48;0.0;3.0;1.2111111111111112;0.0;5.677777777777778;0.21111111111111105;1.8;2.3183333333333334;0.0;4.0;1.1444444444444446;0.0;4.7444444444444445;0.19999999999999996;1.7666666666666666;2.4916666666666667;0.0;4.0;1.2;0.0;5.866666666666667;0.22222222222222218;1.7666666666666668;2.4566666666666666;0.0;5.0;1.1333333333333333;0.0;4.933333333333334;0.22222222222222218;1.6555555555555557;2.4699999999999998;0.0;5.0;1.1555555555555554;0.0;5.800000000000001;0.25555555555555554;1.6555555555555557;2.4233333333333333;0.0;6.0;1.1;0.0;4.988888888888889;0.26666666666666666;1.7111111111111112;1.9299999999999997;0.0;6.0;0.0
1.2;0.0;5.011111111111111;0.16666666666666663;1.8111111111111111;2.86;0.0;2.0;1.1666666666666667;0.0;5.822222222222223;0.19999999999999996;1.8;1.9533333333333334;0.0;3.0;1.177777777777778;0.0;5.066666666666667;0.19999999999999996;1.8;2.48;0.0;3.0;1.2111111111111112;0.0;5.677777777777778;0.21111111111111105;1.8;2.3183333333333334;0.0;4.0;1.1444444444444446;0.0;4.7444444444444445;0.19999999999999996;1.7666666666666666;2.4916666666666667;0.0;4.0;1.2;0.0;5.866666666666667;0.22222222222222218;1.7666666666666668;2.4566666666666666;0.0;5.0;1.1333333333333333;0.0;4.933333333333334;0.22222222222222218;1.6555555555555557;2.4699999999999998;0.0;5.0;1.1555555555555554;0.0;5.800000000000001;0.25555555555555554;1.6555555555555557;2.4233333333333333;0.0;6.0;1.1;0.0;4.988888888888889;0.26666666666666666;1.7111111111111112;1.9299999999999997;0.0;6.0;1.1333333333333333;0.0;5.611111111111111;0.27777777777777773;1.7444444444444442;2.3666666666666667;0.0;7.0;0.0
1.1666666666666667;0.0;5.822222222222223;0.19999999999999996;1.8;1.9533333333333334;0.0;3.0;1.177777777777778;0.0;5.066666666666667;0.19999999999999996;1.8;2.48;0.0;3.0;1.2111111111111112;0.0;5.677777777777778;0.21111111111111105;1.8;2.3183333333333334;0.0;4.0;1.1444444444444446;0.0;4.7444444444444445;0.19999999999999996;1.7666666666666666;2.4916666666666667;0.0;4.0;1.2;0.0;5.866666666666667;0.22222222222222218;1.7666666666666668;2.4566666666666666;0.0;5.0;1.1333333333333333;0.0;4.933333333333334;0.22222222222222218;1.6555555555555557;2.4699999999999998;0.0;5.0;1.1555555555555554;0.0;5.800000000000001;0.25555555555555554;1.6555555555555557;2.4233333333333333;0.0;6.0;1.1;0.0;4.988888888888889;0.26666666666666666;1.7111111111111112;1.9299999999999997;0.0;6.0;1.1333333333333333;0.0;5.611111111111111;0.27777777777777773;1.7444444444444442;2.3666666666666667;0.0;7.0;1.1111111111111112;0.0;4.811111111111112;0.26666666666666666;1.7222222222222223;1.9950000000000003;0.0;7.0;0.0
1.177777777777778;0.0;5.066666666666667;0.19999999999999996;1.8;2.48;0.0;3.0;1.2111111111111112;0.0;5.677777777777778;0.21111111111111105;1.8;2.3183333333333334;0.0;4.0;1.1444444444444446;0.0;4.7444444444444445;0.19999999999999996;1.7666666666666666;2.4916666666666667;0.0;4.0;1.2;0.0;5.866666666666667;0.22222222222222218;1.7666666666666668;2.4566666666666666;0.0;5.0;1.1333333333333333;0.0;4.933333333333334;0.22222222222222218;1.6555555555555557;2.4699999999999998;0.0;5.0;1.1555555555555554;0.0;5.800000000000001;0.25555555555555554;1.6555555555555557;2.4233333333333333;0.0;6.0;1.1;0.0;4.988888888888889;0.26666666666666666;1.7111111111111112;1.9299999999999997;0.0;6.0;1.1333333333333333;0.0;5.611111111111111;0.27777777777777773;1.7444444444444442;2.3666666666666667;0.0;7.0;1.1111111111111112;0.0;4.811111111111112;0.26666666666666666;1.7222222222222223;1.9950000000000003;0.0;7.0;1.1555555555555557;0.0111111111111111;5.788888888888889;0.30000000000000004;1.7888888888888888;2.42;0.0;8.0;0.0
1.2111111111111112;0.0;5.677777777777778;0.21111111111111105;1.8;2.3183333333333334;0.0;4.0;1.1444444444444446;0.0;4.7444444444444445;0.19999999999999996;1.7666666666666666;2.4916666666666667;0.0;4.0;1.2;0.0;5.866666666666667;0.22222222222222218;1.7666666666666668;2.4566666666666666;0.0;5.0;1.1333333333333333;0.0;4.933333333333334;0.22222222222222218;1.6555555555555557;2.4699999999999998;0.0;5.0;1.1555555555555554;0.0;5.800000000000001;0.25555555555555554;1.6555555555555557;2.4233333333333333;0.0;6.0;1.1;0.0;4.988888888888889;0.26666666666666666;1.7111111111111112;1.9299999999999997;0.0;6.0;1.1333333333333333;0.0;5.611111111111111;0.27777777777777773;1.7444444444444442;2.3666666666666667;0.0;7.0;1.1111111111111112;0.0;4.811111111111112;0.26666666666666666;1.7222222222222223;1.9950000000000003;0.0;7.0;1.1555555555555557;0.0111111111111111;5.788888888888889;0.30000000000000004;1.7888888888888888;2.42;0.0;8.0;1.1111111111111112;0.022222222222222216;4.877777777777778;0.35555555555555557;1.8222222222222222;2.526666666666667;0.0;8.0;0.0
1.1444444444444446;0.0;4.7444444444444445;0.19999999999999996;1.7666666666666666;2.4916666666666667;0.0;4.0;1.2;0.0;5.866666666666667;0.22222222222222218;1.7666666666666668;2.4566666666666666;0.0;5.0;1.1333333333333333;0.0;4.933333333333334;0.22222222222222218;1.6555555555555557;2.4699999999999998;0.0;5.0;1.1555555555555554;0.0;5.800000000000001;0.25555555555555554;1.6555555555555557;2.4233333333333333;0.0;6.0;1.1;0.0;4.988888888888889;0.26666666666666666;1.7111111111111112;1.9299999999999997;0.0;6.0;1.1333333333333333;0.0;5.611111111111111;0.27777777777777773;1.7444444444444442;2.3666666666666667;0.0;7.0;1.1111111111111112;0.0;4.811111111111112;0.26666666666666666;1.7222222222222223;1.9950000000000003;0.0;7.0;1.1555555555555557;0.0111111111111111;5.788888888888889;0.30000000000000004;1.7888888888888888;2.42;0.0;8.0;1.1111111111111112;0.022222222222222216;4.877777777777778;0.35555555555555557;1.8222222222222222;2.526666666666667;0.0;8.0;1.1333333333333333;0.0;5.7444444444444445;0.27777777777777773;1.7444444444444447;2.721666666666667;0.0;9.0;0.0
1.2;0.0;5.866666666666667;0.22222222222222218;1.7666666666666668;2.4566666666666666;0.0;5.0;1.1333333333333333;0.0;4.933333333333334;0.22222222222222218;1.6555555555555557;2.4699999999999998;0.0;5.0;1.1555555555555554;0.0;5.800000000000001;0.25555555555555554;1.6555555555555557;2.4233333333333333;0.0;6.0;1.1;0.0;4.988888888888889;0.26666666666666666;1.7111111111111112;1.9299999999999997;0.0;6.0;1.1333333333333333;0.0;5.611111111111111;0.27777777777777773;1.7444444444444442;2.3666666666666667;0.0;7.0;1.1111111111111112;0.0;4.811111111111112;0.26666666666666666;1.7222222222222223;1.9950000000000003;0.0;7.0;1.1555555555555557;0.0111111111111111;5.788888888888889;0.30000000000000004;1.7888888888888888;2.42;0.0;8.0;1.1111111111111112;0.022222222222222216;4.877777777777778;0.35555555555555557;1.8222222222222222;2.526666666666667;0.0;8.0;1.1333333333333333;0.0;5.7444444444444445;0.27777777777777773;1.7444444444444447;2.721666666666667;0.0;9.0;1.2;0.7888888888888889;25.566666666666666;15.4;1.9111111111111114;2.5833333333333335;0.0;9.0;0.0
1.1333333333333333;0.0;4.933333333333334;0.22222222222222218;1.6555555555555557;2.4699999999999998;0.0;5.0;1.1555555555555554;0.0;5.800000000000001;0.25555555555555554;1.6555555555555557;2.4233333333333333;0.0;6.0;1.1;0.0;4.988888888888889;0.26666666666666666;1.7111111111111112;1.9299999999999997;0.0;6.0;1.1333333333333333;0.0;5.611111111111111;0.27777777777777773;1.7444444444444442;2.3666666666666667;0.0;7.0;1.1111111111111112;0.0;4.811111111111112;0.26666666666666666;1.7222222222222223;1.9950000000000003;0.0;7.0;1.1555555555555557;0.0111111111111111;5.788888888888889;0.30000000000000004;1.7888888888888888;2.42;0.0;8.0;1.1111111111111112;0.022222222222222216;4.877777777777778;0.35555555555555557;1.8222222222222222;2.526666666666667;0.0;8.0;1.1333333333333333;0.0;5.7444444444444445;0.27777777777777773;1.7444444444444447;2.721666666666667;0.0;9.0;1.2;0.7888888888888889;25.566666666666666;15.4;1.9111111111111114;2.5833333333333335;0.0;9.0;1.1777777777777778;0.0;5.5555555555555545;0.4555555555555555;1.9666666666666668;2.1;0.0;10.0;0.0
1.1555555555555554;0.0;5.800000000000001;0.25555555555555554;1.6555555555555557;2.4233333333333333;0.0;6.0;1.1;0.0;4.988888888888889;0.26666666666666666;1.7111111111111112;1.9299999999999997;0.0;6.0;1.1333333333333333;0.0;5.611111111111111;0.27777777777777773;1.7444444444444442;2.3666666666666667;0.0;7.0;1.1111111111111112;0.0;4.811111111111112;0.26666666666666666;1.7222222222222223;1.9950000000000003;0.0;7.0;1.1555555555555557;0.0111111111111111;5.788888888888889;0.30000000000000004;1.7888888888888888;2.42;0.0;8.0;1.1111111111111112;0.022222222222222216;4.877777777777778;0.35555555555555557;1.8222222222222222;2.526666666666667;0.0;8.0;1.1333333333333333;0.0;5.7444444444444445;0.27777777777777773;1.7444444444444447;2.721666666666667;0.0;9.0;1.2;0.7888888888888889;25.566666666666666;15.4;1.9111111111111114;2.5833333333333335;0.0;9.0;1.1777777777777778;0.0;5.5555555555555545;0.4555555555555555;1.9666666666666668;2.1;0.0;10.0;1.1444444444444446;0.0;4.955555555555555;0.9666666666666667;2.755555555555555;2.4233333333333333;0.0;10.0;0.0
1.1;0.0;4.988888888888889;0.26666666666666666;1.7111111111111112;1.9299999999999997;0.0;6.0;1.1333333333333333;0.0;5.611111111111111;0.27777777777777773;1.7444444444444442;2.3666666666666667;0.0;7.0;1.1111111111111112;0.0;4.811111111111112;0.26666666666666666;1.7222222222222223;1.9950000000000003;0.0;7.0;1.1555555555555557;0.0111111111111111;5.788888888888889;0.30000000000000004;1.7888888888888888;2.42;0.0;8.0;1.1111111111111112;0.022222222222222216;4.877777777777778;0.35555555555555557;1.8222222222222222;2.526666666666667;0.0;8.0;1.1333333333333333;0.0;5.7444444444444445;0.27777777777777773;1.7444444444444447;2.721666666666667;0.0;9.0;1.2;0.7888888888888889;25.566666666666666;15.4;1.9111111111111114;2.5833333333333335;0.0;9.0;1.1777777777777778;0.0;5.5555555555555545;0.4555555555555555;1.9666666666666668;2.1;0.0;10.0;1.1444444444444446;0.0;4.955555555555555;0.9666666666666667;2.755555555555555;2.4233333333333333;0.0;10.0;7.577777777777778;0.0;6.499999999999999;400.4111111111111;407.9444444444444;2.5733333333333333;0.0;11.0;0.0
1.1333333333333333;0.0;5.611111111111111;0.27777777777777773;1.7444444444444442;2.3666666666666667;0.0;7.0;1.1111111111111112;0.0;4.811111111111112;0.26666666666666666;1.7222222222222223;1.9950000000000003;0.0;7.0;1.1555555555555557;0.0111111111111111;5.788888888888889;0.30000000000000004;1.7888888888888888;2.42;0.0;8.0;1.1111111111111112;0.022222222222222216;4.877777777777778;0.35555555555555557;1.8222222222222222;2.526666666666667;0.0;8.0;1.1333333333333333;0.0;5.7444444444444445;0.27777777777777773;1.7444444444444447;2.721666666666667;0.0;9.0;1.2;0.7888888888888889;25.566666666666666;15.4;1.9111111111111114;2.5833333333333335;0.0;9.0;1.1777777777777778;0.0;5.5555555555555545;0.4555555555555555;1.9666666666666668;2.1;0.0;10.0;1.1444444444444446;0.0;4.955555555555555;0.9666666666666667;2.755555555555555;2.4233333333333333;0.0;10.0;7.577777777777778;0.0;6.499999999999999;400.4111111111111;407.9444444444444;2.5733333333333333;0.0;11.0;6.413333333333332;0.0;5.626666666666667;285.2933333333334;292.0;3.554;0.0;11.0;2.0
1.1111111111111112;0.0;4.811111111111112;0.26666666666666666;1.7222222222222223;1.9950000000000003;0.0;7.0;1.1555555555555557;0.0111111111111111;5.788888888888889;0.30000000000000004;1.7888888888888888;2.42;0.0;8.0;1.1111111111111112;0.022222222222222216;4.877777777777778;0.35555555555555557;1.8222222222222222;2.526666666666667;0.0;8.0;1.1333333333333333;0.0;5.7444444444444445;0.27777777777777773;1.7444444444444447;2.721666666666667;0.0;9.0;1.2;0.7888888888888889;25.566666666666666;15.4;1.9111111111111114;2.5833333333333335;0.0;9.0;1.1777777777777778;0.0;5.5555555555555545;0.4555555555555555;1.9666666666666668;2.1;0.0;10.0;1.1444444444444446;0.0;4.955555555555555;0.9666666666666667;2.755555555555555;2.4233333333333333;0.0;10.0;7.577777777777778;0.0;6.499999999999999;400.4111111111111;407.9444444444444;2.5733333333333333;0.0;11.0;6.413333333333332;0.0;5.626666666666667;285.2933333333334;292.0;3.554;0.0;11.0;29.98333333333333;0.0;6.1;1629.6;1654.4166666666667;2.7224999999999997;0.0;12.0;3.0
1.1555555555555557;0.0111111111111111;5.788888888888889;0.30000000000000004;1.7888888888888888;2.42;0.0;8.0;1.1111111111111112;0.022222222222222216;4.877777777777778;0.35555555555555557;1.8222222222222222;2.526666666666667;0.0;8.0;1.1333333333333333;0.0;5.7444444444444445;0.27777777777777773;1.7444444444444447;2.721666666666667;0.0;9.0;1.2;0.7888888888888889;25.566666666666666;15.4;1.9111111111111114;2.5833333333333335;0.0;9.0;1.1777777777777778;0.0;5.5555555555555545;0.4555555555555555;1.9666666666666668;2.1;0.0;10.0;1.1444444444444446;0.0;4.955555555555555;0.9666666666666667;2.755555555555555;2.4233333333333333;0.0;10.0;7.577777777777778;0.0;6.499999999999999;400.4111111111111;407.9444444444444;2.5733333333333333;0.0;11.0;6.413333333333332;0.0;5.626666666666667;285.2933333333334;292.0;3.554;0.0;11.0;29.98333333333333;0.0;6.1;1629.6;1654.4166666666667;2.7224999999999997;0.0;12.0;32.13333333333333;0.5;15.255555555555555;1592.6000000000001;1626.1222222222223;3.776666666666666;0.0;12.0;0.0
1.1111111111111112;0.022222222222222216;4.877777777777778;0.35555555555555557;1.8222222222222222;2.526666666666667;0.0;8.0;1.1333333333333333;0.0;5.7444444444444445;0.27777777777777773;1.7444444444444447;2.721666666666667;0.0;9.0;1.2;0.7888888888888889;25.566666666666666;15.4;1.9111111111111114;2.5833333333333335;0.0;9.0;1.1777777777777778;0.0;5.5555555555555545;0.4555555555555555;1.9666666666666668;2.1;0.0;10.0;1.1444444444444446;0.0;4.955555555555555;0.9666666666666667;2.755555555555555;2.4233333333333333;0.0;10.0;7.577777777777778;0.0;6.499999999999999;400.4111111111111;407.9444444444444;2.5733333333333333;0.0;11.0;6.413333333333332;0.0;5.626666666666667;285.2933333333334;292.0;3.554;0.0;11.0;29.98333333333333;0.0;6.1;1629.6;1654.4166666666667;2.7224999999999997;0.0;12.0;32.13333333333333;0.5;15.255555555555555;1592.6000000000001;1626.1222222222223;3.776666666666666;0.0;12.0;1.8555555555555554;0.0;8.71111111111111;43.800000000000004;47.788888888888884;3.811666666666667;0.0;13.0;1.0
1.1333333333333333;0.0;5.7444444444444445;0.27777777777777773;1.7444444444444447;2.721666666666667;0.0;9.0;1.2;0.7888888888888889;25.566666666666666;15.4;1.9111111111111114;2.5833333333333335;0.0;9.0;1.1777777777777778;0.0;5.5555555555555545;0.4555555555555555;1.9666666666666668;2.1;0.0;10.0;1.1444444444444446;0.0;4.955555555555555;0.9666666666666667;2.755555555555555;2.4233333333333333;0.0;10.0;7.577777777777778;0.0;6.499999999999999;400.4111111111111;407.9444444444444;2.5733333333333333;0.0;11.0;6.413333333333332;0.0;5.626666666666667;285.2933333333334;292.0;3.554;0.0;11.0;29.98333333333333;0.0;6.1;1629.6;1654.4166666666667;2.7224999999999997;0.0;12.0;32.13333333333333;0.5;15.255555555555555;1592.6000000000001;1626.1222222222223;3.776666666666666;0.0;12.0;1.8555555555555554;0.0;8.71111111111111;43.800000000000004;47.788888888888884;3.811666666666667;0.0;13.0;13.244444444444445;0.0;30.211111111111112;1615.3333333333333;1658.3555555555556;3.0416666666666665;0.0;13.0;1.0
1.2;0.7888888888888889;25.566666666666666;15.4;1.9111111111111114;2.5833333333333335;0.0;9.0;1.1777777777777778;0.0;5.5555555555555545;0.4555555555555555;1.9666666666666668;2.1;0.0;10.0;1.1444444444444446;0.0;4.955555555555555;0.9666666666666667;2.755555555555555;2.4233333333333333;0.0;10.0;7.577777777777778;0.0;6.499999999999999;400.4111111111111;407.9444444444444;2.5733333333333333;0.0;11.0;6.413333333333332;0.0;5.626666666666667;285.2933333333334;292.0;3.554;0.0;11.0;29.98333333333333;0.0;6.1;1629.6;1654.4166666666667;2.7224999999999997;0.0;12.0;32.13333333333333;0.5;15.255555555555555;1592.6000000000001;1626.1222222222223;3.776666666666666;0.0;12.0;1.8555555555555554;0.0;8.71111111111111;43.800000000000004;47.788888888888884;3.811666666666667;0.0;13.0;13.244444444444445;0.0;30.211111111111112;1615.3333333333333;1658.3555555555556;3.0416666666666665;0.0;13.0;13.299999999999999;0.0;30.211111111111112;1519.1000000000001;1562.1777777777777;3.3183333333333334;0.0;14.0;0.0
1.1777777777777778;0.0;5.5555555555555545;0.4555555555555555;1.9666666666666668;2.1;0.0;10.0;1.1444444444444446;0.0;4.955555555555555;0.9666666666666667;2.755555555555555;2.4233333333333333;0.0;10.0;7.577777777777778;0.0;6.499999999999999;400.4111111111111;407.9444444444444;2.5733333333333333;0.0;11.0;6.413333333333332;0.0;5.626666666666667;285.2933333333334;292.0;3.554;0.0;11.0;29.98333333333333;0.0;6.1;1629.6;1654.4166666666667;2.7224999999999997;0.0;12.0;32.13333333333333;0.5;15.255555555555555;1592.6000000000001;1626.1222222222223;3.776666666666666;0.0;12.0;1.8555555555555554;0.0;8.71111111111111;43.800000000000004;47.788888888888884;3.811666666666667;0.0;13.0;13.244444444444445;0.0;30.211111111111112;1615.3333333333333;1658.3555555555556;3.0416666666666665;0.0;13.0;13.299999999999999;0.0;30.211111111111112;1519.1000000000001;1562.1777777777777;3.3183333333333334;0.0;14.0;2.888888888888889;0.0;6.477777777777777;0.24444444444444438;2.344444444444444;3.3983333333333334;0.0;14.0;0.0
1.1444444444444446;0.0;4.955555555555555;0.9666666666666667;2.755555555555555;2.4233333333333333;0.0;10.0;7.577777777777778;0.0;6.499999999999999;400.4111111111111;407.9444444444444;2.5733333333333333;0.0;11.0;6.413333333333332;0.0;5.626666666666667;285.2933333333334;292.0;3.554;0.0;11.0;29.98333333333333;0.0;6.1;1629.6;1654.4166666666667;2.7224999999999997;0.0;12.0;32.13333333333333;0.5;15.255555555555555;1592.6000000000001;1626.1222222222223;3.776666666666666;0.0;12.0;1.8555555555555554;0.0;8.71111111111111;43.800000000000004;47.788888888888884;3.811666666666667;0.0;13.0;13.244444444444445;0.0;30.211111111111112;1615.3333333333333;1658.3555555555556;3.0416666666666665;0.0;13.0;13.299999999999999;0.0;30.211111111111112;1519.1000000000001;1562.1777777777777;3.3183333333333334;0.0;14.0;2.888888888888889;0.0;6.477777777777777;0.24444444444444438;2.344444444444444;3.3983333333333334;0.0;14.0;9.977777777777778;0.0;22.433333333333334;1033.7666666666667;1061.6000000000001;2.9166666666666665;0.0;15.0;1.0
7.577777777777778;0.0;6.499999999999999;400.4111111111111;407.9444444444444;2.5733333333333333;0.0;11.0;6.413333333333332;0.0;5.626666666666667;285.2933333333334;292.0;3.554;0.0;11.0;29.98333333333333;0.0;6.1;1629.6;1654.4166666666667;2.7224999999999997;0.0;12.0;32.13333333333333;0.5;15.255555555555555;1592.6000000000001;1626.1222222222223;3.776666666666666;0.0;12.0;1.8555555555555554;0.0;8.71111111111111;43.800000000000004;47.788888888888884;3.811666666666667;0.0;13.0;13.244444444444445;0.0;30.211111111111112;1615.3333333333333;1658.3555555555556;3.0416666666666665;0.0;13.0;13.299999999999999;0.0;30.211111111111112;1519.1000000000001;1562.1777777777777;3.3183333333333334;0.0;14.0;2.888888888888889;0.0;6.477777777777777;0.24444444444444438;2.344444444444444;3.3983333333333334;0.0;14.0;9.977777777777778;0.0;22.433333333333334;1033.7666666666667;1061.6000000000001;2.9166666666666665;0.0;15.0;19.999999999999996;0.0;42.38888888888889;2334.8555555555554;2397.9333333333334;3.1333333333333333;0.0;15.0;1.0
6.413333333333332;0.0;5.626666666666667;285.2933333333334;292.0;3.554;0.0;11.0;29.98333333333333;0.0;6.1;1629.6;1654.4166666666667;2.7224999999999997;0.0;12.0;32.13333333333333;0.5;15.255555555555555;1592.6000000000001;1626.1222222222223;3.776666666666666;0.0;12.0;1.8555555555555554;0.0;8.71111111111111;43.800000000000004;47.788888888888884;3.811666666666667;0.0;13.0;13.244444444444445;0.0;30.211111111111112;1615.3333333333333;1658.3555555555556;3.0416666666666665;0.0;13.0;13.299999999999999;0.0;30.211111111111112;1519.1000000000001;1562.1777777777777;3.3183333333333334;0.0;14.0;2.888888888888889;0.0;6.477777777777777;0.24444444444444438;2.344444444444444;3.3983333333333334;0.0;14.0;9.977777777777778;0.0;22.433333333333334;1033.7666666666667;1061.6000000000001;2.9166666666666665;0.0;15.0;19.999999999999996;0.0;42.38888888888889;2334.8555555555554;2397.9333333333334;3.1333333333333333;0.0;15.0;15.622222222222222;0.0;34.17777777777778;1852.1222222222223;1899.288888888889;3.0066666666666673;0.0;16.0;2.0
29.98333333333333;0.0;6.1;1629.6;1654.4166666666667;2.7224999999999997;0.0;12.0;32.13333333333333;0.5;15.255555555555555;1592.6000000000001;1626.1222222222223;3.776666666666666;0.0;12.0;1.8555555555555554;0.0;8.71111111111111;43.800000000000004;47.788888888888884;3.811666666666667;0.0;13.0;13.244444444444445;0.0;30.211111111111112;1615.3333333333333;1658.3555555555556;3.0416666666666665;0.0;13.0;13.299999999999999;0.0;30.211111111111112;1519.1000000000001;1562.1777777777777;3.3183333333333334;0.0;14.0;2.888888888888889;0.0;6.477777777777777;0.24444444444444438;2.344444444444444;3.3983333333333334;0.0;14.0;9.977777777777778;0.0;22.433333333333334;1033.7666666666667;1061.6000000000001;2.9166666666666665;0.0;15.0;19.999999999999996;0.0;42.38888888888889;2334.8555555555554;2397.9333333333334;3.1333333333333333;0.0;15.0;15.622222222222222;0.0;34.17777777777778;1852.1222222222223;1899.288888888889;3.0066666666666673;0.0;16.0;27.7;0.0;1261.1444444444446;3133.1777777777784;3142.6666666666665;4.386666666666666;0.0;16.0;1.0
32.13333333333333;0.5;15.255555555555555;1592.6000000000001;1626.1222222222223;3.776666666666666;0.0;12.0;1.8555555555555554;0.0;8.71111111111111;43.800000000000004;47.788888888888884;3.811666666666667;0.0;13.0;13.244444444444445;0.0;30.211111111111112;1615.3333333333333;1658.3555555555556;3.0416666666666665;0.0;13.0;13.299999999999999;0.0;30.211111111111112;1519.1000000000001;1562.1777777777777;3.3183333333333334;0.0;14.0;2.888888888888889;0.0;6.477777777777777;0.24444444444444438;2.344444444444444;3.3983333333333334;0.0;14.0;9.977777777777778;0.0;22.433333333333334;1033.7666666666667;1061.6000000000001;2.9166666666666665;0.0;15.0;19.999999999999996;0.0;42.38888888888889;2334.8555555555554;2397.9333333333334;3.1333333333333333;0.0;15.0;15.622222222222222;0.0;34.17777777777778;1852.1222222222223;1899.288888888889;3.0066666666666673;0.0;16.0;27.7;0.0;1261.1444444444446;3133.1777777777784;3142.6666666666665;4.386666666666666;0.0;16.0;17.977777777777778;0.0;6.4444444444444455;1983.2444444444445;2006.1333333333334;3.581666666666667;0.0;17.0;0.0
1.8555555555555554;0.0;8.71111111111111;43.800000000000004;47.788888888888884;3.811666666666667;0.0;13.0;13.244444444444445;0.0;30.211111111111112;1615.3333333333333;1658.3555555555556;3.0416666666666665;0.0;13.0;13.299999999999999;0.0;30.211111111111112;1519.1000000000001;1562.1777777777777;3.3183333333333334;0.0;14.0;2.888888888888889;0.0;6.477777777777777;0.24444444444444438;2.344444444444444;3.3983333333333334;0.0;14.0;9.977777777777778;0.0;22.433333333333334;1033.7666666666667;1061.6000000000001;2.9166666666666665;0.0;15.0;19.999999999999996;0.0;42.38888888888889;2334.8555555555554;2397.9333333333334;3.1333333333333333;0.0;15.0;15.622222222222222;0.0;34.17777777777778;1852.1222222222223;1899.288888888889;3.0066666666666673;0.0;16.0;27.7;0.0;1261.1444444444446;3133.1777777777784;3142.6666666666665;4.386666666666666;0.0;16.0;17.977777777777778;0.0;6.4444444444444455;1983.2444444444445;2006.1333333333334;3.581666666666667;0.0;17.0;8.71111111111111;0.0;5.633333333333333;981.3333333333334;991.0444444444444;3.1116666666666664;0.0;17.0;3.0
13.244444444444445;0.0;30.211111111111112;1615.3333333333333;1658.3555555555556;3.0416666666666665;0.0;13.0;13.299999999999999;0.0;30.211111111111112;1519.1000000000001;1562.1777777777777;3.3183333333333334;0.0;14.0;2.888888888888889;0.0;6.477777777777777;0.24444444444444438;2.344444444444444;3.3983333333333334;0.0;14.0;9.977777777777778;0.0;22.433333333333334;1033.7666666666667;1061.6000000000001;2.9166666666666665;0.0;15.0;19.999999999999996;0.0;42.38888888888889;2334.8555555555554;2397.9333333333334;3.1333333333333333;0.0;15.0;15.622222222222222;0.0;34.17777777777778;1852.1222222222223;1899.288888888889;3.0066666666666673;0.0;16.0;27.7;0.0;1261.1444444444446;3133.1777777777784;3142.6666666666665;4.386666666666666;0.0;16.0;17.977777777777778;0.0;6.4444444444444455;1983.2444444444445;2006.1333333333334;3.581666666666667;0.0;17.0;8.71111111111111;0.0;5.633333333333333;981.3333333333334;991.0444444444444;3.1116666666666664;0.0;17.0;36.016666666666666;0.0;6.3;4552.622222222223;4589.988888888889;7.038333333333334;0.0;18.0;2.0
13.299999999999999;0.0;30.211111111111112;1519.1000000000001;1562.1777777777777;3.3183333333333334;0.0;14.0;2.888888888888889;0.0;6.477777777777777;0.24444444444444438;2.344444444444444;3.3983333333333334;0.0;14.0;9.977777777777778;0.0;22.433333333333334;1033.7666666666667;1061.6000000000001;2.9166666666666665;0.0;15.0;19.999999999999996;0.0;42.38888888888889;2334.8555555555554;2397.9333333333334;3.1333333333333333;0.0;15.0;15.622222222222222;0.0;34.17777777777778;1852.1222222222223;1899.288888888889;3.0066666666666673;0.0;16.0;27.7;0.0;1261.1444444444446;3133.1777777777784;3142.6666666666665;4.386666666666666;0.0;16.0;17.977777777777778;0.0;6.4444444444444455;1983.2444444444445;2006.1333333333334;3.581666666666667;0.0;17.0;8.71111111111111;0.0;5.633333333333333;981.3333333333334;991.0444444444444;3.1116666666666664;0.0;17.0;36.016666666666666;0.0;6.3;4552.622222222223;4589.988888888889;7.038333333333334;0.0;18.0;22.03333333333333;0.0;5.188888888888889;2695.188888888889;2708.4333333333334;4.418333333333334;0.0;18.0;0.0
2.888888888888889;0.0;6.477777777777777;0.24444444444444438;2.344444444444444;3.3983333333333334;0.0;14.0;9.977777777777778;0.0;22.433333333333334;1033.7666666666667;1061.6000000000001;2.9166666666666665;0.0;15.0;19.999999999999996;0.0;42.38888888888889;2334.8555555555554;2397.9333333333334;3.1333333333333333;0.0;15.0;15.622222222222222;0.0;34.17777777777778;1852.1222222222223;1899.288888888889;3.0066666666666673;0.0;16.0;27.7;0.0;1261.1444444444446;3133.1777777777784;3142.6666666666665;4.386666666666666;0.0;16.0;17.977777777777778;0.0;6.4444444444444455;1983.2444444444445;2006.1333333333334;3.581666666666667;0.0;17.0;8.71111111111111;0.0;5.633333333333333;981.3333333333334;991.0444444444444;3.1116666666666664;0.0;17.0;36.016666666666666;0.0;6.3;4552.622222222223;4589.988888888889;7.038333333333334;0.0;18.0;22.03333333333333;0.0;5.188888888888889;2695.188888888889;2708.4333333333334;4.418333333333334;0.0;18.0;1.1444444444444446;0.0;5.6000000000000005;0.27777777777777773;2.1444444444444444;2.7899999999999996;0.0;19.0;0.0
9.977777777777778;0.0;22.433333333333334;1033.7666666666667;1061.6000000000001;2.9166666666666665;0.0;15.0;19.999999999999996;0.0;42.38888888888889;2334.8555555555554;2397.9333333333334;3.1333333333333333;0.0;15.0;15.622222222222222;0.0;34.17777777777778;1852.1222222222223;1899.288888888889;3.0066666666666673;0.0;16.0;27.7;0.0;1261.1444444444446;3133.1777777777784;3142.6666666666665;4.386666666666666;0.0;16.0;17.977777777777778;0.0;6.4444444444444455;1983.2444444444445;2006.1333333333334;3.581666666666667;0.0;17.0;8.71111111111111;0.0;5.633333333333333;981.3333333333334;991.0444444444444;3.1116666666666664;0.0;17.0;36.016666666666666;0.0;6.3;4552.622222222223;4589.988888888889;7.038333333333334;0.0;18.0;22.03333333333333;0.0;5.188888888888889;2695.188888888889;2708.4333333333334;4.418333333333334;0.0;18.0;1.1444444444444446;0.0;5.6000000000000005;0.27777777777777773;2.1444444444444444;2.7899999999999996;0.0;19.0;1.1555555555555557;0.0;4.7444444444444445;0.26666666666666666;2.1444444444444444;3.076666666666666;0.0;19.0;0.0
19.999999999999996;0.0;42.38888888888889;2334.8555555555554;2397.9333333333334;3.1333333333333333;0.0;15.0;15.622222222222222;0.0;34.17777777777778;1852.1222222222223;1899.288888888889;3.0066666666666673;0.0;16.0;27.7;0.0;1261.1444444444446;3133.1777777777784;3142.6666666666665;4.386666666666666;0.0;16.0;17.977777777777778;0.0;6.4444444444444455;1983.2444444444445;2006.1333333333334;3.581666666666667;0.0;17.0;8.71111111111111;0.0;5.633333333333333;981.3333333333334;991.0444444444444;3.1116666666666664;0.0;17.0;36.016666666666666;0.0;6.3;4552.622222222223;4589.988888888889;7.038333333333334;0.0;18.0;22.03333333333333;0.0;5.188888888888889;2695.188888888889;2708.4333333333334;4.418333333333334;0.0;18.0;1.1444444444444446;0.0;5.6000000000000005;0.27777777777777773;2.1444444444444444;2.7899999999999996;0.0;19.0;1.1555555555555557;0.0;4.7444444444444445;0.26666666666666666;2.1444444444444444;3.076666666666666;0.0;19.0;1.1777777777777778;0.0;5.6000000000000005;0.9333333333333332;2.8000000000000003;3.111666666666667;0.0;20.0;0.0
15.622222222222222;0.0;34.17777777777778;1852.1222222222223;1899.288888888889;3.0066666666666673;0.0;16.0;27.7;0.0;1261.1444444444446;3133.1777777777784;3142.6666666666665;4.386666666666666;0.0;16.0;17.977777777777778;0.0;6.4444444444444455;1983.2444444444445;2006.1333333333334;3.581666666666667;0.0;17.0;8.71111111111111;0.0;5.633333333333333;981.3333333333334;991.0444444444444;3.1116666666666664;0.0;17.0;36.016666666666666;0.0;6.3;4552.622222222223;4589.988888888889;7.038333333333334;0.0;18.0;22.03333333333333;0.0;5.188888888888889;2695.188888888889;2708.4333333333334;4.418333333333334;0.0;18.0;1.1444444444444446;0.0;5.6000000000000005;0.27777777777777773;2.1444444444444444;2.7899999999999996;0.0;19.0;1.1555555555555557;0.0;4.7444444444444445;0.26666666666666666;2.1444444444444444;3.076666666666666;0.0;19.0;1.1777777777777778;0.0;5.6000000000000005;0.9333333333333332;2.8000000000000003;3.111666666666667;0.0;20.0;1.1333333333333333;0.0;4.577777777777778;0.25555555555555554;2.1333333333333333;2.251666666666667;0.0;20.0;0.0
27.7;0.0;1261.1444444444446;3133.1777777777784;3142.6666666666665;4.386666666666666;0.0;16.0;17.977777777777778;0.0;6.4444444444444455;1983.2444444444445;2006.1333333333334;3.581666666666667;0.0;17.0;8.71111111111111;0.0;5.633333333333333;981.3333333333334;991.0444444444444;3.1116666666666664;0.0;17.0;36.016666666666666;0.0;6.3;4552.622222222223;4589.988888888889;7.038333333333334;0.0;18.0;22.03333333333333;0.0;5.188888888888889;2695.188888888889;2708.4333333333334;4.418333333333334;0.0;18.0;1.1444444444444446;0.0;5.6000000000000005;0.27777777777777773;2.1444444444444444;2.7899999999999996;0.0;19.0;1.1555555555555557;0.0;4.7444444444444445;0.26666666666666666;2.1444444444444444;3.076666666666666;0.0;19.0;1.1777777777777778;0.0;5.6000000000000005;0.9333333333333332;2.8000000000000003;3.111666666666667;0.0;20.0;1.1333333333333333;0.0;4.577777777777778;0.25555555555555554;2.1333333333333333;2.251666666666667;0.0;20.0;1.1444444444444446;0.0;5.411111111111111;0.27777777777777773;2.1555555555555554;2.7916666666666665;0.0;21.0;0.0
17.977777777777778;0.0;6.4444444444444455;1983.2444444444445;2006.1333333333334;3.581666666666667;0.0;17.0;8.71111111111111;0.0;5.633333333333333;981.3333333333334;991.0444444444444;3.1116666666666664;0.0;17.0;36.016666666666666;0.0;6.3;4552.622222222223;4589.988888888889;7.038333333333334;0.0;18.0;22.03333333333333;0.0;5.188888888888889;2695.188888888889;2708.4333333333334;4.418333333333334;0.0;18.0;1.1444444444444446;0.0;5.6000000000000005;0.27777777777777773;2.1444444444444444;2.7899999999999996;0.0;19.0;1.1555555555555557;0.0;4.7444444444444445;0.26666666666666666;2.1444444444444444;3.076666666666666;0.0;19.0;1.1777777777777778;0.0;5.6000000000000005;0.9333333333333332;2.8000000000000003;3.111666666666667;0.0;20.0;1.1333333333333333;0.0;4.577777777777778;0.25555555555555554;2.1333333333333333;2.251666666666667;0.0;20.0;1.1444444444444446;0.0;5.411111111111111;0.27777777777777773;2.1555555555555554;2.7916666666666665;0.0;21.0;1.1222222222222225;0.0;4.6000000000000005;0.26666666666666666;2.1444444444444444;2.4450000000000003;0.0;21.0;0.0
8.71111111111111;0.0;5.633333333333333;981.3333333333334;991.0444444444444;3.1116666666666664;0.0;17.0;36.016666666666666;0.0;6.3;4552.622222222223;4589.988888888889;7.038333333333334;0.0;18.0;22.03333333333333;0.0;5.188888888888889;2695.188888888889;2708.4333333333334;4.418333333333334;0.0;18.0;1.1444444444444446;0.0;5.6000000000000005;0.27777777777777773;2.1444444444444444;2.7899999999999996;0.0;19.0;1.1555555555555557;0.0;4.7444444444444445;0.26666666666666666;2.1444444444444444;3.076666666666666;0.0;19.0;1.1777777777777778;0.0;5.6000000000000005;0.9333333333333332;2.8000000000000003;3.111666666666667;0.0;20.0;1.1333333333333333;0.0;4.577777777777778;0.25555555555555554;2.1333333333333333;2.251666666666667;0.0;20.0;1.1444444444444446;0.0;5.411111111111111;0.27777777777777773;2.1555555555555554;2.7916666666666665;0.0;21.0;1.1222222222222225;0.0;4.6000000000000005;0.26666666666666666;2.1444444444444444;2.4450000000000003;0.0;21.0;1.1444444444444446;0.0;5.344444444444445;0.27777777777777773;2.1666666666666665;2.6416666666666666;0.0;22.0;0.0
36.016666666666666;0.0;6.3;4552.622222222223;4589.988888888889;7.038333333333334;0.0;18.0;22.03333333333333;0.0;5.188888888888889;2695.188888888889;2708.4333333333334;4.418333333333334;0.0;18.0;1.1444444444444446;0.0;5.6000000000000005;0.27777777777777773;2.1444444444444444;2.7899999999999996;0.0;19.0;1.1555555555555557;0.0;4.7444444444444445;0.26666666666666666;2.1444444444444444;3.076666666666666;0.0;19.0;1.1777777777777778;0.0;5.6000000000000005;0.9333333333333332;2.8000000000000003;3.111666666666667;0.0;20.0;1.1333333333333333;0.0;4.577777777777778;0.25555555555555554;2.1333333333333333;2.251666666666667;0.0;20.0;1.1444444444444446;0.0;5.411111111111111;0.27777777777777773;2.1555555555555554;2.7916666666666665;0.0;21.0;1.1222222222222225;0.0;4.6000000000000005;0.26666666666666666;2.1444444444444444;2.4450000000000003;0.0;21.0;1.1444444444444446;0.0;5.344444444444445;0.27777777777777773;2.1666666666666665;2.6416666666666666;0.0;22.0;1.1111111111111112;0.0;4.7555555555555555;0.22222222222222218;2.1333333333333333;2.686666666666666;0.0;22.0;0.0
22.03333333333333;0.0;5.188888888888889;2695.188888888889;2708.4333333333334;4.418333333333334;0.0;18.0;1.1444444444444446;0.0;5.6000000000000005;0.27777777777777773;2.1444444444444444;2.7899999999999996;0.0;19.0;1.1555555555555557;0.0;4.7444444444444445;0.26666666666666666;2.1444444444444444;3.076666666666666;0.0;19.0;1.1777777777777778;0.0;5.6000000000000005;0.9333333333333332;2.8000000000000003;3.111666666666667;0.0;20.0;1.1333333333333333;0.0;4.577777777777778;0.25555555555555554;2.1333333333333333;2.251666666666667;0.0;20.0;1.1444444444444446;0.0;5.411111111111111;0.27777777777777773;2.1555555555555554;2.7916666666666665;0.0;21.0;1.1222222222222225;0.0;4.6000000000000005;0.26666666666666666;2.1444444444444444;2.4450000000000003;0.0;21.0;1.1444444444444446;0.0;5.344444444444445;0.27777777777777773;2.1666666666666665;2.6416666666666666;0.0;22.0;1.1111111111111112;0.0;4.7555555555555555;0.22222222222222218;2.1333333333333333;2.686666666666666;0.0;22.0;1.1222222222222225;0.0;7.5888888888888895;0.25555555555555554;2.4;2.688333333333333;0.0;23.0;0.0
1.1444444444444446;0.0;5.6000000000000005;0.27777777777777773;2.1444444444444444;2.7899999999999996;0.0;19.0;1.1555555555555557;0.0;4.7444444444444445;0.26666666666666666;2.1444444444444444;3.076666666666666;0.0;19.0;1.1777777777777778;0.0;5.6000000000000005;0.9333333333333332;2.8000000000000003;3.111666666666667;0.0;20.0;1.1333333333333333;0.0;4.577777777777778;0.25555555555555554;2.1333333333333333;2.251666666666667;0.0;20.0;1.1444444444444446;0.0;5.411111111111111;0.27777777777777773;2.1555555555555554;2.7916666666666665;0.0;21.0;1.1222222222222225;0.0;4.6000000000000005;0.26666666666666666;2.1444444444444444;2.4450000000000003;0.0;21.0;1.1444444444444446;0.0;5.344444444444445;0.27777777777777773;2.1666666666666665;2.6416666666666666;0.0;22.0;1.1111111111111112;0.0;4.7555555555555555;0.22222222222222218;2.1333333333333333;2.686666666666666;0.0;22.0;1.1222222222222225;0.0;7.5888888888888895;0.25555555555555554;2.4;2.688333333333333;0.0;23.0;1.1142857142857143;0.0;5.826190476190476;0.2603174603174603;2.2928571428571427;3.2183333333333333;0.0;23.0;0.0
1.1555555555555557;0.0;4.7444444444444445;0.26666666666666666;2.1444444444444444;3.076666666666666;0.0;19.0;1.1777777777777778;0.0;5.6000000000000005;0.9333333333333332;2.8000000000000003;3.111666666666667;0.0;20.0;1.1333333333333333;0.0;4.577777777777778;0.25555555555555554;2.1333333333333333;2.251666666666667;0.0;20.0;1.1444444444444446;0.0;5.411111111111111;0.27777777777777773;2.1555555555555554;2.7916666666666665;0.0;21.0;1.1222222222222225;0.0;4.6000000000000005;0.26666666666666666;2.1444444444444444;2.4450000000000003;0.0;21.0;1.1444444444444446;0.0;5.344444444444445;0.27777777777777773;2.1666666666666665;2.6416666666666666;0.0;22.0;1.1111111111111112;0.0;4.7555555555555555;0.22222222222222218;2.1333333333333333;2.686666666666666;0.0;22.0;1.1222222222222225;0.0;7.5888888888888895;0.25555555555555554;2.4;2.688333333333333;0.0;23.0;1.1142857142857143;0.0;5.826190476190476;0.2603174603174603;2.2928571428571427;3.2183333333333333;0.0;23.0;6.266666666666667;0.0;5.770940170940172;820.2444444444444;829.9333333333334;3.4916666666666667;1.0;0.0;1.0
1.1777777777777778;0.0;5.6000000000000005;0.9333333333333332;2.8000000000000003;3.111666666666667;0.0;20.0;1.1333333333333333;0.0;4.577777777777778;0.25555555555555554;2.1333333333333333;2.251666666666667;0.0;20.0;1.1444444444444446;0.0;5.411111111111111;0.27777777777777773;2.1555555555555554;2.7916666666666665;0.0;21.0;1.1222222222222225;0.0;4.6000000000000005;0.26666666666666666;2.1444444444444444;2.4450000000000003;0.0;21.0;1.1444444444444446;0.0;5.344444444444445;0.27777777777777773;2.1666666666666665;2.6416666666666666;0.0;22.0;1.1111111111111112;0.0;4.7555555555555555;0.22222222222222218;2.1333333333333333;2.686666666666666;0.0;22.0;1.1222222222222225;0.0;7.5888888888888895;0.25555555555555554;2.4;2.688333333333333;0.0;23.0;1.1142857142857143;0.0;5.826190476190476;0.2603174603174603;2.2928571428571427;3.2183333333333333;0.0;23.0;6.266666666666667;0.0;5.770940170940172;820.2444444444444;829.9333333333334;3.4916666666666667;1.0;0.0;11.047619047619046;0.0;4.757142857142857;1619.6817460317461;1629.5619047619048;3.635;1.0;0.0;1.0
1.1333333333333333;0.0;4.577777777777778;0.25555555555555554;2.1333333333333333;2.251666666666667;0.0;20.0;1.1444444444444446;0.0;5.411111111111111;0.27777777777777773;2.1555555555555554;2.7916666666666665;0.0;21.0;1.1222222222222225;0.0;4.6000000000000005;0.26666666666666666;2.1444444444444444;2.4450000000000003;0.0;21.0;1.1444444444444446;0.0;5.344444444444445;0.27777777777777773;2.1666666666666665;2.6416666666666666;0.0;22.0;1.1111111111111112;0.0;4.7555555555555555;0.22222222222222218;2.1333333333333333;2.686666666666666;0.0;22.0;1.1222222222222225;0.0;7.5888888888888895;0.25555555555555554;2.4;2.688333333333333;0.0;23.0;1.1142857142857143;0.0;5.826190476190476;0.2603174603174603;2.2928571428571427;3.2183333333333333;0.0;23.0;6.266666666666667;0.0;5.770940170940172;820.2444444444444;829.9333333333334;3.4916666666666667;1.0;0.0;11.047619047619046;0.0;4.757142857142857;1619.6817460317461;1629.5619047619048;3.635;1.0;0.0;10.111111111111112;0.0;3.0444444444444443;1624.5666666666666;1625.9333333333334;2.7899999999999996;1.0;1.0;1.0
1.1444444444444446;0.0;5.411111111111111;0.27777777777777773;2.1555555555555554;2.7916666666666665;0.0;21.0;1.1222222222222225;0.0;4.6000000000000005;0.26666666666666666;2.1444444444444444;2.4450000000000003;0.0;21.0;1.1444444444444446;0.0;5.344444444444445;0.27777777777777773;2.1666666666666665;2.6416666666666666;0.0;22.0;1.1111111111111112;0.0;4.7555555555555555;0.22222222222222218;2.1333333333333333;2.686666666666666;0.0;22.0;1.1222222222222225;0.0;7.5888888888888895;0.25555555555555554;2.4;2.688333333333333;0.0;23.0;1.1142857142857143;0.0;5.826190476190476;0.2603174603174603;2.2928571428571427;3.2183333333333333;0.0;23.0;6.266666666666667;0.0;5.770940170940172;820.2444444444444;829.9333333333334;3.4916666666666667;1.0;0.0;11.047619047619046;0.0;4.757142857142857;1619.6817460317461;1629.5619047619048;3.635;1.0;0.0;10.111111111111112;0.0;3.0444444444444443;1624.5666666666666;1625.9333333333334;2.7899999999999996;1.0;1.0;10.122222222222222;0.0;2.0666666666666664;1624.6111111111113;1625.4222222222222;1.8583333333333336;1.0;1.0;1.0
1.1222222222222225;0.0;4.6000000000000005;0.26666666666666666;2.1444444444444444;2.4450000000000003;0.0;21.0;1.1444444444444446;0.0;5.344444444444445;0.27777777777777773;2.1666666666666665;2.6416666666666666;0.0;22.0;1.1111111111111112;0.0;4.7555555555555555;0.22222222222222218;2.1333333333333333;2.686666666666666;0.0;22.0;1.1222222222222225;0.0;7.5888888888888895;0.25555555555555554;2.4;2.688333333333333;0.0;23.0;1.1142857142857143;0.0;5.826190476190476;0.2603174603174603;2.2928571428571427;3.2183333333333333;0.0;23.0;6.266666666666667;0.0;5.770940170940172;820.2444444444444;829.9333333333334;3.4916666666666667;1.0;0.0;11.047619047619046;0.0;4.757142857142857;1619.6817460317461;1629.5619047619048;3.635;1.0;0.0;10.111111111111112;0.0;3.0444444444444443;1624.5666666666666;1625.9333333333334;2.7899999999999996;1.0;1.0;10.122222222222222;0.0;2.0666666666666664;1624.6111111111113;1625.4222222222222;1.8583333333333336;1.0;1.0;10.146031746031746;0.0;3.0801587301587303;1617.104761904762;1618.6984126984128;2.9333333333333336;1.0;2.0;1.0
1.1444444444444446;0.0;5.344444444444445;0.27777777777777773;2.1666666666666665;2.6416666666666666;0.0;22.0;1.1111111111111112;0.0;4.7555555555555555;0.22222222222222218;2.1333333333333333;2.686666666666666;0.0;22.0;1.1222222222222225;0.0;7.5888888888888895;0.25555555555555554;2.4;2.688333333333333;0.0;23.0;1.1142857142857143;0.0;5.826190476190476;0.2603174603174603;2.2928571428571427;3.2183333333333333;0.0;23.0;6.266666666666667;0.0;5.770940170940172;820.2444444444444;829.9333333333334;3.4916666666666667;1.0;0.0;11.047619047619046;0.0;4.757142857142857;1619.6817460317461;1629.5619047619048;3.635;1.0;0.0;10.111111111111112;0.0;3.0444444444444443;1624.5666666666666;1625.9333333333334;2.7899999999999996;1.0;1.0;10.122222222222222;0.0;2.0666666666666664;1624.6111111111113;1625.4222222222222;1.8583333333333336;1.0;1.0;10.146031746031746;0.0;3.0801587301587303;1617.104761904762;1618.6984126984128;2.9333333333333336;1.0;2.0;10.30079365079365;0.0;22.96666666666667;1638.6912698412698;1637.0595238095236;3.7449999999999997;1.0;2.0;0.0
1.1111111111111112;0.0;4.7555555555555555;0.22222222222222218;2.1333333333333333;2.686666666666666;0.0;22.0;1.1222222222222225;0.0;7.5888888888888895;0.25555555555555554;2.4;2.688333333333333;0.0;23.0;1.1142857142857143;0.0;5.826190476190476;0.2603174603174603;2.2928571428571427;3.2183333333333333;0.0;23.0;6.266666666666667;0.0;5.770940170940172;820.2444444444444;829.9333333333334;3.4916666666666667;1.0;0.0;11.047619047619046;0.0;4.757142857142857;1619.6817460317461;1629.5619047619048;3.635;1.0;0.0;10.111111111111112;0.0;3.0444444444444443;1624.5666666666666;1625.9333333333334;2.7899999999999996;1.0;1.0;10.122222222222222;0.0;2.0666666666666664;1624.6111111111113;1625.4222222222222;1.8583333333333336;1.0;1.0;10.146031746031746;0.0;3.0801587301587303;1617.104761904762;1618.6984126984128;2.9333333333333336;1.0;2.0;10.30079365079365;0.0;22.96666666666667;1638.6912698412698;1637.0595238095236;3.7449999999999997;1.0;2.0;9.911111111111111;0.0;3.0;1613.7666666666667;1614.7333333333333;3.0999999999999996;1.0;3.0;1.0
1.1222222222222225;0.0;7.5888888888888895;0.25555555555555554;2.4;2.688333333333333;0.0;23.0;1.1142857142857143;0.0;5.826190476190476;0.2603174603174603;2.2928571428571427;3.2183333333333333;0.0;23.0;6.266666666666667;0.0;5.770940170940172;820.2444444444444;829.9333333333334;3.4916666666666667;1.0;0.0;11.047619047619046;0.0;4.757142857142857;1619.6817460317461;1629.5619047619048;3.635;1.0;0.0;10.111111111111112;0.0;3.0444444444444443;1624.5666666666666;1625.9333333333334;2.7899999999999996;1.0;1.0;10.122222222222222;0.0;2.0666666666666664;1624.6111111111113;1625.4222222222222;1.8583333333333336;1.0;1.0;10.146031746031746;0.0;3.0801587301587303;1617.104761904762;1618.6984126984128;2.9333333333333336;1.0;2.0;10.30079365079365;0.0;22.96666666666667;1638.6912698412698;1637.0595238095236;3.7449999999999997;1.0;2.0;9.911111111111111;0.0;3.0;1613.7666666666667;1614.7333333333333;3.0999999999999996;1.0;3.0;10.133333333333333;0.0;2.1999999999999997;1633.511111111111;1634.6777777777777;2.2383333333333333;1.0;3.0;0.0
1.1142857142857143;0.0;5.826190476190476;0.2603174603174603;2.2928571428571427;3.2183333333333333;0.0;23.0;6.266666666666667;0.0;5.770940170940172;820.2444444444444;829.9333333333334;3.4916666666666667;1.0;0.0;11.047619047619046;0.0;4.757142857142857;1619.6817460317461;1629.5619047619048;3.635;1.0;0.0;10.111111111111112;0.0;3.0444444444444443;1624.5666666666666;1625.9333333333334;2.7899999999999996;1.0;1.0;10.122222222222222;0.0;2.0666666666666664;1624.6111111111113;1625.4222222222222;1.8583333333333336;1.0;1.0;10.146031746031746;0.0;3.0801587301587303;1617.104761904762;1618.6984126984128;2.9333333333333336;1.0;2.0;10.30079365079365;0.0;22.96666666666667;1638.6912698412698;1637.0595238095236;3.7449999999999997;1.0;2.0;9.911111111111111;0.0;3.0;1613.7666666666667;1614.7333333333333;3.0999999999999996;1.0;3.0;10.133333333333333;0.0;2.1999999999999997;1633.511111111111;1634.6777777777777;2.2383333333333333;1.0;3.0;5.183333333333334;0.0;2.757936507936508;706.6253968253968;707.9722222222225;1.9966666666666668;1.0;4.0;0.0
6.266666666666667;0.0;5.770940170940172;820.2444444444444;829.9333333333334;3.4916666666666667;1.0;0.0;11.047619047619046;0.0;4.757142857142857;1619.6817460317461;1629.5619047619048;3.635;1.0;0.0;10.111111111111112;0.0;3.0444444444444443;1624.5666666666666;1625.9333333333334;2.7899999999999996;1.0;1.0;10.122222222222222;0.0;2.0666666666666664;1624.6111111111113;1625.4222222222222;1.8583333333333336;1.0;1.0;10.146031746031746;0.0;3.0801587301587303;1617.104761904762;1618.6984126984128;2.9333333333333336;1.0;2.0;10.30079365079365;0.0;22.96666666666667;1638.6912698412698;1637.0595238095236;3.7449999999999997;1.0;2.0;9.911111111111111;0.0;3.0;1613.7666666666667;1614.7333333333333;3.0999999999999996;1.0;3.0;10.133333333333333;0.0;2.1999999999999997;1633.511111111111;1634.6777777777777;2.2383333333333333;1.0;3.0;5.183333333333334;0.0;2.757936507936508;706.6253968253968;707.9722222222225;1.9966666666666668;1.0;4.0;1.0999999999999999;0.0;1.5222222222222224;0.1333333333333333;0.6222222222222221;1.4249999999999998;1.0;4.0;0.0
11.047619047619046;0.0;4.757142857142857;1619.6817460317461;1629.5619047619048;3.635;1.0;0.0;10.111111111111112;0.0;3.0444444444444443;1624.5666666666666;1625.9333333333334;2.7899999999999996;1.0;1.0;10.122222222222222;0.0;2.0666666666666664;1624.6111111111113;1625.4222222222222;1.8583333333333336;1.0;1.0;10.146031746031746;0.0;3.0801587301587303;1617.104761904762;1618.6984126984128;2.9333333333333336;1.0;2.0;10.30079365079365;0.0;22.96666666666667;1638.6912698412698;1637.0595238095236;3.7449999999999997;1.0;2.0;9.911111111111111;0.0;3.0;1613.7666666666667;1614.7333333333333;3.0999999999999996;1.0;3.0;10.133333333333333;0.0;2.1999999999999997;1633.511111111111;1634.6777777777777;2.2383333333333333;1.0;3.0;5.183333333333334;0.0;2.757936507936508;706.6253968253968;707.9722222222225;1.9966666666666668;1.0;4.0;1.0999999999999999;0.0;1.5222222222222224;0.1333333333333333;0.6222222222222221;1.4249999999999998;1.0;4.0;1.0777777777777777;0.0;2.4555555555555553;0.15555555555555553;0.6333333333333333;1.6666666666666667;1.0;5.0;0.0
10.111111111111112;0.0;3.0444444444444443;1624.5666666666666;1625.9333333333334;2.7899999999999996;1.0;1.0;10.122222222222222;0.0;2.0666666666666664;1624.6111111111113;1625.4222222222222;1.8583333333333336;1.0;1.0;10.146031746031746;0.0;3.0801587301587303;1617.104761904762;1618.6984126984128;2.9333333333333336;1.0;2.0;10.30079365079365;0.0;22.96666666666667;1638.6912698412698;1637.0595238095236;3.7449999999999997;1.0;2.0;9.911111111111111;0.0;3.0;1613.7666666666667;1614.7333333333333;3.0999999999999996;1.0;3.0;10.133333333333333;0.0;2.1999999999999997;1633.511111111111;1634.6777777777777;2.2383333333333333;1.0;3.0;5.183333333333334;0.0;2.757936507936508;706.6253968253968;707.9722222222225;1.9966666666666668;1.0;4.0;1.0999999999999999;0.0;1.5222222222222224;0.1333333333333333;0.6222222222222221;1.4249999999999998;1.0;4.0;1.0777777777777777;0.0;2.4555555555555553;0.15555555555555553;0.6333333333333333;1.6666666666666667;1.0;5.0;1.1;0.0;1.4888888888888887;0.08888888888888886;0.6;1.4466666666666665;1.0;5.0;0.0
10.122222222222222;0.0;2.0666666666666664;1624.6111111111113;1625.4222222222222;1.8583333333333336;1.0;1.0;10.146031746031746;0.0;3.0801587301587303;1617.104761904762;1618.6984126984128;2.9333333333333336;1.0;2.0;10.30079365079365;0.0;22.96666666666667;1638.6912698412698;1637.0595238095236;3.7449999999999997;1.0;2.0;9.911111111111111;0.0;3.0;1613.7666666666667;1614.7333333333333;3.0999999999999996;1.0;3.0;10.133333333333333;0.0;2.1999999999999997;1633.511111111111;1634.6777777777777;2.2383333333333333;1.0;3.0;5.183333333333334;0.0;2.757936507936508;706.6253968253968;707.9722222222225;1.9966666666666668;1.0;4.0;1.0999999999999999;0.0;1.5222222222222224;0.1333333333333333;0.6222222222222221;1.4249999999999998;1.0;4.0;1.0777777777777777;0.0;2.4555555555555553;0.15555555555555553;0.6333333333333333;1.6666666666666667;1.0;5.0;1.1;0.0;1.4888888888888887;0.08888888888888886;0.6;1.4466666666666665;1.0;5.0;1.1;0.0;2.3666666666666667;0.1444444444444444;0.7000000000000001;1.2966666666666666;1.0;6.0;0.0
10.146031746031746;0.0;3.0801587301587303;1617.104761904762;1618.6984126984128;2.9333333333333336;1.0;2.0;10.30079365079365;0.0;22.96666666666667;1638.6912698412698;1637.0595238095236;3.7449999999999997;1.0;2.0;9.911111111111111;0.0;3.0;1613.7666666666667;1614.7333333333333;3.0999999999999996;1.0;3.0;10.133333333333333;0.0;2.1999999999999997;1633.511111111111;1634.6777777777777;2.2383333333333333;1.0;3.0;5.183333333333334;0.0;2.757936507936508;706.6253968253968;707.9722222222225;1.9966666666666668;1.0;4.0;1.0999999999999999;0.0;1.5222222222222224;0.1333333333333333;0.6222222222222221;1.4249999999999998;1.0;4.0;1.0777777777777777;0.0;2.4555555555555553;0.15555555555555553;0.6333333333333333;1.6666666666666667;1.0;5.0;1.1;0.0;1.4888888888888887;0.08888888888888886;0.6;1.4466666666666665;1.0;5.0;1.1;0.0;2.3666666666666667;0.1444444444444444;0.7000000000000001;1.2966666666666666;1.0;6.0;1.1;0.0;1.5;0.1333333333333333;0.6777777777777777;1.4933333333333332;1.0;6.0;0.0
10.30079365079365;0.0;22.96666666666667;1638.6912698412698;1637.0595238095236;3.7449999999999997;1.0;2.0;9.911111111111111;0.0;3.0;1613.7666666666667;1614.7333333333333;3.0999999999999996;1.0;3.0;10.133333333333333;0.0;2.1999999999999997;1633.511111111111;1634.6777777777777;2.2383333333333333;1.0;3.0;5.183333333333334;0.0;2.757936507936508;706.6253968253968;707.9722222222225;1.9966666666666668;1.0;4.0;1.0999999999999999;0.0;1.5222222222222224;0.1333333333333333;0.6222222222222221;1.4249999999999998;1.0;4.0;1.0777777777777777;0.0;2.4555555555555553;0.15555555555555553;0.6333333333333333;1.6666666666666667;1.0;5.0;1.1;0.0;1.4888888888888887;0.08888888888888886;0.6;1.4466666666666665;1.0;5.0;1.1;0.0;2.3666666666666667;0.1444444444444444;0.7000000000000001;1.2966666666666666;1.0;6.0;1.1;0.0;1.5;0.1333333333333333;0.6777777777777777;1.4933333333333332;1.0;6.0;1.1;0.0;2.3777777777777778;0.1444444444444444;0.7000000000000001;1.7466666666666664;1.0;7.0;0.0
9.911111111111111;0.0;3.0;1613.7666666666667;1614.7333333333333;3.0999999999999996;1.0;3.0;10.133333333333333;0.0;2.1999999999999997;1633.511111111111;1634.6777777777777;2.2383333333333333;1.0;3.0;5.183333333333334;0.0;2.757936507936508;706.6253968253968;707.9722222222225;1.9966666666666668;1.0;4.0;1.0999999999999999;0.0;1.5222222222222224;0.1333333333333333;0.6222222222222221;1.4249999999999998;1.0;4.0;1.0777777777777777;0.0;2.4555555555555553;0.15555555555555553;0.6333333333333333;1.6666666666666667;1.0;5.0;1.1;0.0;1.4888888888888887;0.08888888888888886;0.6;1.4466666666666665;1.0;5.0;1.1;0.0;2.3666666666666667;0.1444444444444444;0.7000000000000001;1.2966666666666666;1.0;6.0;1.1;0.0;1.5;0.1333333333333333;0.6777777777777777;1.4933333333333332;1.0;6.0;1.1;0.0;2.3777777777777778;0.1444444444444444;0.7000000000000001;1.7466666666666664;1.0;7.0;1.1;0.0;1.5444444444444445;0.1444444444444444;0.6444444444444444;1.3999999999999997;1.0;7.0;0.0
10.133333333333333;0.0;2.1999999999999997;1633.511111111111;1634.6777777777777;2.2383333333333333;1.0;3.0;5.183333333333334;0.0;2.757936507936508;706.6253968253968;707.9722222222225;1.9966666666666668;1.0;4.0;1.0999999999999999;0.0;1.5222222222222224;0.1333333333333333;0.6222222222222221;1.4249999999999998;1.0;4.0;1.0777777777777777;0.0;2.4555555555555553;0.15555555555555553;0.6333333333333333;1.6666666666666667;1.0;5.0;1.1;0.0;1.4888888888888887;0.08888888888888886;0.6;1.4466666666666665;1.0;5.0;1.1;0.0;2.3666666666666667;0.1444444444444444;0.7000000000000001;1.2966666666666666;1.0;6.0;1.1;0.0;1.5;0.1333333333333333;0.6777777777777777;1.4933333333333332;1.0;6.0;1.1;0.0;2.3777777777777778;0.1444444444444444;0.7000000000000001;1.7466666666666664;1.0;7.0;1.1;0.0;1.5444444444444445;0.1444444444444444;0.6444444444444444;1.3999999999999997;1.0;7.0;1.1;0.0;2.422222222222222;0.1444444444444444;0.6;2.1933333333333334;1.0;8.0;0.0
5.183333333333334;0.0;2.757936507936508;706.6253968253968;707.9722222222225;1.9966666666666668;1.0;4.0;1.0999999999999999;0.0;1.5222222222222224;0.1333333333333333;0.6222222222222221;1.4249999999999998;1.0;4.0;1.0777777777777777;0.0;2.4555555555555553;0.15555555555555553;0.6333333333333333;1.6666666666666667;1.0;5.0;1.1;0.0;1.4888888888888887;0.08888888888888886;0.6;1.4466666666666665;1.0;5.0;1.1;0.0;2.3666666666666667;0.1444444444444444;0.7000000000000001;1.2966666666666666;1.0;6.0;1.1;0.0;1.5;0.1333333333333333;0.6777777777777777;1.4933333333333332;1.0;6.0;1.1;0.0;2.3777777777777778;0.1444444444444444;0.7000000000000001;1.7466666666666664;1.0;7.0;1.1;0.0;1.5444444444444445;0.1444444444444444;0.6444444444444444;1.3999999999999997;1.0;7.0;1.1;0.0;2.422222222222222;0.1444444444444444;0.6;2.1933333333333334;1.0;8.0;1.1;0.0;1.5222222222222221;0.18888888888888888;0.7444444444444445;1.2966666666666666;1.0;8.0;0.0
1.0999999999999999;0.0;1.5222222222222224;0.1333333333333333;0.6222222222222221;1.4249999999999998;1.0;4.0;1.0777777777777777;0.0;2.4555555555555553;0.15555555555555553;0.6333333333333333;1.6666666666666667;1.0;5.0;1.1;0.0;1.4888888888888887;0.08888888888888886;0.6;1.4466666666666665;1.0;5.0;1.1;0.0;2.3666666666666667;0.1444444444444444;0.7000000000000001;1.2966666666666666;1.0;6.0;1.1;0.0;1.5;0.1333333333333333;0.6777777777777777;1.4933333333333332;1.0;6.0;1.1;0.0;2.3777777777777778;0.1444444444444444;0.7000000000000001;1.7466666666666664;1.0;7.0;1.1;0.0;1.5444444444444445;0.1444444444444444;0.6444444444444444;1.3999999999999997;1.0;7.0;1.1;0.0;2.422222222222222;0.1444444444444444;0.6;2.1933333333333334;1.0;8.0;1.1;0.0;1.5222222222222221;0.18888888888888888;0.7444444444444445;1.2966666666666666;1.0;8.0;1.1;0.0;2.3111111111111113;0.6444444444444444;1.1888888888888889;1.2633333333333334;1.0;9.0;0.0
1.0777777777777777;0.0;2.4555555555555553;0.15555555555555553;0.6333333333333333;1.6666666666666667;1.0;5.0;1.1;0.0;1.4888888888888887;0.08888888888888886;0.6;1.4466666666666665;1.0;5.0;1.1;0.0;2.3666666666666667;0.1444444444444444;0.7000000000000001;1.2966666666666666;1.0;6.0;1.1;0.0;1.5;0.1333333333333333;0.6777777777777777;1.4933333333333332;1.0;6.0;1.1;0.0;2.3777777777777778;0.1444444444444444;0.7000000000000001;1.7466666666666664;1.0;7.0;1.1;0.0;1.5444444444444445;0.1444444444444444;0.6444444444444444;1.3999999999999997;1.0;7.0;1.1;0.0;2.422222222222222;0.1444444444444444;0.6;2.1933333333333334;1.0;8.0;1.1;0.0;1.5222222222222221;0.18888888888888888;0.7444444444444445;1.2966666666666666;1.0;8.0;1.1;0.0;2.3111111111111113;0.6444444444444444;1.1888888888888889;1.2633333333333334;1.0;9.0;1.1;0.0;1.4555555555555555;0.6444444444444444;1.1666666666666665;1.24;1.0;9.0;0.0
1.1;0.0;1.4888888888888887;0.08888888888888886;0.6;1.4466666666666665;1.0;5.0;1.1;0.0;2.3666666666666667;0.1444444444444444;0.7000000000000001;1.2966666666666666;1.0;6.0;1.1;0.0;1.5;0.1333333333333333;0.6777777777777777;1.4933333333333332;1.0;6.0;1.1;0.0;2.3777777777777778;0.1444444444444444;0.7000000000000001;1.7466666666666664;1.0;7.0;1.1;0.0;1.5444444444444445;0.1444444444444444;0.6444444444444444;1.3999999999999997;1.0;7.0;1.1;0.0;2.422222222222222;0.1444444444444444;0.6;2.1933333333333334;1.0;8.0;1.1;0.0;1.5222222222222221;0.18888888888888888;0.7444444444444445;1.2966666666666666;1.0;8.0;1.1;0.0;2.3111111111111113;0.6444444444444444;1.1888888888888889;1.2633333333333334;1.0;9.0;1.1;0.0;1.4555555555555555;0.6444444444444444;1.1666666666666665;1.24;1.0;9.0;1.1;0.0;2.6777777777777776;5.911111111111111;6.3999999999999995;1.3416666666666666;1.0;10.0;0.0
1.1;0.0;2.3666666666666667;0.1444444444444444;0.7000000000000001;1.2966666666666666;1.0;6.0;1.1;0.0;1.5;0.1333333333333333;0.6777777777777777;1.4933333333333332;1.0;6.0;1.1;0.0;2.3777777777777778;0.1444444444444444;0.7000000000000001;1.7466666666666664;1.0;7.0;1.1;0.0;1.5444444444444445;0.1444444444444444;0.6444444444444444;1.3999999999999997;1.0;7.0;1.1;0.0;2.422222222222222;0.1444444444444444;0.6;2.1933333333333334;1.0;8.0;1.1;0.0;1.5222222222222221;0.18888888888888888;0.7444444444444445;1.2966666666666666;1.0;8.0;1.1;0.0;2.3111111111111113;0.6444444444444444;1.1888888888888889;1.2633333333333334;1.0;9.0;1.1;0.0;1.4555555555555555;0.6444444444444444;1.1666666666666665;1.24;1.0;9.0;1.1;0.0;2.6777777777777776;5.911111111111111;6.3999999999999995;1.3416666666666666;1.0;10.0;1.0888888888888888;0.0;1.9777777777777779;8.266666666666667;8.811111111111112;1.8583333333333334;1.0;10.0;0.0
1.1;0.0;1.5;0.1333333333333333;0.6777777777777777;1.4933333333333332;1.0;6.0;1.1;0.0;2.3777777777777778;0.1444444444444444;0.7000000000000001;1.7466666666666664;1.0;7.0;1.1;0.0;1.5444444444444445;0.1444444444444444;0.6444444444444444;1.3999999999999997;1.0;7.0;1.1;0.0;2.422222222222222;0.1444444444444444;0.6;2.1933333333333334;1.0;8.0;1.1;0.0;1.5222222222222221;0.18888888888888888;0.7444444444444445;1.2966666666666666;1.0;8.0;1.1;0.0;2.3111111111111113;0.6444444444444444;1.1888888888888889;1.2633333333333334;1.0;9.0;1.1;0.0;1.4555555555555555;0.6444444444444444;1.1666666666666665;1.24;1.0;9.0;1.1;0.0;2.6777777777777776;5.911111111111111;6.3999999999999995;1.3416666666666666;1.0;10.0;1.0888888888888888;0.0;1.9777777777777779;8.266666666666667;8.811111111111112;1.8583333333333334;1.0;10.0;1.3222222222222222;57.98888888888889;4.933333333333334;6.766666666666666;7.655555555555556;2.5833333333333335;1.0;11.0;0.0
1.1;0.0;2.3777777777777778;0.1444444444444444;0.7000000000000001;1.7466666666666664;1.0;7.0;1.1;0.0;1.5444444444444445;0.1444444444444444;0.6444444444444444;1.3999999999999997;1.0;7.0;1.1;0.0;2.422222222222222;0.1444444444444444;0.6;2.1933333333333334;1.0;8.0;1.1;0.0;1.5222222222222221;0.18888888888888888;0.7444444444444445;1.2966666666666666;1.0;8.0;1.1;0.0;2.3111111111111113;0.6444444444444444;1.1888888888888889;1.2633333333333334;1.0;9.0;1.1;0.0;1.4555555555555555;0.6444444444444444;1.1666666666666665;1.24;1.0;9.0;1.1;0.0;2.6777777777777776;5.911111111111111;6.3999999999999995;1.3416666666666666;1.0;10.0;1.0888888888888888;0.0;1.9777777777777779;8.266666666666667;8.811111111111112;1.8583333333333334;1.0;10.0;1.3222222222222222;57.98888888888889;4.933333333333334;6.766666666666666;7.655555555555556;2.5833333333333335;1.0;11.0;8.722222222222223;695.4111111111112;2.0;7.6000000000000005;8.544444444444444;11.733333333333333;1.0;11.0;0.0
1.1;0.0;1.5444444444444445;0.1444444444444444;0.6444444444444444;1.3999999999999997;1.0;7.0;1.1;0.0;2.422222222222222;0.1444444444444444;0.6;2.1933333333333334;1.0;8.0;1.1;0.0;1.5222222222222221;0.18888888888888888;0.7444444444444445;1.2966666666666666;1.0;8.0;1.1;0.0;2.3111111111111113;0.6444444444444444;1.1888888888888889;1.2633333333333334;1.0;9.0;1.1;0.0;1.4555555555555555;0.6444444444444444;1.1666666666666665;1.24;1.0;9.0;1.1;0.0;2.6777777777777776;5.911111111111111;6.3999999999999995;1.3416666666666666;1.0;10.0;1.0888888888888888;0.0;1.9777777777777779;8.266666666666667;8.811111111111112;1.8583333333333334;1.0;10.0;1.3222222222222222;57.98888888888889;4.933333333333334;6.766666666666666;7.655555555555556;2.5833333333333335;1.0;11.0;8.722222222222223;695.4111111111112;2.0;7.6000000000000005;8.544444444444444;11.733333333333333;1.0;11.0;1.1333333333333335;0.0;23.53333333333333;22.61111111111111;8.299999999999999;2.4116666666666666;1.0;12.0;0.0
1.1;0.0;2.422222222222222;0.1444444444444444;0.6;2.1933333333333334;1.0;8.0;1.1;0.0;1.5222222222222221;0.18888888888888888;0.7444444444444445;1.2966666666666666;1.0;8.0;1.1;0.0;2.3111111111111113;0.6444444444444444;1.1888888888888889;1.2633333333333334;1.0;9.0;1.1;0.0;1.4555555555555555;0.6444444444444444;1.1666666666666665;1.24;1.0;9.0;1.1;0.0;2.6777777777777776;5.911111111111111;6.3999999999999995;1.3416666666666666;1.0;10.0;1.0888888888888888;0.0;1.9777777777777779;8.266666666666667;8.811111111111112;1.8583333333333334;1.0;10.0;1.3222222222222222;57.98888888888889;4.933333333333334;6.766666666666666;7.655555555555556;2.5833333333333335;1.0;11.0;8.722222222222223;695.4111111111112;2.0;7.6000000000000005;8.544444444444444;11.733333333333333;1.0;11.0;1.1333333333333335;0.0;23.53333333333333;22.61111111111111;8.299999999999999;2.4116666666666666;1.0;12.0;1.011111111111111;0.0;2.1999999999999997;3.1111111111111107;3.922222222222222;2.2950000000000004;1.0;12.0;0.0
1.1;0.0;1.5222222222222221;0.18888888888888888;0.7444444444444445;1.2966666666666666;1.0;8.0;1.1;0.0;2.3111111111111113;0.6444444444444444;1.1888888888888889;1.2633333333333334;1.0;9.0;1.1;0.0;1.4555555555555555;0.6444444444444444;1.1666666666666665;1.24;1.0;9.0;1.1;0.0;2.6777777777777776;5.911111111111111;6.3999999999999995;1.3416666666666666;1.0;10.0;1.0888888888888888;0.0;1.9777777777777779;8.266666666666667;8.811111111111112;1.8583333333333334;1.0;10.0;1.3222222222222222;57.98888888888889;4.933333333333334;6.766666666666666;7.655555555555556;2.5833333333333335;1.0;11.0;8.722222222222223;695.4111111111112;2.0;7.6000000000000005;8.544444444444444;11.733333333333333;1.0;11.0;1.1333333333333335;0.0;23.53333333333333;22.61111111111111;8.299999999999999;2.4116666666666666;1.0;12.0;1.011111111111111;0.0;2.1999999999999997;3.1111111111111107;3.922222222222222;2.2950000000000004;1.0;12.0;1.0444444444444445;0.0;2.8666666666666667;3.4444444444444446;4.2;1.7666666666666666;1.0;13.0;0.0
1.1;0.0;2.3111111111111113;0.6444444444444444;1.1888888888888889;1.2633333333333334;1.0;9.0;1.1;0.0;1.4555555555555555;0.6444444444444444;1.1666666666666665;1.24;1.0;9.0;1.1;0.0;2.6777777777777776;5.911111111111111;6.3999999999999995;1.3416666666666666;1.0;10.0;1.0888888888888888;0.0;1.9777777777777779;8.266666666666667;8.811111111111112;1.8583333333333334;1.0;10.0;1.3222222222222222;57.98888888888889;4.933333333333334;6.766666666666666;7.655555555555556;2.5833333333333335;1.0;11.0;8.722222222222223;695.4111111111112;2.0;7.6000000000000005;8.544444444444444;11.733333333333333;1.0;11.0;1.1333333333333335;0.0;23.53333333333333;22.61111111111111;8.299999999999999;2.4116666666666666;1.0;12.0;1.011111111111111;0.0;2.1999999999999997;3.1111111111111107;3.922222222222222;2.2950000000000004;1.0;12.0;1.0444444444444445;0.0;2.8666666666666667;3.4444444444444446;4.2;1.7666666666666666;1.0;13.0;1.1;0.0;1.9666666666666668;7.7444444444444445;8.299999999999999;1.7566666666666666;1.0;13.0;0.0
1.1;0.0;1.4555555555555555;0.6444444444444444;1.1666666666666665;1.24;1.0;9.0;1.1;0.0;2.6777777777777776;5.911111111111111;6.3999999999999995;1.3416666666666666;1.0;10.0;1.0888888888888888;0.0;1.9777777777777779;8.266666666666667;8.811111111111112;1.8583333333333334;1.0;10.0;1.3222222222222222;57.98888888888889;4.933333333333334;6.766666666666666;7.655555555555556;2.5833333333333335;1.0;11.0;8.722222222222223;695.4111111111112;2.0;7.6000000000000005;8.544444444444444;11.733333333333333;1.0;11.0;1.1333333333333335;0.0;23.53333333333333;22.61111111111111;8.299999999999999;2.4116666666666666;1.0;12.0;1.011111111111111;0.0;2.1999999999999997;3.1111111111111107;3.922222222222222;2.2950000000000004;1.0;12.0;1.0444444444444445;0.0;2.8666666666666667;3.4444444444444446;4.2;1.7666666666666666;1.0;13.0;1.1;0.0;1.9666666666666668;7.7444444444444445;8.299999999999999;1.7566666666666666;1.0;13.0;1.0888888888888888;1.2333333333333334;3.4111111111111114;7.5888888888888895;8.177777777777779;3.123333333333333;1.0;14.0;0.0
1.1;0.0;2.6777777777777776;5.911111111111111;6.3999999999999995;1.3416666666666666;1.0;10.0;1.0888888888888888;0.0;1.9777777777777779;8.266666666666667;8.811111111111112;1.8583333333333334;1.0;10.0;1.3222222222222222;57.98888888888889;4.933333333333334;6.766666666666666;7.655555555555556;2.5833333333333335;1.0;11.0;8.722222222222223;695.4111111111112;2.0;7.6000000000000005;8.544444444444444;11.733333333333333;1.0;11.0;1.1333333333333335;0.0;23.53333333333333;22.61111111111111;8.299999999999999;2.4116666666666666;1.0;12.0;1.011111111111111;0.0;2.1999999999999997;3.1111111111111107;3.922222222222222;2.2950000000000004;1.0;12.0;1.0444444444444445;0.0;2.8666666666666667;3.4444444444444446;4.2;1.7666666666666666;1.0;13.0;1.1;0.0;1.9666666666666668;7.7444444444444445;8.299999999999999;1.7566666666666666;1.0;13.0;1.0888888888888888;1.2333333333333334;3.4111111111111114;7.5888888888888895;8.177777777777779;3.123333333333333;1.0;14.0;1.1;0.0111111111111111;2.3000000000000003;6.8;7.366666666666666;2.7116666666666664;1.0;14.0;0.0
1.0888888888888888;0.0;1.9777777777777779;8.266666666666667;8.811111111111112;1.8583333333333334;1.0;10.0;1.3222222222222222;57.98888888888889;4.933333333333334;6.766666666666666;7.655555555555556;2.5833333333333335;1.0;11.0;8.722222222222223;695.4111111111112;2.0;7.6000000000000005;8.544444444444444;11.733333333333333;1.0;11.0;1.1333333333333335;0.0;23.53333333333333;22.61111111111111;8.299999999999999;2.4116666666666666;1.0;12.0;1.011111111111111;0.0;2.1999999999999997;3.1111111111111107;3.922222222222222;2.2950000000000004;1.0;12.0;1.0444444444444445;0.0;2.8666666666666667;3.4444444444444446;4.2;1.7666666666666666;1.0;13.0;1.1;0.0;1.9666666666666668;7.7444444444444445;8.299999999999999;1.7566666666666666;1.0;13.0;1.0888888888888888;1.2333333333333334;3.4111111111111114;7.5888888888888895;8.177777777777779;3.123333333333333;1.0;14.0;1.1;0.0111111111111111;2.3000000000000003;6.8;7.366666666666666;2.7116666666666664;1.0;14.0;1.1222222222222225;1.111111111111111;2.9555555555555557;7.933333333333333;8.533333333333333;1.985;1.0;15.0;0.0
1.3222222222222222;57.98888888888889;4.933333333333334;6.766666666666666;7.655555555555556;2.5833333333333335;1.0;11.0;8.722222222222223;695.4111111111112;2.0;7.6000000000000005;8.544444444444444;11.733333333333333;1.0;11.0;1.1333333333333335;0.0;23.53333333333333;22.61111111111111;8.299999999999999;2.4116666666666666;1.0;12.0;1.011111111111111;0.0;2.1999999999999997;3.1111111111111107;3.922222222222222;2.2950000000000004;1.0;12.0;1.0444444444444445;0.0;2.8666666666666667;3.4444444444444446;4.2;1.7666666666666666;1.0;13.0;1.1;0.0;1.9666666666666668;7.7444444444444445;8.299999999999999;1.7566666666666666;1.0;13.0;1.0888888888888888;1.2333333333333334;3.4111111111111114;7.5888888888888895;8.177777777777779;3.123333333333333;1.0;14.0;1.1;0.0111111111111111;2.3000000000000003;6.8;7.366666666666666;2.7116666666666664;1.0;14.0;1.1222222222222225;1.111111111111111;2.9555555555555557;7.933333333333333;8.533333333333333;1.985;1.0;15.0;0.9888888888888889;0.0;2.0222222222222226;13.56666666666667;14.411111111111111;1.8483333333333334;1.0;15.0;0.0
8.722222222222223;695.4111111111112;2.0;7.6000000000000005;8.544444444444444;11.733333333333333;1.0;11.0;1.1333333333333335;0.0;23.53333333333333;22.61111111111111;8.299999999999999;2.4116666666666666;1.0;12.0;1.011111111111111;0.0;2.1999999999999997;3.1111111111111107;3.922222222222222;2.2950000000000004;1.0;12.0;1.0444444444444445;0.0;2.8666666666666667;3.4444444444444446;4.2;1.7666666666666666;1.0;13.0;1.1;0.0;1.9666666666666668;7.7444444444444445;8.299999999999999;1.7566666666666666;1.0;13.0;1.0888888888888888;1.2333333333333334;3.4111111111111114;7.5888888888888895;8.177777777777779;3.123333333333333;1.0;14.0;1.1;0.0111111111111111;2.3000000000000003;6.8;7.366666666666666;2.7116666666666664;1.0;14.0;1.1222222222222225;1.111111111111111;2.9555555555555557;7.933333333333333;8.533333333333333;1.985;1.0;15.0;0.9888888888888889;0.0;2.0222222222222226;13.56666666666667;14.411111111111111;1.8483333333333334;1.0;15.0;1.0222222222222221;0.0;2.888888888888889;46.24444444444444;46.955555555555556;2.24;1.0;16.0;0.0
1.1333333333333335;0.0;23.53333333333333;22.61111111111111;8.299999999999999;2.4116666666666666;1.0;12.0;1.011111111111111;0.0;2.1999999999999997;3.1111111111111107;3.922222222222222;2.2950000000000004;1.0;12.0;1.0444444444444445;0.0;2.8666666666666667;3.4444444444444446;4.2;1.7666666666666666;1.0;13.0;1.1;0.0;1.9666666666666668;7.7444444444444445;8.299999999999999;1.7566666666666666;1.0;13.0;1.0888888888888888;1.2333333333333334;3.4111111111111114;7.5888888888888895;8.177777777777779;3.123333333333333;1.0;14.0;1.1;0.0111111111111111;2.3000000000000003;6.8;7.366666666666666;2.7116666666666664;1.0;14.0;1.1222222222222225;1.111111111111111;2.9555555555555557;7.933333333333333;8.533333333333333;1.985;1.0;15.0;0.9888888888888889;0.0;2.0222222222222226;13.56666666666667;14.411111111111111;1.8483333333333334;1.0;15.0;1.0222222222222221;0.0;2.888888888888889;46.24444444444444;46.955555555555556;2.24;1.0;16.0;0.6333333333333334;0.0;1.7;3.5444444444444443;4.2;2.216666666666667;1.0;16.0;0.0
1.011111111111111;0.0;2.1999999999999997;3.1111111111111107;3.922222222222222;2.2950000000000004;1.0;12.0;1.0444444444444445;0.0;2.8666666666666667;3.4444444444444446;4.2;1.7666666666666666;1.0;13.0;1.1;0.0;1.9666666666666668;7.7444444444444445;8.299999999999999;1.7566666666666666;1.0;13.0;1.0888888888888888;1.2333333333333334;3.4111111111111114;7.5888888888888895;8.177777777777779;3.123333333333333;1.0;14.0;1.1;0.0111111111111111;2.3000000000000003;6.8;7.366666666666666;2.7116666666666664;1.0;14.0;1.1222222222222225;1.111111111111111;2.9555555555555557;7.933333333333333;8.533333333333333;1.985;1.0;15.0;0.9888888888888889;0.0;2.0222222222222226;13.56666666666667;14.411111111111111;1.8483333333333334;1.0;15.0;1.0222222222222221;0.0;2.888888888888889;46.24444444444444;46.955555555555556;2.24;1.0;16.0;0.6333333333333334;0.0;1.7;3.5444444444444443;4.2;2.216666666666667;1.0;16.0;0.4222222222222222;0.0;2.4444444444444446;0.15555555555555553;0.7222222222222223;1.6300000000000001;1.0;17.0;0.0
1.0444444444444445;0.0;2.8666666666666667;3.4444444444444446;4.2;1.7666666666666666;1.0;13.0;1.1;0.0;1.9666666666666668;7.7444444444444445;8.299999999999999;1.7566666666666666;1.0;13.0;1.0888888888888888;1.2333333333333334;3.4111111111111114;7.5888888888888895;8.177777777777779;3.123333333333333;1.0;14.0;1.1;0.0111111111111111;2.3000000000000003;6.8;7.366666666666666;2.7116666666666664;1.0;14.0;1.1222222222222225;1.111111111111111;2.9555555555555557;7.933333333333333;8.533333333333333;1.985;1.0;15.0;0.9888888888888889;0.0;2.0222222222222226;13.56666666666667;14.411111111111111;1.8483333333333334;1.0;15.0;1.0222222222222221;0.0;2.888888888888889;46.24444444444444;46.955555555555556;2.24;1.0;16.0;0.6333333333333334;0.0;1.7;3.5444444444444443;4.2;2.216666666666667;1.0;16.0;0.4222222222222222;0.0;2.4444444444444446;0.15555555555555553;0.7222222222222223;1.6300000000000001;1.0;17.0;0.3666666666666667;0.0;1.5666666666666667;0.1333333333333333;0.7444444444444445;1.571666666666667;1.0;17.0;0.0
1.1;0.0;1.9666666666666668;7.7444444444444445;8.299999999999999;1.7566666666666666;1.0;13.0;1.0888888888888888;1.2333333333333334;3.4111111111111114;7.5888888888888895;8.177777777777779;3.123333333333333;1.0;14.0;1.1;0.0111111111111111;2.3000000000000003;6.8;7.366666666666666;2.7116666666666664;1.0;14.0;1.1222222222222225;1.111111111111111;2.9555555555555557;7.933333333333333;8.533333333333333;1.985;1.0;15.0;0.9888888888888889;0.0;2.0222222222222226;13.56666666666667;14.411111111111111;1.8483333333333334;1.0;15.0;1.0222222222222221;0.0;2.888888888888889;46.24444444444444;46.955555555555556;2.24;1.0;16.0;0.6333333333333334;0.0;1.7;3.5444444444444443;4.2;2.216666666666667;1.0;16.0;0.4222222222222222;0.0;2.4444444444444446;0.15555555555555553;0.7222222222222223;1.6300000000000001;1.0;17.0;0.3666666666666667;0.0;1.5666666666666667;0.1333333333333333;0.7444444444444445;1.571666666666667;1.0;17.0;0.5222222222222223;0.0;2.466666666666667;0.1444444444444444;0.7666666666666666;1.3533333333333335;1.0;18.0;0.0
1.0888888888888888;1.2333333333333334;3.4111111111111114;7.5888888888888895;8.177777777777779;3.123333333333333;1.0;14.0;1.1;0.0111111111111111;2.3000000000000003;6.8;7.366666666666666;2.7116666666666664;1.0;14.0;1.1222222222222225;1.111111111111111;2.9555555555555557;7.933333333333333;8.533333333333333;1.985;1.0;15.0;0.9888888888888889;0.0;2.0222222222222226;13.56666666666667;14.411111111111111;1.8483333333333334;1.0;15.0;1.0222222222222221;0.0;2.888888888888889;46.24444444444444;46.955555555555556;2.24;1.0;16.0;0.6333333333333334;0.0;1.7;3.5444444444444443;4.2;2.216666666666667;1.0;16.0;0.4222222222222222;0.0;2.4444444444444446;0.15555555555555553;0.7222222222222223;1.6300000000000001;1.0;17.0;0.3666666666666667;0.0;1.5666666666666667;0.1333333333333333;0.7444444444444445;1.571666666666667;1.0;17.0;0.5222222222222223;0.0;2.466666666666667;0.1444444444444444;0.7666666666666666;1.3533333333333335;1.0;18.0;0.3111111111111111;0.0;1.5444444444444443;0.12222222222222219;0.688888888888889;2.055;1.0;18.0;0.0
1.1;0.0111111111111111;2.3000000000000003;6.8;7.366666666666666;2.7116666666666664;1.0;14.0;1.1222222222222225;1.111111111111111;2.9555555555555557;7.933333333333333;8.533333333333333;1.985;1.0;15.0;0.9888888888888889;0.0;2.0222222222222226;13.56666666666667;14.411111111111111;1.8483333333333334;1.0;15.0;1.0222222222222221;0.0;2.888888888888889;46.24444444444444;46.955555555555556;2.24;1.0;16.0;0.6333333333333334;0.0;1.7;3.5444444444444443;4.2;2.216666666666667;1.0;16.0;0.4222222222222222;0.0;2.4444444444444446;0.15555555555555553;0.7222222222222223;1.6300000000000001;1.0;17.0;0.3666666666666667;0.0;1.5666666666666667;0.1333333333333333;0.7444444444444445;1.571666666666667;1.0;17.0;0.5222222222222223;0.0;2.466666666666667;0.1444444444444444;0.7666666666666666;1.3533333333333335;1.0;18.0;0.3111111111111111;0.0;1.5444444444444443;0.12222222222222219;0.688888888888889;2.055;1.0;18.0;0.3333333333333333;0.0;2.3111111111111113;0.1444444444444444;0.7000000000000002;1.7583333333333335;1.0;19.0;0.0
1.1222222222222225;1.111111111111111;2.9555555555555557;7.933333333333333;8.533333333333333;1.985;1.0;15.0;0.9888888888888889;0.0;2.0222222222222226;13.56666666666667;14.411111111111111;1.8483333333333334;1.0;15.0;1.0222222222222221;0.0;2.888888888888889;46.24444444444444;46.955555555555556;2.24;1.0;16.0;0.6333333333333334;0.0;1.7;3.5444444444444443;4.2;2.216666666666667;1.0;16.0;0.4222222222222222;0.0;2.4444444444444446;0.15555555555555553;0.7222222222222223;1.6300000000000001;1.0;17.0;0.3666666666666667;0.0;1.5666666666666667;0.1333333333333333;0.7444444444444445;1.571666666666667;1.0;17.0;0.5222222222222223;0.0;2.466666666666667;0.1444444444444444;0.7666666666666666;1.3533333333333335;1.0;18.0;0.3111111111111111;0.0;1.5444444444444443;0.12222222222222219;0.688888888888889;2.055;1.0;18.0;0.3333333333333333;0.0;2.3111111111111113;0.1444444444444444;0.7000000000000002;1.7583333333333335;1.0;19.0;0.36666666666666664;0.0;1.5;0.1333333333333333;0.7555555555555555;1.215;1.0;19.0;0.0
0.9888888888888889;0.0;2.0222222222222226;13.56666666666667;14.411111111111111;1.8483333333333334;1.0;15.0;1.0222222222222221;0.0;2.888888888888889;46.24444444444444;46.955555555555556;2.24;1.0;16.0;0.6333333333333334;0.0;1.7;3.5444444444444443;4.2;2.216666666666667;1.0;16.0;0.4222222222222222;0.0;2.4444444444444446;0.15555555555555553;0.7222222222222223;1.6300000000000001;1.0;17.0;0.3666666666666667;0.0;1.5666666666666667;0.1333333333333333;0.7444444444444445;1.571666666666667;1.0;17.0;0.5222222222222223;0.0;2.466666666666667;0.1444444444444444;0.7666666666666666;1.3533333333333335;1.0;18.0;0.3111111111111111;0.0;1.5444444444444443;0.12222222222222219;0.688888888888889;2.055;1.0;18.0;0.3333333333333333;0.0;2.3111111111111113;0.1444444444444444;0.7000000000000002;1.7583333333333335;1.0;19.0;0.36666666666666664;0.0;1.5;0.1333333333333333;0.7555555555555555;1.215;1.0;19.0;0.35555555555555557;0.0;2.577777777777778;0.1444444444444444;0.7555555555555555;1.8716666666666668;1.0;20.0;0.0
1.0222222222222221;0.0;2.888888888888889;46.24444444444444;46.955555555555556;2.24;1.0;16.0;0.6333333333333334;0.0;1.7;3.5444444444444443;4.2;2.216666666666667;1.0;16.0;0.4222222222222222;0.0;2.4444444444444446;0.15555555555555553;0.7222222222222223;1.6300000000000001;1.0;17.0;0.3666666666666667;0.0;1.5666666666666667;0.1333333333333333;0.7444444444444445;1.571666666666667;1.0;17.0;0.5222222222222223;0.0;2.466666666666667;0.1444444444444444;0.7666666666666666;1.3533333333333335;1.0;18.0;0.3111111111111111;0.0;1.5444444444444443;0.12222222222222219;0.688888888888889;2.055;1.0;18.0;0.3333333333333333;0.0;2.3111111111111113;0.1444444444444444;0.7000000000000002;1.7583333333333335;1.0;19.0;0.36666666666666664;0.0;1.5;0.1333333333333333;0.7555555555555555;1.215;1.0;19.0;0.35555555555555557;0.0;2.577777777777778;0.1444444444444444;0.7555555555555555;1.8716666666666668;1.0;20.0;0.3444444444444444;0.0;1.5888888888888888;0.1333333333333333;0.7333333333333333;1.1233333333333333;1.0;20.0;0.0
0.6333333333333334;0.0;1.7;3.5444444444444443;4.2;2.216666666666667;1.0;16.0;0.4222222222222222;0.0;2.4444444444444446;0.15555555555555553;0.7222222222222223;1.6300000000000001;1.0;17.0;0.3666666666666667;0.0;1.5666666666666667;0.1333333333333333;0.7444444444444445;1.571666666666667;1.0;17.0;0.5222222222222223;0.0;2.466666666666667;0.1444444444444444;0.7666666666666666;1.3533333333333335;1.0;18.0;0.3111111111111111;0.0;1.5444444444444443;0.12222222222222219;0.688888888888889;2.055;1.0;18.0;0.3333333333333333;0.0;2.3111111111111113;0.1444444444444444;0.7000000000000002;1.7583333333333335;1.0;19.0;0.36666666666666664;0.0;1.5;0.1333333333333333;0.7555555555555555;1.215;1.0;19.0;0.35555555555555557;0.0;2.577777777777778;0.1444444444444444;0.7555555555555555;1.8716666666666668;1.0;20.0;0.3444444444444444;0.0;1.5888888888888888;0.1333333333333333;0.7333333333333333;1.1233333333333333;1.0;20.0;0.4444444444444444;0.0;2.3444444444444446;0.1444444444444444;0.7000000000000001;1.4583333333333333;1.0;21.0;0.0
0.4222222222222222;0.0;2.4444444444444446;0.15555555555555553;0.7222222222222223;1.6300000000000001;1.0;17.0;0.3666666666666667;0.0;1.5666666666666667;0.1333333333333333;0.7444444444444445;1.571666666666667;1.0;17.0;0.5222222222222223;0.0;2.466666666666667;0.1444444444444444;0.7666666666666666;1.3533333333333335;1.0;18.0;0.3111111111111111;0.0;1.5444444444444443;0.12222222222222219;0.688888888888889;2.055;1.0;18.0;0.3333333333333333;0.0;2.3111111111111113;0.1444444444444444;0.7000000000000002;1.7583333333333335;1.0;19.0;0.36666666666666664;0.0;1.5;0.1333333333333333;0.7555555555555555;1.215;1.0;19.0;0.35555555555555557;0.0;2.577777777777778;0.1444444444444444;0.7555555555555555;1.8716666666666668;1.0;20.0;0.3444444444444444;0.0;1.5888888888888888;0.1333333333333333;0.7333333333333333;1.1233333333333333;1.0;20.0;0.4444444444444444;0.0;2.3444444444444446;0.1444444444444444;0.7000000000000001;1.4583333333333333;1.0;21.0;0.36666666666666664;0.0;1.6222222222222225;0.1333333333333333;0.7000000000000001;1.5266666666666666;1.0;21.0;0.0
0.3666666666666667;0.0;1.5666666666666667;0.1333333333333333;0.7444444444444445;1.571666666666667;1.0;17.0;0.5222222222222223;0.0;2.466666666666667;0.1444444444444444;0.7666666666666666;1.3533333333333335;1.0;18.0;0.3111111111111111;0.0;1.5444444444444443;0.12222222222222219;0.688888888888889;2.055;1.0;18.0;0.3333333333333333;0.0;2.3111111111111113;0.1444444444444444;0.7000000000000002;1.7583333333333335;1.0;19.0;0.36666666666666664;0.0;1.5;0.1333333333333333;0.7555555555555555;1.215;1.0;19.0;0.35555555555555557;0.0;2.577777777777778;0.1444444444444444;0.7555555555555555;1.8716666666666668;1.0;20.0;0.3444444444444444;0.0;1.5888888888888888;0.1333333333333333;0.7333333333333333;1.1233333333333333;1.0;20.0;0.4444444444444444;0.0;2.3444444444444446;0.1444444444444444;0.7000000000000001;1.4583333333333333;1.0;21.0;0.36666666666666664;0.0;1.6222222222222225;0.1333333333333333;0.7000000000000001;1.5266666666666666;1.0;21.0;0.3222222222222222;0.0;2.3333333333333335;0.1444444444444444;0.7111111111111111;2.2500000000000004;1.0;22.0;0.0
0.5222222222222223;0.0;2.466666666666667;0.1444444444444444;0.7666666666666666;1.3533333333333335;1.0;18.0;0.3111111111111111;0.0;1.5444444444444443;0.12222222222222219;0.688888888888889;2.055;1.0;18.0;0.3333333333333333;0.0;2.3111111111111113;0.1444444444444444;0.7000000000000002;1.7583333333333335;1.0;19.0;0.36666666666666664;0.0;1.5;0.1333333333333333;0.7555555555555555;1.215;1.0;19.0;0.35555555555555557;0.0;2.577777777777778;0.1444444444444444;0.7555555555555555;1.8716666666666668;1.0;20.0;0.3444444444444444;0.0;1.5888888888888888;0.1333333333333333;0.7333333333333333;1.1233333333333333;1.0;20.0;0.4444444444444444;0.0;2.3444444444444446;0.1444444444444444;0.7000000000000001;1.4583333333333333;1.0;21.0;0.36666666666666664;0.0;1.6222222222222225;0.1333333333333333;0.7000000000000001;1.5266666666666666;1.0;21.0;0.3222222222222222;0.0;2.3333333333333335;0.1444444444444444;0.7111111111111111;2.2500000000000004;1.0;22.0;0.3333333333333333;0.0;1.5333333333333332;0.10666666666666665;0.68;1.4040000000000004;1.0;22.0;0.0
0.3111111111111111;0.0;1.5444444444444443;0.12222222222222219;0.688888888888889;2.055;1.0;18.0;0.3333333333333333;0.0;2.3111111111111113;0.1444444444444444;0.7000000000000002;1.7583333333333335;1.0;19.0;0.36666666666666664;0.0;1.5;0.1333333333333333;0.7555555555555555;1.215;1.0;19.0;0.35555555555555557;0.0;2.577777777777778;0.1444444444444444;0.7555555555555555;1.8716666666666668;1.0;20.0;0.3444444444444444;0.0;1.5888888888888888;0.1333333333333333;0.7333333333333333;1.1233333333333333;1.0;20.0;0.4444444444444444;0.0;2.3444444444444446;0.1444444444444444;0.7000000000000001;1.4583333333333333;1.0;21.0;0.36666666666666664;0.0;1.6222222222222225;0.1333333333333333;0.7000000000000001;1.5266666666666666;1.0;21.0;0.3222222222222222;0.0;2.3333333333333335;0.1444444444444444;0.7111111111111111;2.2500000000000004;1.0;22.0;0.3333333333333333;0.0;1.5333333333333332;0.10666666666666665;0.68;1.4040000000000004;1.0;22.0;0.36666666666666664;0.0;2.6222222222222222;0.12222222222222219;0.6777777777777777;1.666666666666667;1.0;23.0;0.0
0.3333333333333333;0.0;2.3111111111111113;0.1444444444444444;0.7000000000000002;1.7583333333333335;1.0;19.0;0.36666666666666664;0.0;1.5;0.1333333333333333;0.7555555555555555;1.215;1.0;19.0;0.35555555555555557;0.0;2.577777777777778;0.1444444444444444;0.7555555555555555;1.8716666666666668;1.0;20.0;0.3444444444444444;0.0;1.5888888888888888;0.1333333333333333;0.7333333333333333;1.1233333333333333;1.0;20.0;0.4444444444444444;0.0;2.3444444444444446;0.1444444444444444;0.7000000000000001;1.4583333333333333;1.0;21.0;0.36666666666666664;0.0;1.6222222222222225;0.1333333333333333;0.7000000000000001;1.5266666666666666;1.0;21.0;0.3222222222222222;0.0;2.3333333333333335;0.1444444444444444;0.7111111111111111;2.2500000000000004;1.0;22.0;0.3333333333333333;0.0;1.5333333333333332;0.10666666666666665;0.68;1.4040000000000004;1.0;22.0;0.36666666666666664;0.0;2.6222222222222222;0.12222222222222219;0.6777777777777777;1.666666666666667;1.0;23.0;0.25555555555555554;0.0;1.5999999999999999;0.1333333333333333;0.7000000000000001;1.3783333333333332;1.0;23.0;0.0
0.36666666666666664;0.0;1.5;0.1333333333333333;0.7555555555555555;1.215;1.0;19.0;0.35555555555555557;0.0;2.577777777777778;0.1444444444444444;0.7555555555555555;1.8716666666666668;1.0;20.0;0.3444444444444444;0.0;1.5888888888888888;0.1333333333333333;0.7333333333333333;1.1233333333333333;1.0;20.0;0.4444444444444444;0.0;2.3444444444444446;0.1444444444444444;0.7000000000000001;1.4583333333333333;1.0;21.0;0.36666666666666664;0.0;1.6222222222222225;0.1333333333333333;0.7000000000000001;1.5266666666666666;1.0;21.0;0.3222222222222222;0.0;2.3333333333333335;0.1444444444444444;0.7111111111111111;2.2500000000000004;1.0;22.0;0.3333333333333333;0.0;1.5333333333333332;0.10666666666666665;0.68;1.4040000000000004;1.0;22.0;0.36666666666666664;0.0;2.6222222222222222;0.12222222222222219;0.6777777777777777;1.666666666666667;1.0;23.0;0.25555555555555554;0.0;1.5999999999999999;0.1333333333333333;0.7000000000000001;1.3783333333333332;1.0;23.0;0.3444444444444444;0.0;2.3777777777777778;0.1444444444444444;0.6444444444444445;1.2733333333333334;2.0;0.0;0.0
0.35555555555555557;0.0;2.577777777777778;0.1444444444444444;0.7555555555555555;1.8716666666666668;1.0;20.0;0.3444444444444444;0.0;1.5888888888888888;0.1333333333333333;0.7333333333333333;1.1233333333333333;1.0;20.0;0.4444444444444444;0.0;2.3444444444444446;0.1444444444444444;0.7000000000000001;1.4583333333333333;1.0;21.0;0.36666666666666664;0.0;1.6222222222222225;0.1333333333333333;0.7000000000000001;1.5266666666666666;1.0;21.0;0.3222222222222222;0.0;2.3333333333333335;0.1444444444444444;0.7111111111111111;2.2500000000000004;1.0;22.0;0.3333333333333333;0.0;1.5333333333333332;0.10666666666666665;0.68;1.4040000000000004;1.0;22.0;0.36666666666666664;0.0;2.6222222222222222;0.12222222222222219;0.6777777777777777;1.666666666666667;1.0;23.0;0.25555555555555554;0.0;1.5999999999999999;0.1333333333333333;0.7000000000000001;1.3783333333333332;1.0;23.0;0.3444444444444444;0.0;2.3777777777777778;0.1444444444444444;0.6444444444444445;1.2733333333333334;2.0;0.0;0.3111111111111111;0.0;1.5999999999999999;0.1333333333333333;0.6888888888888888;1.261666666666667;2.0;0.0;0.0
0.3444444444444444;0.0;1.5888888888888888;0.1333333333333333;0.7333333333333333;1.1233333333333333;1.0;20.0;0.4444444444444444;0.0;2.3444444444444446;0.1444444444444444;0.7000000000000001;1.4583333333333333;1.0;21.0;0.36666666666666664;0.0;1.6222222222222225;0.1333333333333333;0.7000000000000001;1.5266666666666666;1.0;21.0;0.3222222222222222;0.0;2.3333333333333335;0.1444444444444444;0.7111111111111111;2.2500000000000004;1.0;22.0;0.3333333333333333;0.0;1.5333333333333332;0.10666666666666665;0.68;1.4040000000000004;1.0;22.0;0.36666666666666664;0.0;2.6222222222222222;0.12222222222222219;0.6777777777777777;1.666666666666667;1.0;23.0;0.25555555555555554;0.0;1.5999999999999999;0.1333333333333333;0.7000000000000001;1.3783333333333332;1.0;23.0;0.3444444444444444;0.0;2.3777777777777778;0.1444444444444444;0.6444444444444445;1.2733333333333334;2.0;0.0;0.3111111111111111;0.0;1.5999999999999999;0.1333333333333333;0.6888888888888888;1.261666666666667;2.0;0.0;0.3333333333333333;0.0;2.3555555555555556;0.1444444444444444;0.6777777777777777;1.7216666666666667;2.0;1.0;0.0
0.4444444444444444;0.0;2.3444444444444446;0.1444444444444444;0.7000000000000001;1.4583333333333333;1.0;21.0;0.36666666666666664;0.0;1.6222222222222225;0.1333333333333333;0.7000000000000001;1.5266666666666666;1.0;21.0;0.3222222222222222;0.0;2.3333333333333335;0.1444444444444444;0.7111111111111111;2.2500000000000004;1.0;22.0;0.3333333333333333;0.0;1.5333333333333332;0.10666666666666665;0.68;1.4040000000000004;1.0;22.0;0.36666666666666664;0.0;2.6222222222222222;0.12222222222222219;0.6777777777777777;1.666666666666667;1.0;23.0;0.25555555555555554;0.0;1.5999999999999999;0.1333333333333333;0.7000000000000001;1.3783333333333332;1.0;23.0;0.3444444444444444;0.0;2.3777777777777778;0.1444444444444444;0.6444444444444445;1.2733333333333334;2.0;0.0;0.3111111111111111;0.0;1.5999999999999999;0.1333333333333333;0.6888888888888888;1.261666666666667;2.0;0.0;0.3333333333333333;0.0;2.3555555555555556;0.1444444444444444;0.6777777777777777;1.7216666666666667;2.0;1.0;0.3333333333333333;0.0;1.6119047619047617;0.1333333333333333;0.6555555555555556;1.8616666666666666;2.0;1.0;0.0
0.36666666666666664;0.0;1.6222222222222225;0.1333333333333333;0.7000000000000001;1.5266666666666666;1.0;21.0;0.3222222222222222;0.0;2.3333333333333335;0.1444444444444444;0.7111111111111111;2.2500000000000004;1.0;22.0;0.3333333333333333;0.0;1.5333333333333332;0.10666666666666665;0.68;1.4040000000000004;1.0;22.0;0.36666666666666664;0.0;2.6222222222222222;0.12222222222222219;0.6777777777777777;1.666666666666667;1.0;23.0;0.25555555555555554;0.0;1.5999999999999999;0.1333333333333333;0.7000000000000001;1.3783333333333332;1.0;23.0;0.3444444444444444;0.0;2.3777777777777778;0.1444444444444444;0.6444444444444445;1.2733333333333334;2.0;0.0;0.3111111111111111;0.0;1.5999999999999999;0.1333333333333333;0.6888888888888888;1.261666666666667;2.0;0.0;0.3333333333333333;0.0;2.3555555555555556;0.1444444444444444;0.6777777777777777;1.7216666666666667;2.0;1.0;0.3333333333333333;0.0;1.6119047619047617;0.1333333333333333;0.6555555555555556;1.8616666666666666;2.0;1.0;0.45555555555555555;0.0;2.466666666666667;0.15555555555555553;0.7222222222222222;2.1366666666666663;2.0;2.0;0.0
0.3222222222222222;0.0;2.3333333333333335;0.1444444444444444;0.7111111111111111;2.2500000000000004;1.0;22.0;0.3333333333333333;0.0;1.5333333333333332;0.10666666666666665;0.68;1.4040000000000004;1.0;22.0;0.36666666666666664;0.0;2.6222222222222222;0.12222222222222219;0.6777777777777777;1.666666666666667;1.0;23.0;0.25555555555555554;0.0;1.5999999999999999;0.1333333333333333;0.7000000000000001;1.3783333333333332;1.0;23.0;0.3444444444444444;0.0;2.3777777777777778;0.1444444444444444;0.6444444444444445;1.2733333333333334;2.0;0.0;0.3111111111111111;0.0;1.5999999999999999;0.1333333333333333;0.6888888888888888;1.261666666666667;2.0;0.0;0.3333333333333333;0.0;2.3555555555555556;0.1444444444444444;0.6777777777777777;1.7216666666666667;2.0;1.0;0.3333333333333333;0.0;1.6119047619047617;0.1333333333333333;0.6555555555555556;1.8616666666666666;2.0;1.0;0.45555555555555555;0.0;2.466666666666667;0.15555555555555553;0.7222222222222222;2.1366666666666663;2.0;2.0;0.43333333333333335;9.166666666666666;9.255555555555556;1.0666666666666667;0.7555555555555555;3.2616666666666667;2.0;2.0;0.0
0.3333333333333333;0.0;1.5333333333333332;0.10666666666666665;0.68;1.4040000000000004;1.0;22.0;0.36666666666666664;0.0;2.6222222222222222;0.12222222222222219;0.6777777777777777;1.666666666666667;1.0;23.0;0.25555555555555554;0.0;1.5999999999999999;0.1333333333333333;0.7000000000000001;1.3783333333333332;1.0;23.0;0.3444444444444444;0.0;2.3777777777777778;0.1444444444444444;0.6444444444444445;1.2733333333333334;2.0;0.0;0.3111111111111111;0.0;1.5999999999999999;0.1333333333333333;0.6888888888888888;1.261666666666667;2.0;0.0;0.3333333333333333;0.0;2.3555555555555556;0.1444444444444444;0.6777777777777777;1.7216666666666667;2.0;1.0;0.3333333333333333;0.0;1.6119047619047617;0.1333333333333333;0.6555555555555556;1.8616666666666666;2.0;1.0;0.45555555555555555;0.0;2.466666666666667;0.15555555555555553;0.7222222222222222;2.1366666666666663;2.0;2.0;0.43333333333333335;9.166666666666666;9.255555555555556;1.0666666666666667;0.7555555555555555;3.2616666666666667;2.0;2.0;0.3222222222222222;0.0;2.4;0.1444444444444444;0.7000000000000001;1.1933333333333331;2.0;3.0;0.0
0.36666666666666664;0.0;2.6222222222222222;0.12222222222222219;0.6777777777777777;1.666666666666667;1.0;23.0;0.25555555555555554;0.0;1.5999999999999999;0.1333333333333333;0.7000000000000001;1.3783333333333332;1.0;23.0;0.3444444444444444;0.0;2.3777777777777778;0.1444444444444444;0.6444444444444445;1.2733333333333334;2.0;0.0;0.3111111111111111;0.0;1.5999999999999999;0.1333333333333333;0.6888888888888888;1.261666666666667;2.0;0.0;0.3333333333333333;0.0;2.3555555555555556;0.1444444444444444;0.6777777777777777;1.7216666666666667;2.0;1.0;0.3333333333333333;0.0;1.6119047619047617;0.1333333333333333;0.6555555555555556;1.8616666666666666;2.0;1.0;0.45555555555555555;0.0;2.466666666666667;0.15555555555555553;0.7222222222222222;2.1366666666666663;2.0;2.0;0.43333333333333335;9.166666666666666;9.255555555555556;1.0666666666666667;0.7555555555555555;3.2616666666666667;2.0;2.0;0.3222222222222222;0.0;2.4;0.1444444444444444;0.7000000000000001;1.1933333333333331;2.0;3.0;0.28888888888888886;0.0;1.5444444444444443;0.1333333333333333;0.6444444444444444;1.3516666666666668;2.0;3.0;0.0
0.25555555555555554;0.0;1.5999999999999999;0.1333333333333333;0.7000000000000001;1.3783333333333332;1.0;23.0;0.3444444444444444;0.0;2.3777777777777778;0.1444444444444444;0.6444444444444445;1.2733333333333334;2.0;0.0;0.3111111111111111;0.0;1.5999999999999999;0.1333333333333333;0.6888888888888888;1.261666666666667;2.0;0.0;0.3333333333333333;0.0;2.3555555555555556;0.1444444444444444;0.6777777777777777;1.7216666666666667;2.0;1.0;0.3333333333333333;0.0;1.6119047619047617;0.1333333333333333;0.6555555555555556;1.8616666666666666;2.0;1.0;0.45555555555555555;0.0;2.466666666666667;0.15555555555555553;0.7222222222222222;2.1366666666666663;2.0;2.0;0.43333333333333335;9.166666666666666;9.255555555555556;1.0666666666666667;0.7555555555555555;3.2616666666666667;2.0;2.0;0.3222222222222222;0.0;2.4;0.1444444444444444;0.7000000000000001;1.1933333333333331;2.0;3.0;0.28888888888888886;0.0;1.5444444444444443;0.1333333333333333;0.6444444444444444;1.3516666666666668;2.0;3.0;0.25555555555555554;0.0;2.3666666666666667;0.1444444444444444;0.7444444444444445;1.343333333333333;2.0;4.0;0.0
0.3444444444444444;0.0;2.3777777777777778;0.1444444444444444;0.6444444444444445;1.2733333333333334;2.0;0.0;0.3111111111111111;0.0;1.5999999999999999;0.1333333333333333;0.6888888888888888;1.261666666666667;2.0;0.0;0.3333333333333333;0.0;2.3555555555555556;0.1444444444444444;0.6777777777777777;1.7216666666666667;2.0;1.0;0.3333333333333333;0.0;1.6119047619047617;0.1333333333333333;0.6555555555555556;1.8616666666666666;2.0;1.0;0.45555555555555555;0.0;2.466666666666667;0.15555555555555553;0.7222222222222222;2.1366666666666663;2.0;2.0;0.43333333333333335;9.166666666666666;9.255555555555556;1.0666666666666667;0.7555555555555555;3.2616666666666667;2.0;2.0;0.3222222222222222;0.0;2.4;0.1444444444444444;0.7000000000000001;1.1933333333333331;2.0;3.0;0.28888888888888886;0.0;1.5444444444444443;0.1333333333333333;0.6444444444444444;1.3516666666666668;2.0;3.0;0.25555555555555554;0.0;2.3666666666666667;0.1444444444444444;0.7444444444444445;1.343333333333333;2.0;4.0;0.28888888888888886;0.0;1.488888888888889;0.1333333333333333;0.7000000000000001;1.5383333333333333;2.0;4.0;0.0
0.3111111111111111;0.0;1.5999999999999999;0.1333333333333333;0.6888888888888888;1.261666666666667;2.0;0.0;0.3333333333333333;0.0;2.3555555555555556;0.1444444444444444;0.6777777777777777;1.7216666666666667;2.0;1.0;0.3333333333333333;0.0;1.6119047619047617;0.1333333333333333;0.6555555555555556;1.8616666666666666;2.0;1.0;0.45555555555555555;0.0;2.466666666666667;0.15555555555555553;0.7222222222222222;2.1366666666666663;2.0;2.0;0.43333333333333335;9.166666666666666;9.255555555555556;1.0666666666666667;0.7555555555555555;3.2616666666666667;2.0;2.0;0.3222222222222222;0.0;2.4;0.1444444444444444;0.7000000000000001;1.1933333333333331;2.0;3.0;0.28888888888888886;0.0;1.5444444444444443;0.1333333333333333;0.6444444444444444;1.3516666666666668;2.0;3.0;0.25555555555555554;0.0;2.3666666666666667;0.1444444444444444;0.7444444444444445;1.343333333333333;2.0;4.0;0.28888888888888886;0.0;1.488888888888889;0.1333333333333333;0.7000000000000001;1.5383333333333333;2.0;4.0;0.28888888888888886;0.0;2.4666666666666663;0.15555555555555553;0.7000000000000001;1.6083333333333334;2.0;5.0;0.0
0.3333333333333333;0.0;2.3555555555555556;0.1444444444444444;0.6777777777777777;1.7216666666666667;2.0;1.0;0.3333333333333333;0.0;1.6119047619047617;0.1333333333333333;0.6555555555555556;1.8616666666666666;2.0;1.0;0.45555555555555555;0.0;2.466666666666667;0.15555555555555553;0.7222222222222222;2.1366666666666663;2.0;2.0;0.43333333333333335;9.166666666666666;9.255555555555556;1.0666666666666667;0.7555555555555555;3.2616666666666667;2.0;2.0;0.3222222222222222;0.0;2.4;0.1444444444444444;0.7000000000000001;1.1933333333333331;2.0;3.0;0.28888888888888886;0.0;1.5444444444444443;0.1333333333333333;0.6444444444444444;1.3516666666666668;2.0;3.0;0.25555555555555554;0.0;2.3666666666666667;0.1444444444444444;0.7444444444444445;1.343333333333333;2.0;4.0;0.28888888888888886;0.0;1.488888888888889;0.1333333333333333;0.7000000000000001;1.5383333333333333;2.0;4.0;0.28888888888888886;0.0;2.4666666666666663;0.15555555555555553;0.7000000000000001;1.6083333333333334;2.0;5.0;0.3;0.0;1.5666666666666667;0.12222222222222219;0.6666666666666666;1.6433333333333333;2.0;5.0;0.0
0.3333333333333333;0.0;1.6119047619047617;0.1333333333333333;0.6555555555555556;1.8616666666666666;2.0;1.0;0.45555555555555555;0.0;2.466666666666667;0.15555555555555553;0.7222222222222222;2.1366666666666663;2.0;2.0;0.43333333333333335;9.166666666666666;9.255555555555556;1.0666666666666667;0.7555555555555555;3.2616666666666667;2.0;2.0;0.3222222222222222;0.0;2.4;0.1444444444444444;0.7000000000000001;1.1933333333333331;2.0;3.0;0.28888888888888886;0.0;1.5444444444444443;0.1333333333333333;0.6444444444444444;1.3516666666666668;2.0;3.0;0.25555555555555554;0.0;2.3666666666666667;0.1444444444444444;0.7444444444444445;1.343333333333333;2.0;4.0;0.28888888888888886;0.0;1.488888888888889;0.1333333333333333;0.7000000000000001;1.5383333333333333;2.0;4.0;0.28888888888888886;0.0;2.4666666666666663;0.15555555555555553;0.7000000000000001;1.6083333333333334;2.0;5.0;0.3;0.0;1.5666666666666667;0.12222222222222219;0.6666666666666666;1.6433333333333333;2.0;5.0;0.3;0.0;2.388888888888889;0.1444444444444444;0.611111111111111;1.78;2.0;6.0;0.0
0.45555555555555555;0.0;2.466666666666667;0.15555555555555553;0.7222222222222222;2.1366666666666663;2.0;2.0;0.43333333333333335;9.166666666666666;9.255555555555556;1.0666666666666667;0.7555555555555555;3.2616666666666667;2.0;2.0;0.3222222222222222;0.0;2.4;0.1444444444444444;0.7000000000000001;1.1933333333333331;2.0;3.0;0.28888888888888886;0.0;1.5444444444444443;0.1333333333333333;0.6444444444444444;1.3516666666666668;2.0;3.0;0.25555555555555554;0.0;2.3666666666666667;0.1444444444444444;0.7444444444444445;1.343333333333333;2.0;4.0;0.28888888888888886;0.0;1.488888888888889;0.1333333333333333;0.7000000000000001;1.5383333333333333;2.0;4.0;0.28888888888888886;0.0;2.4666666666666663;0.15555555555555553;0.7000000000000001;1.6083333333333334;2.0;5.0;0.3;0.0;1.5666666666666667;0.12222222222222219;0.6666666666666666;1.6433333333333333;2.0;5.0;0.3;0.0;2.388888888888889;0.1444444444444444;0.611111111111111;1.78;2.0;6.0;0.24444444444444446;0.0;1.511111111111111;0.1333333333333333;0.688888888888889;1.6633333333333333;2.0;6.0;0.0
0.43333333333333335;9.166666666666666;9.255555555555556;1.0666666666666667;0.7555555555555555;3.2616666666666667;2.0;2.0;0.3222222222222222;0.0;2.4;0.1444444444444444;0.7000000000000001;1.1933333333333331;2.0;3.0;0.28888888888888886;0.0;1.5444444444444443;0.1333333333333333;0.6444444444444444;1.3516666666666668;2.0;3.0;0.25555555555555554;0.0;2.3666666666666667;0.1444444444444444;0.7444444444444445;1.343333333333333;2.0;4.0;0.28888888888888886;0.0;1.488888888888889;0.1333333333333333;0.7000000000000001;1.5383333333333333;2.0;4.0;0.28888888888888886;0.0;2.4666666666666663;0.15555555555555553;0.7000000000000001;1.6083333333333334;2.0;5.0;0.3;0.0;1.5666666666666667;0.12222222222222219;0.6666666666666666;1.6433333333333333;2.0;5.0;0.3;0.0;2.388888888888889;0.1444444444444444;0.611111111111111;1.78;2.0;6.0;0.24444444444444446;0.0;1.511111111111111;0.1333333333333333;0.688888888888889;1.6633333333333333;2.0;6.0;0.4222222222222222;0.0;2.3;0.43333333333333335;0.9222222222222222;1.8133333333333332;2.0;7.0;0.0
0.3222222222222222;0.0;2.4;0.1444444444444444;0.7000000000000001;1.1933333333333331;2.0;3.0;0.28888888888888886;0.0;1.5444444444444443;0.1333333333333333;0.6444444444444444;1.3516666666666668;2.0;3.0;0.25555555555555554;0.0;2.3666666666666667;0.1444444444444444;0.7444444444444445;1.343333333333333;2.0;4.0;0.28888888888888886;0.0;1.488888888888889;0.1333333333333333;0.7000000000000001;1.5383333333333333;2.0;4.0;0.28888888888888886;0.0;2.4666666666666663;0.15555555555555553;0.7000000000000001;1.6083333333333334;2.0;5.0;0.3;0.0;1.5666666666666667;0.12222222222222219;0.6666666666666666;1.6433333333333333;2.0;5.0;0.3;0.0;2.388888888888889;0.1444444444444444;0.611111111111111;1.78;2.0;6.0;0.24444444444444446;0.0;1.511111111111111;0.1333333333333333;0.688888888888889;1.6633333333333333;2.0;6.0;0.4222222222222222;0.0;2.3;0.43333333333333335;0.9222222222222222;1.8133333333333332;2.0;7.0;0.3;0.0;1.5555555555555556;0.1333333333333333;0.7222222222222222;1.9983333333333333;2.0;7.0;0.0
0.28888888888888886;0.0;1.5444444444444443;0.1333333333333333;0.6444444444444444;1.3516666666666668;2.0;3.0;0.25555555555555554;0.0;2.3666666666666667;0.1444444444444444;0.7444444444444445;1.343333333333333;2.0;4.0;0.28888888888888886;0.0;1.488888888888889;0.1333333333333333;0.7000000000000001;1.5383333333333333;2.0;4.0;0.28888888888888886;0.0;2.4666666666666663;0.15555555555555553;0.7000000000000001;1.6083333333333334;2.0;5.0;0.3;0.0;1.5666666666666667;0.12222222222222219;0.6666666666666666;1.6433333333333333;2.0;5.0;0.3;0.0;2.388888888888889;0.1444444444444444;0.611111111111111;1.78;2.0;6.0;0.24444444444444446;0.0;1.511111111111111;0.1333333333333333;0.688888888888889;1.6633333333333333;2.0;6.0;0.4222222222222222;0.0;2.3;0.43333333333333335;0.9222222222222222;1.8133333333333332;2.0;7.0;0.3;0.0;1.5555555555555556;0.1333333333333333;0.7222222222222222;1.9983333333333333;2.0;7.0;0.38888888888888884;0.0;2.422222222222222;0.15555555555555553;0.7111111111111109;1.8366666666666667;2.0;8.0;0.0
0.25555555555555554;0.0;2.3666666666666667;0.1444444444444444;0.7444444444444445;1.343333333333333;2.0;4.0;0.28888888888888886;0.0;1.488888888888889;0.1333333333333333;0.7000000000000001;1.5383333333333333;2.0;4.0;0.28888888888888886;0.0;2.4666666666666663;0.15555555555555553;0.7000000000000001;1.6083333333333334;2.0;5.0;0.3;0.0;1.5666666666666667;0.12222222222222219;0.6666666666666666;1.6433333333333333;2.0;5.0;0.3;0.0;2.388888888888889;0.1444444444444444;0.611111111111111;1.78;2.0;6.0;0.24444444444444446;0.0;1.511111111111111;0.1333333333333333;0.688888888888889;1.6633333333333333;2.0;6.0;0.4222222222222222;0.0;2.3;0.43333333333333335;0.9222222222222222;1.8133333333333332;2.0;7.0;0.3;0.0;1.5555555555555556;0.1333333333333333;0.7222222222222222;1.9983333333333333;2.0;7.0;0.38888888888888884;0.0;2.422222222222222;0.15555555555555553;0.7111111111111109;1.8366666666666667;2.0;8.0;0.39999999999999997;0.0;1.5999999999999999;0.1333333333333333;0.6333333333333334;1.5716666666666665;2.0;8.0;0.0
0.28888888888888886;0.0;1.488888888888889;0.1333333333333333;0.7000000000000001;1.5383333333333333;2.0;4.0;0.28888888888888886;0.0;2.4666666666666663;0.15555555555555553;0.7000000000000001;1.6083333333333334;2.0;5.0;0.3;0.0;1.5666666666666667;0.12222222222222219;0.6666666666666666;1.6433333333333333;2.0;5.0;0.3;0.0;2.388888888888889;0.1444444444444444;0.611111111111111;1.78;2.0;6.0;0.24444444444444446;0.0;1.511111111111111;0.1333333333333333;0.688888888888889;1.6633333333333333;2.0;6.0;0.4222222222222222;0.0;2.3;0.43333333333333335;0.9222222222222222;1.8133333333333332;2.0;7.0;0.3;0.0;1.5555555555555556;0.1333333333333333;0.7222222222222222;1.9983333333333333;2.0;7.0;0.38888888888888884;0.0;2.422222222222222;0.15555555555555553;0.7111111111111109;1.8366666666666667;2.0;8.0;0.39999999999999997;0.0;1.5999999999999999;0.1333333333333333;0.6333333333333334;1.5716666666666665;2.0;8.0;0.3666666666666667;0.0;2.311111111111111;0.8444444444444446;1.4000000000000001;1.366666666666667;2.0;9.0;0.0
0.28888888888888886;0.0;2.4666666666666663;0.15555555555555553;0.7000000000000001;1.6083333333333334;2.0;5.0;0.3;0.0;1.5666666666666667;0.12222222222222219;0.6666666666666666;1.6433333333333333;2.0;5.0;0.3;0.0;2.388888888888889;0.1444444444444444;0.611111111111111;1.78;2.0;6.0;0.24444444444444446;0.0;1.511111111111111;0.1333333333333333;0.688888888888889;1.6633333333333333;2.0;6.0;0.4222222222222222;0.0;2.3;0.43333333333333335;0.9222222222222222;1.8133333333333332;2.0;7.0;0.3;0.0;1.5555555555555556;0.1333333333333333;0.7222222222222222;1.9983333333333333;2.0;7.0;0.38888888888888884;0.0;2.422222222222222;0.15555555555555553;0.7111111111111109;1.8366666666666667;2.0;8.0;0.39999999999999997;0.0;1.5999999999999999;0.1333333333333333;0.6333333333333334;1.5716666666666665;2.0;8.0;0.3666666666666667;0.0;2.311111111111111;0.8444444444444446;1.4000000000000001;1.366666666666667;2.0;9.0;0.38888888888888884;0.0;1.6444444444444446;1.3222222222222222;1.933333333333333;1.655;2.0;9.0;0.0
0.3;0.0;1.5666666666666667;0.12222222222222219;0.6666666666666666;1.6433333333333333;2.0;5.0;0.3;0.0;2.388888888888889;0.1444444444444444;0.611111111111111;1.78;2.0;6.0;0.24444444444444446;0.0;1.511111111111111;0.1333333333333333;0.688888888888889;1.6633333333333333;2.0;6.0;0.4222222222222222;0.0;2.3;0.43333333333333335;0.9222222222222222;1.8133333333333332;2.0;7.0;0.3;0.0;1.5555555555555556;0.1333333333333333;0.7222222222222222;1.9983333333333333;2.0;7.0;0.38888888888888884;0.0;2.422222222222222;0.15555555555555553;0.7111111111111109;1.8366666666666667;2.0;8.0;0.39999999999999997;0.0;1.5999999999999999;0.1333333333333333;0.6333333333333334;1.5716666666666665;2.0;8.0;0.3666666666666667;0.0;2.311111111111111;0.8444444444444446;1.4000000000000001;1.366666666666667;2.0;9.0;0.38888888888888884;0.0;1.6444444444444446;1.3222222222222222;1.933333333333333;1.655;2.0;9.0;0.41111111111111104;0.0;2.4555555555555557;1.1555555555555557;1.7;1.8383333333333336;2.0;10.0;0.0
0.3;0.0;2.388888888888889;0.1444444444444444;0.611111111111111;1.78;2.0;6.0;0.24444444444444446;0.0;1.511111111111111;0.1333333333333333;0.688888888888889;1.6633333333333333;2.0;6.0;0.4222222222222222;0.0;2.3;0.43333333333333335;0.9222222222222222;1.8133333333333332;2.0;7.0;0.3;0.0;1.5555555555555556;0.1333333333333333;0.7222222222222222;1.9983333333333333;2.0;7.0;0.38888888888888884;0.0;2.422222222222222;0.15555555555555553;0.7111111111111109;1.8366666666666667;2.0;8.0;0.39999999999999997;0.0;1.5999999999999999;0.1333333333333333;0.6333333333333334;1.5716666666666665;2.0;8.0;0.3666666666666667;0.0;2.311111111111111;0.8444444444444446;1.4000000000000001;1.366666666666667;2.0;9.0;0.38888888888888884;0.0;1.6444444444444446;1.3222222222222222;1.933333333333333;1.655;2.0;9.0;0.41111111111111104;0.0;2.4555555555555557;1.1555555555555557;1.7;1.8383333333333336;2.0;10.0;0.4888888888888889;0.0;1.8333333333333333;0.43333333333333335;2.1999999999999997;1.7666666666666666;2.0;10.0;0.0
0.24444444444444446;0.0;1.511111111111111;0.1333333333333333;0.688888888888889;1.6633333333333333;2.0;6.0;0.4222222222222222;0.0;2.3;0.43333333333333335;0.9222222222222222;1.8133333333333332;2.0;7.0;0.3;0.0;1.5555555555555556;0.1333333333333333;0.7222222222222222;1.9983333333333333;2.0;7.0;0.38888888888888884;0.0;2.422222222222222;0.15555555555555553;0.7111111111111109;1.8366666666666667;2.0;8.0;0.39999999999999997;0.0;1.5999999999999999;0.1333333333333333;0.6333333333333334;1.5716666666666665;2.0;8.0;0.3666666666666667;0.0;2.311111111111111;0.8444444444444446;1.4000000000000001;1.366666666666667;2.0;9.0;0.38888888888888884;0.0;1.6444444444444446;1.3222222222222222;1.933333333333333;1.655;2.0;9.0;0.41111111111111104;0.0;2.4555555555555557;1.1555555555555557;1.7;1.8383333333333336;2.0;10.0;0.4888888888888889;0.0;1.8333333333333333;0.43333333333333335;2.1999999999999997;1.7666666666666666;2.0;10.0;0.3111111111111111;0.0;2.477777777777778;0.15555555555555553;0.6333333333333334;1.5050000000000001;2.0;11.0;0.0
0.4222222222222222;0.0;2.3;0.43333333333333335;0.9222222222222222;1.8133333333333332;2.0;7.0;0.3;0.0;1.5555555555555556;0.1333333333333333;0.7222222222222222;1.9983333333333333;2.0;7.0;0.38888888888888884;0.0;2.422222222222222;0.15555555555555553;0.7111111111111109;1.8366666666666667;2.0;8.0;0.39999999999999997;0.0;1.5999999999999999;0.1333333333333333;0.6333333333333334;1.5716666666666665;2.0;8.0;0.3666666666666667;0.0;2.311111111111111;0.8444444444444446;1.4000000000000001;1.366666666666667;2.0;9.0;0.38888888888888884;0.0;1.6444444444444446;1.3222222222222222;1.933333333333333;1.655;2.0;9.0;0.41111111111111104;0.0;2.4555555555555557;1.1555555555555557;1.7;1.8383333333333336;2.0;10.0;0.4888888888888889;0.0;1.8333333333333333;0.43333333333333335;2.1999999999999997;1.7666666666666666;2.0;10.0;0.3111111111111111;0.0;2.477777777777778;0.15555555555555553;0.6333333333333334;1.5050000000000001;2.0;11.0;0.26666666666666666;0.0;1.488888888888889;0.15555555555555553;0.6444444444444445;1.2533333333333332;2.0;11.0;0.0
0.3;0.0;1.5555555555555556;0.1333333333333333;0.7222222222222222;1.9983333333333333;2.0;7.0;0.38888888888888884;0.0;2.422222222222222;0.15555555555555553;0.7111111111111109;1.8366666666666667;2.0;8.0;0.39999999999999997;0.0;1.5999999999999999;0.1333333333333333;0.6333333333333334;1.5716666666666665;2.0;8.0;0.3666666666666667;0.0;2.311111111111111;0.8444444444444446;1.4000000000000001;1.366666666666667;2.0;9.0;0.38888888888888884;0.0;1.6444444444444446;1.3222222222222222;1.933333333333333;1.655;2.0;9.0;0.41111111111111104;0.0;2.4555555555555557;1.1555555555555557;1.7;1.8383333333333336;2.0;10.0;0.4888888888888889;0.0;1.8333333333333333;0.43333333333333335;2.1999999999999997;1.7666666666666666;2.0;10.0;0.3111111111111111;0.0;2.477777777777778;0.15555555555555553;0.6333333333333334;1.5050000000000001;2.0;11.0;0.26666666666666666;0.0;1.488888888888889;0.15555555555555553;0.6444444444444445;1.2533333333333332;2.0;11.0;1.0;0.0;3.5666666666666664;30.355555555555554;31.41111111111111;2.33;2.0;12.0;0.0
0.38888888888888884;0.0;2.422222222222222;0.15555555555555553;0.7111111111111109;1.8366666666666667;2.0;8.0;0.39999999999999997;0.0;1.5999999999999999;0.1333333333333333;0.6333333333333334;1.5716666666666665;2.0;8.0;0.3666666666666667;0.0;2.311111111111111;0.8444444444444446;1.4000000000000001;1.366666666666667;2.0;9.0;0.38888888888888884;0.0;1.6444444444444446;1.3222222222222222;1.933333333333333;1.655;2.0;9.0;0.41111111111111104;0.0;2.4555555555555557;1.1555555555555557;1.7;1.8383333333333336;2.0;10.0;0.4888888888888889;0.0;1.8333333333333333;0.43333333333333335;2.1999999999999997;1.7666666666666666;2.0;10.0;0.3111111111111111;0.0;2.477777777777778;0.15555555555555553;0.6333333333333334;1.5050000000000001;2.0;11.0;0.26666666666666666;0.0;1.488888888888889;0.15555555555555553;0.6444444444444445;1.2533333333333332;2.0;11.0;1.0;0.0;3.5666666666666664;30.355555555555554;31.41111111111111;2.33;2.0;12.0;1.6666666666666667;0.0;2.4111111111111114;23.477777777777778;27.355555555555558;3.3866666666666667;2.0;12.0;0.0
0.39999999999999997;0.0;1.5999999999999999;0.1333333333333333;0.6333333333333334;1.5716666666666665;2.0;8.0;0.3666666666666667;0.0;2.311111111111111;0.8444444444444446;1.4000000000000001;1.366666666666667;2.0;9.0;0.38888888888888884;0.0;1.6444444444444446;1.3222222222222222;1.933333333333333;1.655;2.0;9.0;0.41111111111111104;0.0;2.4555555555555557;1.1555555555555557;1.7;1.8383333333333336;2.0;10.0;0.4888888888888889;0.0;1.8333333333333333;0.43333333333333335;2.1999999999999997;1.7666666666666666;2.0;10.0;0.3111111111111111;0.0;2.477777777777778;0.15555555555555553;0.6333333333333334;1.5050000000000001;2.0;11.0;0.26666666666666666;0.0;1.488888888888889;0.15555555555555553;0.6444444444444445;1.2533333333333332;2.0;11.0;1.0;0.0;3.5666666666666664;30.355555555555554;31.41111111111111;2.33;2.0;12.0;1.6666666666666667;0.0;2.4111111111111114;23.477777777777778;27.355555555555558;3.3866666666666667;2.0;12.0;2.666666666666666;27.011111111111116;9.644444444444444;36.033333333333324;42.1;8.968333333333332;2.0;13.0;0.0
0.3666666666666667;0.0;2.311111111111111;0.8444444444444446;1.4000000000000001;1.366666666666667;2.0;9.0;0.38888888888888884;0.0;1.6444444444444446;1.3222222222222222;1.933333333333333;1.655;2.0;9.0;0.41111111111111104;0.0;2.4555555555555557;1.1555555555555557;1.7;1.8383333333333336;2.0;10.0;0.4888888888888889;0.0;1.8333333333333333;0.43333333333333335;2.1999999999999997;1.7666666666666666;2.0;10.0;0.3111111111111111;0.0;2.477777777777778;0.15555555555555553;0.6333333333333334;1.5050000000000001;2.0;11.0;0.26666666666666666;0.0;1.488888888888889;0.15555555555555553;0.6444444444444445;1.2533333333333332;2.0;11.0;1.0;0.0;3.5666666666666664;30.355555555555554;31.41111111111111;2.33;2.0;12.0;1.6666666666666667;0.0;2.4111111111111114;23.477777777777778;27.355555555555558;3.3866666666666667;2.0;12.0;2.666666666666666;27.011111111111116;9.644444444444444;36.033333333333324;42.1;8.968333333333332;2.0;13.0;0.5222222222222223;0.0;2.144444444444445;11.78888888888889;14.188888888888888;1.6416666666666666;2.0;13.0;0.0
0.38888888888888884;0.0;1.6444444444444446;1.3222222222222222;1.933333333333333;1.655;2.0;9.0;0.41111111111111104;0.0;2.4555555555555557;1.1555555555555557;1.7;1.8383333333333336;2.0;10.0;0.4888888888888889;0.0;1.8333333333333333;0.43333333333333335;2.1999999999999997;1.7666666666666666;2.0;10.0;0.3111111111111111;0.0;2.477777777777778;0.15555555555555553;0.6333333333333334;1.5050000000000001;2.0;11.0;0.26666666666666666;0.0;1.488888888888889;0.15555555555555553;0.6444444444444445;1.2533333333333332;2.0;11.0;1.0;0.0;3.5666666666666664;30.355555555555554;31.41111111111111;2.33;2.0;12.0;1.6666666666666667;0.0;2.4111111111111114;23.477777777777778;27.355555555555558;3.3866666666666667;2.0;12.0;2.666666666666666;27.011111111111116;9.644444444444444;36.033333333333324;42.1;8.968333333333332;2.0;13.0;0.5222222222222223;0.0;2.144444444444445;11.78888888888889;14.188888888888888;1.6416666666666666;2.0;13.0;0.45555555555555555;0.4777777777777778;3.3333333333333335;0.38888888888888884;1.511111111111111;1.7599999999999998;2.0;14.0;0.0
0.41111111111111104;0.0;2.4555555555555557;1.1555555555555557;1.7;1.8383333333333336;2.0;10.0;0.4888888888888889;0.0;1.8333333333333333;0.43333333333333335;2.1999999999999997;1.7666666666666666;2.0;10.0;0.3111111111111111;0.0;2.477777777777778;0.15555555555555553;0.6333333333333334;1.5050000000000001;2.0;11.0;0.26666666666666666;0.0;1.488888888888889;0.15555555555555553;0.6444444444444445;1.2533333333333332;2.0;11.0;1.0;0.0;3.5666666666666664;30.355555555555554;31.41111111111111;2.33;2.0;12.0;1.6666666666666667;0.0;2.4111111111111114;23.477777777777778;27.355555555555558;3.3866666666666667;2.0;12.0;2.666666666666666;27.011111111111116;9.644444444444444;36.033333333333324;42.1;8.968333333333332;2.0;13.0;0.5222222222222223;0.0;2.144444444444445;11.78888888888889;14.188888888888888;1.6416666666666666;2.0;13.0;0.45555555555555555;0.4777777777777778;3.3333333333333335;0.38888888888888884;1.511111111111111;1.7599999999999998;2.0;14.0;1.077777777777778;0.0;4.955555555555556;0.6888888888888888;1.711111111111111;3.938333333333333;2.0;14.0;0.0
0.4888888888888889;0.0;1.8333333333333333;0.43333333333333335;2.1999999999999997;1.7666666666666666;2.0;10.0;0.3111111111111111;0.0;2.477777777777778;0.15555555555555553;0.6333333333333334;1.5050000000000001;2.0;11.0;0.26666666666666666;0.0;1.488888888888889;0.15555555555555553;0.6444444444444445;1.2533333333333332;2.0;11.0;1.0;0.0;3.5666666666666664;30.355555555555554;31.41111111111111;2.33;2.0;12.0;1.6666666666666667;0.0;2.4111111111111114;23.477777777777778;27.355555555555558;3.3866666666666667;2.0;12.0;2.666666666666666;27.011111111111116;9.644444444444444;36.033333333333324;42.1;8.968333333333332;2.0;13.0;0.5222222222222223;0.0;2.144444444444445;11.78888888888889;14.188888888888888;1.6416666666666666;2.0;13.0;0.45555555555555555;0.4777777777777778;3.3333333333333335;0.38888888888888884;1.511111111111111;1.7599999999999998;2.0;14.0;1.077777777777778;0.0;4.955555555555556;0.6888888888888888;1.711111111111111;3.938333333333333;2.0;14.0;0.3222222222222222;0.0;2.4333333333333336;2.6333333333333333;3.4444444444444446;1.1016666666666668;2.0;15.0;0.0
0.3111111111111111;0.0;2.477777777777778;0.15555555555555553;0.6333333333333334;1.5050000000000001;2.0;11.0;0.26666666666666666;0.0;1.488888888888889;0.15555555555555553;0.6444444444444445;1.2533333333333332;2.0;11.0;1.0;0.0;3.5666666666666664;30.355555555555554;31.41111111111111;2.33;2.0;12.0;1.6666666666666667;0.0;2.4111111111111114;23.477777777777778;27.355555555555558;3.3866666666666667;2.0;12.0;2.666666666666666;27.011111111111116;9.644444444444444;36.033333333333324;42.1;8.968333333333332;2.0;13.0;0.5222222222222223;0.0;2.144444444444445;11.78888888888889;14.188888888888888;1.6416666666666666;2.0;13.0;0.45555555555555555;0.4777777777777778;3.3333333333333335;0.38888888888888884;1.511111111111111;1.7599999999999998;2.0;14.0;1.077777777777778;0.0;4.955555555555556;0.6888888888888888;1.711111111111111;3.938333333333333;2.0;14.0;0.3222222222222222;0.0;2.4333333333333336;2.6333333333333333;3.4444444444444446;1.1016666666666668;2.0;15.0;0.26666666666666666;0.0;1.511111111111111;1.2;1.988888888888889;1.6649999999999998;2.0;15.0;0.0
0.26666666666666666;0.0;1.488888888888889;0.15555555555555553;0.6444444444444445;1.2533333333333332;2.0;11.0;1.0;0.0;3.5666666666666664;30.355555555555554;31.41111111111111;2.33;2.0;12.0;1.6666666666666667;0.0;2.4111111111111114;23.477777777777778;27.355555555555558;3.3866666666666667;2.0;12.0;2.666666666666666;27.011111111111116;9.644444444444444;36.033333333333324;42.1;8.968333333333332;2.0;13.0;0.5222222222222223;0.0;2.144444444444445;11.78888888888889;14.188888888888888;1.6416666666666666;2.0;13.0;0.45555555555555555;0.4777777777777778;3.3333333333333335;0.38888888888888884;1.511111111111111;1.7599999999999998;2.0;14.0;1.077777777777778;0.0;4.955555555555556;0.6888888888888888;1.711111111111111;3.938333333333333;2.0;14.0;0.3222222222222222;0.0;2.4333333333333336;2.6333333333333333;3.4444444444444446;1.1016666666666668;2.0;15.0;0.26666666666666666;0.0;1.511111111111111;1.2;1.988888888888889;1.6649999999999998;2.0;15.0;0.4444444444444445;0.2111111111111111;13.744444444444442;9.722222222222223;1.8222222222222222;1.9050000000000002;2.0;16.0;0.0
1.0;0.0;3.5666666666666664;30.355555555555554;31.41111111111111;2.33;2.0;12.0;1.6666666666666667;0.0;2.4111111111111114;23.477777777777778;27.355555555555558;3.3866666666666667;2.0;12.0;2.666666666666666;27.011111111111116;9.644444444444444;36.033333333333324;42.1;8.968333333333332;2.0;13.0;0.5222222222222223;0.0;2.144444444444445;11.78888888888889;14.188888888888888;1.6416666666666666;2.0;13.0;0.45555555555555555;0.4777777777777778;3.3333333333333335;0.38888888888888884;1.511111111111111;1.7599999999999998;2.0;14.0;1.077777777777778;0.0;4.955555555555556;0.6888888888888888;1.711111111111111;3.938333333333333;2.0;14.0;0.3222222222222222;0.0;2.4333333333333336;2.6333333333333333;3.4444444444444446;1.1016666666666668;2.0;15.0;0.26666666666666666;0.0;1.511111111111111;1.2;1.988888888888889;1.6649999999999998;2.0;15.0;0.4444444444444445;0.2111111111111111;13.744444444444442;9.722222222222223;1.8222222222222222;1.9050000000000002;2.0;16.0;0.2555555555555556;0.0;1.6333333333333335;0.4777777777777777;1.3444444444444443;1.38;2.0;16.0;0.0
1.6666666666666667;0.0;2.4111111111111114;23.477777777777778;27.355555555555558;3.3866666666666667;2.0;12.0;2.666666666666666;27.011111111111116;9.644444444444444;36.033333333333324;42.1;8.968333333333332;2.0;13.0;0.5222222222222223;0.0;2.144444444444445;11.78888888888889;14.188888888888888;1.6416666666666666;2.0;13.0;0.45555555555555555;0.4777777777777778;3.3333333333333335;0.38888888888888884;1.511111111111111;1.7599999999999998;2.0;14.0;1.077777777777778;0.0;4.955555555555556;0.6888888888888888;1.711111111111111;3.938333333333333;2.0;14.0;0.3222222222222222;0.0;2.4333333333333336;2.6333333333333333;3.4444444444444446;1.1016666666666668;2.0;15.0;0.26666666666666666;0.0;1.511111111111111;1.2;1.988888888888889;1.6649999999999998;2.0;15.0;0.4444444444444445;0.2111111111111111;13.744444444444442;9.722222222222223;1.8222222222222222;1.9050000000000002;2.0;16.0;0.2555555555555556;0.0;1.6333333333333335;0.4777777777777777;1.3444444444444443;1.38;2.0;16.0;0.26666666666666666;0.0;2.533333333333333;0.18888888888888886;0.9444444444444445;1.6433333333333335;2.0;17.0;0.0
2.666666666666666;27.011111111111116;9.644444444444444;36.033333333333324;42.1;8.968333333333332;2.0;13.0;0.5222222222222223;0.0;2.144444444444445;11.78888888888889;14.188888888888888;1.6416666666666666;2.0;13.0;0.45555555555555555;0.4777777777777778;3.3333333333333335;0.38888888888888884;1.511111111111111;1.7599999999999998;2.0;14.0;1.077777777777778;0.0;4.955555555555556;0.6888888888888888;1.711111111111111;3.938333333333333;2.0;14.0;0.3222222222222222;0.0;2.4333333333333336;2.6333333333333333;3.4444444444444446;1.1016666666666668;2.0;15.0;0.26666666666666666;0.0;1.511111111111111;1.2;1.988888888888889;1.6649999999999998;2.0;15.0;0.4444444444444445;0.2111111111111111;13.744444444444442;9.722222222222223;1.8222222222222222;1.9050000000000002;2.0;16.0;0.2555555555555556;0.0;1.6333333333333335;0.4777777777777777;1.3444444444444443;1.38;2.0;16.0;0.26666666666666666;0.0;2.533333333333333;0.18888888888888886;0.9444444444444445;1.6433333333333335;2.0;17.0;0.2333333333333333;0.0;1.5888888888888888;0.1333333333333333;0.9999999999999999;2.0783333333333336;2.0;17.0;0.0
0.5222222222222223;0.0;2.144444444444445;11.78888888888889;14.188888888888888;1.6416666666666666;2.0;13.0;0.45555555555555555;0.4777777777777778;3.3333333333333335;0.38888888888888884;1.511111111111111;1.7599999999999998;2.0;14.0;1.077777777777778;0.0;4.955555555555556;0.6888888888888888;1.711111111111111;3.938333333333333;2.0;14.0;0.3222222222222222;0.0;2.4333333333333336;2.6333333333333333;3.4444444444444446;1.1016666666666668;2.0;15.0;0.26666666666666666;0.0;1.511111111111111;1.2;1.988888888888889;1.6649999999999998;2.0;15.0;0.4444444444444445;0.2111111111111111;13.744444444444442;9.722222222222223;1.8222222222222222;1.9050000000000002;2.0;16.0;0.2555555555555556;0.0;1.6333333333333335;0.4777777777777777;1.3444444444444443;1.38;2.0;16.0;0.26666666666666666;0.0;2.533333333333333;0.18888888888888886;0.9444444444444445;1.6433333333333335;2.0;17.0;0.2333333333333333;0.0;1.5888888888888888;0.1333333333333333;0.9999999999999999;2.0783333333333336;2.0;17.0;0.26666666666666666;0.0;2.3555555555555556;0.1444444444444444;0.9222222222222222;1.5033333333333332;2.0;18.0;0.0
0.45555555555555555;0.4777777777777778;3.3333333333333335;0.38888888888888884;1.511111111111111;1.7599999999999998;2.0;14.0;1.077777777777778;0.0;4.955555555555556;0.6888888888888888;1.711111111111111;3.938333333333333;2.0;14.0;0.3222222222222222;0.0;2.4333333333333336;2.6333333333333333;3.4444444444444446;1.1016666666666668;2.0;15.0;0.26666666666666666;0.0;1.511111111111111;1.2;1.988888888888889;1.6649999999999998;2.0;15.0;0.4444444444444445;0.2111111111111111;13.744444444444442;9.722222222222223;1.8222222222222222;1.9050000000000002;2.0;16.0;0.2555555555555556;0.0;1.6333333333333335;0.4777777777777777;1.3444444444444443;1.38;2.0;16.0;0.26666666666666666;0.0;2.533333333333333;0.18888888888888886;0.9444444444444445;1.6433333333333335;2.0;17.0;0.2333333333333333;0.0;1.5888888888888888;0.1333333333333333;0.9999999999999999;2.0783333333333336;2.0;17.0;0.26666666666666666;0.0;2.3555555555555556;0.1444444444444444;0.9222222222222222;1.5033333333333332;2.0;18.0;0.24444444444444444;0.0;1.611111111111111;0.1333333333333333;0.9888888888888889;1.345;2.0;18.0;0.0
1.077777777777778;0.0;4.955555555555556;0.6888888888888888;1.711111111111111;3.938333333333333;2.0;14.0;0.3222222222222222;0.0;2.4333333333333336;2.6333333333333333;3.4444444444444446;1.1016666666666668;2.0;15.0;0.26666666666666666;0.0;1.511111111111111;1.2;1.988888888888889;1.6649999999999998;2.0;15.0;0.4444444444444445;0.2111111111111111;13.744444444444442;9.722222222222223;1.8222222222222222;1.9050000000000002;2.0;16.0;0.2555555555555556;0.0;1.6333333333333335;0.4777777777777777;1.3444444444444443;1.38;2.0;16.0;0.26666666666666666;0.0;2.533333333333333;0.18888888888888886;0.9444444444444445;1.6433333333333335;2.0;17.0;0.2333333333333333;0.0;1.5888888888888888;0.1333333333333333;0.9999999999999999;2.0783333333333336;2.0;17.0;0.26666666666666666;0.0;2.3555555555555556;0.1444444444444444;0.9222222222222222;1.5033333333333332;2.0;18.0;0.24444444444444444;0.0;1.611111111111111;0.1333333333333333;0.9888888888888889;1.345;2.0;18.0;0.26666666666666666;0.0;2.4666666666666663;0.1333333333333333;0.9777777777777779;1.2616666666666667;2.0;19.0;0.0
0.3222222222222222;0.0;2.4333333333333336;2.6333333333333333;3.4444444444444446;1.1016666666666668;2.0;15.0;0.26666666666666666;0.0;1.511111111111111;1.2;1.988888888888889;1.6649999999999998;2.0;15.0;0.4444444444444445;0.2111111111111111;13.744444444444442;9.722222222222223;1.8222222222222222;1.9050000000000002;2.0;16.0;0.2555555555555556;0.0;1.6333333333333335;0.4777777777777777;1.3444444444444443;1.38;2.0;16.0;0.26666666666666666;0.0;2.533333333333333;0.18888888888888886;0.9444444444444445;1.6433333333333335;2.0;17.0;0.2333333333333333;0.0;1.5888888888888888;0.1333333333333333;0.9999999999999999;2.0783333333333336;2.0;17.0;0.26666666666666666;0.0;2.3555555555555556;0.1444444444444444;0.9222222222222222;1.5033333333333332;2.0;18.0;0.24444444444444444;0.0;1.611111111111111;0.1333333333333333;0.9888888888888889;1.345;2.0;18.0;0.26666666666666666;0.0;2.4666666666666663;0.1333333333333333;0.9777777777777779;1.2616666666666667;2.0;19.0;0.2333333333333333;0.0;1.5444444444444445;0.1333333333333333;0.9444444444444446;1.5383333333333333;2.0;19.0;0.0
0.26666666666666666;0.0;1.511111111111111;1.2;1.988888888888889;1.6649999999999998;2.0;15.0;0.4444444444444445;0.2111111111111111;13.744444444444442;9.722222222222223;1.8222222222222222;1.9050000000000002;2.0;16.0;0.2555555555555556;0.0;1.6333333333333335;0.4777777777777777;1.3444444444444443;1.38;2.0;16.0;0.26666666666666666;0.0;2.533333333333333;0.18888888888888886;0.9444444444444445;1.6433333333333335;2.0;17.0;0.2333333333333333;0.0;1.5888888888888888;0.1333333333333333;0.9999999999999999;2.0783333333333336;2.0;17.0;0.26666666666666666;0.0;2.3555555555555556;0.1444444444444444;0.9222222222222222;1.5033333333333332;2.0;18.0;0.24444444444444444;0.0;1.611111111111111;0.1333333333333333;0.9888888888888889;1.345;2.0;18.0;0.26666666666666666;0.0;2.4666666666666663;0.1333333333333333;0.9777777777777779;1.2616666666666667;2.0;19.0;0.2333333333333333;0.0;1.5444444444444445;0.1333333333333333;0.9444444444444446;1.5383333333333333;2.0;19.0;0.2888888888888889;0.0;2.5666666666666664;0.15555555555555553;0.9444444444444446;1.17;2.0;20.0;0.0
0.4444444444444445;0.2111111111111111;13.744444444444442;9.722222222222223;1.8222222222222222;1.9050000000000002;2.0;16.0;0.2555555555555556;0.0;1.6333333333333335;0.4777777777777777;1.3444444444444443;1.38;2.0;16.0;0.26666666666666666;0.0;2.533333333333333;0.18888888888888886;0.9444444444444445;1.6433333333333335;2.0;17.0;0.2333333333333333;0.0;1.5888888888888888;0.1333333333333333;0.9999999999999999;2.0783333333333336;2.0;17.0;0.26666666666666666;0.0;2.3555555555555556;0.1444444444444444;0.9222222222222222;1.5033333333333332;2.0;18.0;0.24444444444444444;0.0;1.611111111111111;0.1333333333333333;0.9888888888888889;1.345;2.0;18.0;0.26666666666666666;0.0;2.4666666666666663;0.1333333333333333;0.9777777777777779;1.2616666666666667;2.0;19.0;0.2333333333333333;0.0;1.5444444444444445;0.1333333333333333;0.9444444444444446;1.5383333333333333;2.0;19.0;0.2888888888888889;0.0;2.5666666666666664;0.15555555555555553;0.9444444444444446;1.17;2.0;20.0;0.2333333333333333;0.0;1.5000000000000002;0.1333333333333333;0.9333333333333332;1.02;2.0;20.0;0.0
0.2555555555555556;0.0;1.6333333333333335;0.4777777777777777;1.3444444444444443;1.38;2.0;16.0;0.26666666666666666;0.0;2.533333333333333;0.18888888888888886;0.9444444444444445;1.6433333333333335;2.0;17.0;0.2333333333333333;0.0;1.5888888888888888;0.1333333333333333;0.9999999999999999;2.0783333333333336;2.0;17.0;0.26666666666666666;0.0;2.3555555555555556;0.1444444444444444;0.9222222222222222;1.5033333333333332;2.0;18.0;0.24444444444444444;0.0;1.611111111111111;0.1333333333333333;0.9888888888888889;1.345;2.0;18.0;0.26666666666666666;0.0;2.4666666666666663;0.1333333333333333;0.9777777777777779;1.2616666666666667;2.0;19.0;0.2333333333333333;0.0;1.5444444444444445;0.1333333333333333;0.9444444444444446;1.5383333333333333;2.0;19.0;0.2888888888888889;0.0;2.5666666666666664;0.15555555555555553;0.9444444444444446;1.17;2.0;20.0;0.2333333333333333;0.0;1.5000000000000002;0.1333333333333333;0.9333333333333332;1.02;2.0;20.0;0.3666666666666667;0.0;2.6999999999999997;1.1333333333333333;1.988888888888889;1.9749999999999999;2.0;21.0;0.0
0.26666666666666666;0.0;2.533333333333333;0.18888888888888886;0.9444444444444445;1.6433333333333335;2.0;17.0;0.2333333333333333;0.0;1.5888888888888888;0.1333333333333333;0.9999999999999999;2.0783333333333336;2.0;17.0;0.26666666666666666;0.0;2.3555555555555556;0.1444444444444444;0.9222222222222222;1.5033333333333332;2.0;18.0;0.24444444444444444;0.0;1.611111111111111;0.1333333333333333;0.9888888888888889;1.345;2.0;18.0;0.26666666666666666;0.0;2.4666666666666663;0.1333333333333333;0.9777777777777779;1.2616666666666667;2.0;19.0;0.2333333333333333;0.0;1.5444444444444445;0.1333333333333333;0.9444444444444446;1.5383333333333333;2.0;19.0;0.2888888888888889;0.0;2.5666666666666664;0.15555555555555553;0.9444444444444446;1.17;2.0;20.0;0.2333333333333333;0.0;1.5000000000000002;0.1333333333333333;0.9333333333333332;1.02;2.0;20.0;0.3666666666666667;0.0;2.6999999999999997;1.1333333333333333;1.988888888888889;1.9749999999999999;2.0;21.0;0.30000000000000004;0.0;7.055555555555557;4.622222222222222;1.0777777777777777;1.7216666666666667;2.0;21.0;0.0
0.2333333333333333;0.0;1.5888888888888888;0.1333333333333333;0.9999999999999999;2.0783333333333336;2.0;17.0;0.26666666666666666;0.0;2.3555555555555556;0.1444444444444444;0.9222222222222222;1.5033333333333332;2.0;18.0;0.24444444444444444;0.0;1.611111111111111;0.1333333333333333;0.9888888888888889;1.345;2.0;18.0;0.26666666666666666;0.0;2.4666666666666663;0.1333333333333333;0.9777777777777779;1.2616666666666667;2.0;19.0;0.2333333333333333;0.0;1.5444444444444445;0.1333333333333333;0.9444444444444446;1.5383333333333333;2.0;19.0;0.2888888888888889;0.0;2.5666666666666664;0.15555555555555553;0.9444444444444446;1.17;2.0;20.0;0.2333333333333333;0.0;1.5000000000000002;0.1333333333333333;0.9333333333333332;1.02;2.0;20.0;0.3666666666666667;0.0;2.6999999999999997;1.1333333333333333;1.988888888888889;1.9749999999999999;2.0;21.0;0.30000000000000004;0.0;7.055555555555557;4.622222222222222;1.0777777777777777;1.7216666666666667;2.0;21.0;0.3111111111111111;0.0;5.166666666666667;2.3777777777777778;0.9888888888888889;0.9750000000000001;2.0;22.0;0.0
0.26666666666666666;0.0;2.3555555555555556;0.1444444444444444;0.9222222222222222;1.5033333333333332;2.0;18.0;0.24444444444444444;0.0;1.611111111111111;0.1333333333333333;0.9888888888888889;1.345;2.0;18.0;0.26666666666666666;0.0;2.4666666666666663;0.1333333333333333;0.9777777777777779;1.2616666666666667;2.0;19.0;0.2333333333333333;0.0;1.5444444444444445;0.1333333333333333;0.9444444444444446;1.5383333333333333;2.0;19.0;0.2888888888888889;0.0;2.5666666666666664;0.15555555555555553;0.9444444444444446;1.17;2.0;20.0;0.2333333333333333;0.0;1.5000000000000002;0.1333333333333333;0.9333333333333332;1.02;2.0;20.0;0.3666666666666667;0.0;2.6999999999999997;1.1333333333333333;1.988888888888889;1.9749999999999999;2.0;21.0;0.30000000000000004;0.0;7.055555555555557;4.622222222222222;1.0777777777777777;1.7216666666666667;2.0;21.0;0.3111111111111111;0.0;5.166666666666667;2.3777777777777778;0.9888888888888889;0.9750000000000001;2.0;22.0;0.41111111111111115;0.0;1.711111111111111;0.6;1.4222222222222225;1.8350000000000002;2.0;22.0;0.0
0.24444444444444444;0.0;1.611111111111111;0.1333333333333333;0.9888888888888889;1.345;2.0;18.0;0.26666666666666666;0.0;2.4666666666666663;0.1333333333333333;0.9777777777777779;1.2616666666666667;2.0;19.0;0.2333333333333333;0.0;1.5444444444444445;0.1333333333333333;0.9444444444444446;1.5383333333333333;2.0;19.0;0.2888888888888889;0.0;2.5666666666666664;0.15555555555555553;0.9444444444444446;1.17;2.0;20.0;0.2333333333333333;0.0;1.5000000000000002;0.1333333333333333;0.9333333333333332;1.02;2.0;20.0;0.3666666666666667;0.0;2.6999999999999997;1.1333333333333333;1.988888888888889;1.9749999999999999;2.0;21.0;0.30000000000000004;0.0;7.055555555555557;4.622222222222222;1.0777777777777777;1.7216666666666667;2.0;21.0;0.3111111111111111;0.0;5.166666666666667;2.3777777777777778;0.9888888888888889;0.9750000000000001;2.0;22.0;0.41111111111111115;0.0;1.711111111111111;0.6;1.4222222222222225;1.8350000000000002;2.0;22.0;0.5333333333333333;0.0;2.9222222222222225;1.8888888888888893;2.6888888888888887;1.7333333333333334;2.0;23.0;0.0
0.26666666666666666;0.0;2.4666666666666663;0.1333333333333333;0.9777777777777779;1.2616666666666667;2.0;19.0;0.2333333333333333;0.0;1.5444444444444445;0.1333333333333333;0.9444444444444446;1.5383333333333333;2.0;19.0;0.2888888888888889;0.0;2.5666666666666664;0.15555555555555553;0.9444444444444446;1.17;2.0;20.0;0.2333333333333333;0.0;1.5000000000000002;0.1333333333333333;0.9333333333333332;1.02;2.0;20.0;0.3666666666666667;0.0;2.6999999999999997;1.1333333333333333;1.988888888888889;1.9749999999999999;2.0;21.0;0.30000000000000004;0.0;7.055555555555557;4.622222222222222;1.0777777777777777;1.7216666666666667;2.0;21.0;0.3111111111111111;0.0;5.166666666666667;2.3777777777777778;0.9888888888888889;0.9750000000000001;2.0;22.0;0.41111111111111115;0.0;1.711111111111111;0.6;1.4222222222222225;1.8350000000000002;2.0;22.0;0.5333333333333333;0.0;2.9222222222222225;1.8888888888888893;2.6888888888888887;1.7333333333333334;2.0;23.0;0.32222222222222224;0.0;1.6666666666666667;1.1333333333333333;1.9777777777777779;1.7666666666666668;2.0;23.0;0.0
0.2333333333333333;0.0;1.5444444444444445;0.1333333333333333;0.9444444444444446;1.5383333333333333;2.0;19.0;0.2888888888888889;0.0;2.5666666666666664;0.15555555555555553;0.9444444444444446;1.17;2.0;20.0;0.2333333333333333;0.0;1.5000000000000002;0.1333333333333333;0.9333333333333332;1.02;2.0;20.0;0.3666666666666667;0.0;2.6999999999999997;1.1333333333333333;1.988888888888889;1.9749999999999999;2.0;21.0;0.30000000000000004;0.0;7.055555555555557;4.622222222222222;1.0777777777777777;1.7216666666666667;2.0;21.0;0.3111111111111111;0.0;5.166666666666667;2.3777777777777778;0.9888888888888889;0.9750000000000001;2.0;22.0;0.41111111111111115;0.0;1.711111111111111;0.6;1.4222222222222225;1.8350000000000002;2.0;22.0;0.5333333333333333;0.0;2.9222222222222225;1.8888888888888893;2.6888888888888887;1.7333333333333334;2.0;23.0;0.32222222222222224;0.0;1.6666666666666667;1.1333333333333333;1.9777777777777779;1.7666666666666668;2.0;23.0;0.39999999999999997;0.0;2.433333333333333;0.4888888888888889;1.3;1.46;3.0;0.0;0.0
0.2888888888888889;0.0;2.5666666666666664;0.15555555555555553;0.9444444444444446;1.17;2.0;20.0;0.2333333333333333;0.0;1.5000000000000002;0.1333333333333333;0.9333333333333332;1.02;2.0;20.0;0.3666666666666667;0.0;2.6999999999999997;1.1333333333333333;1.988888888888889;1.9749999999999999;2.0;21.0;0.30000000000000004;0.0;7.055555555555557;4.622222222222222;1.0777777777777777;1.7216666666666667;2.0;21.0;0.3111111111111111;0.0;5.166666666666667;2.3777777777777778;0.9888888888888889;0.9750000000000001;2.0;22.0;0.41111111111111115;0.0;1.711111111111111;0.6;1.4222222222222225;1.8350000000000002;2.0;22.0;0.5333333333333333;0.0;2.9222222222222225;1.8888888888888893;2.6888888888888887;1.7333333333333334;2.0;23.0;0.32222222222222224;0.0;1.6666666666666667;1.1333333333333333;1.9777777777777779;1.7666666666666668;2.0;23.0;0.39999999999999997;0.0;2.433333333333333;0.4888888888888889;1.3;1.46;3.0;0.0;1.3222222222222222;0.0;12.677777777777779;61.87777777777777;62.52222222222221;2.8466666666666662;3.0;0.0;0.0
0.2333333333333333;0.0;1.5000000000000002;0.1333333333333333;0.9333333333333332;1.02;2.0;20.0;0.3666666666666667;0.0;2.6999999999999997;1.1333333333333333;1.988888888888889;1.9749999999999999;2.0;21.0;0.30000000000000004;0.0;7.055555555555557;4.622222222222222;1.0777777777777777;1.7216666666666667;2.0;21.0;0.3111111111111111;0.0;5.166666666666667;2.3777777777777778;0.9888888888888889;0.9750000000000001;2.0;22.0;0.41111111111111115;0.0;1.711111111111111;0.6;1.4222222222222225;1.8350000000000002;2.0;22.0;0.5333333333333333;0.0;2.9222222222222225;1.8888888888888893;2.6888888888888887;1.7333333333333334;2.0;23.0;0.32222222222222224;0.0;1.6666666666666667;1.1333333333333333;1.9777777777777779;1.7666666666666668;2.0;23.0;0.39999999999999997;0.0;2.433333333333333;0.4888888888888889;1.3;1.46;3.0;0.0;1.3222222222222222;0.0;12.677777777777779;61.87777777777777;62.52222222222221;2.8466666666666662;3.0;0.0;0.5555555555555555;0.0;2.8555555555555556;13.933333333333335;14.955555555555556;2.146666666666667;3.0;1.0;0.0
0.3666666666666667;0.0;2.6999999999999997;1.1333333333333333;1.988888888888889;1.9749999999999999;2.0;21.0;0.30000000000000004;0.0;7.055555555555557;4.622222222222222;1.0777777777777777;1.7216666666666667;2.0;21.0;0.3111111111111111;0.0;5.166666666666667;2.3777777777777778;0.9888888888888889;0.9750000000000001;2.0;22.0;0.41111111111111115;0.0;1.711111111111111;0.6;1.4222222222222225;1.8350000000000002;2.0;22.0;0.5333333333333333;0.0;2.9222222222222225;1.8888888888888893;2.6888888888888887;1.7333333333333334;2.0;23.0;0.32222222222222224;0.0;1.6666666666666667;1.1333333333333333;1.9777777777777779;1.7666666666666668;2.0;23.0;0.39999999999999997;0.0;2.433333333333333;0.4888888888888889;1.3;1.46;3.0;0.0;1.3222222222222222;0.0;12.677777777777779;61.87777777777777;62.52222222222221;2.8466666666666662;3.0;0.0;0.5555555555555555;0.0;2.8555555555555556;13.933333333333335;14.955555555555556;2.146666666666667;3.0;1.0;3.4666666666666663;0.0;2.31978021978022;257.72222222222223;258.9111111111111;3.158333333333333;3.0;1.0;0.0
0.30000000000000004;0.0;7.055555555555557;4.622222222222222;1.0777777777777777;1.7216666666666667;2.0;21.0;0.3111111111111111;0.0;5.166666666666667;2.3777777777777778;0.9888888888888889;0.9750000000000001;2.0;22.0;0.41111111111111115;0.0;1.711111111111111;0.6;1.4222222222222225;1.8350000000000002;2.0;22.0;0.5333333333333333;0.0;2.9222222222222225;1.8888888888888893;2.6888888888888887;1.7333333333333334;2.0;23.0;0.32222222222222224;0.0;1.6666666666666667;1.1333333333333333;1.9777777777777779;1.7666666666666668;2.0;23.0;0.39999999999999997;0.0;2.433333333333333;0.4888888888888889;1.3;1.46;3.0;0.0;1.3222222222222222;0.0;12.677777777777779;61.87777777777777;62.52222222222221;2.8466666666666662;3.0;0.0;0.5555555555555555;0.0;2.8555555555555556;13.933333333333335;14.955555555555556;2.146666666666667;3.0;1.0;3.4666666666666663;0.0;2.31978021978022;257.72222222222223;258.9111111111111;3.158333333333333;3.0;1.0;4.177777777777777;0.0;3.3333333333333335;326.06666666666666;327.8666666666666;3.433333333333333;3.0;2.0;0.0
0.3111111111111111;0.0;5.166666666666667;2.3777777777777778;0.9888888888888889;0.9750000000000001;2.0;22.0;0.41111111111111115;0.0;1.711111111111111;0.6;1.4222222222222225;1.8350000000000002;2.0;22.0;0.5333333333333333;0.0;2.9222222222222225;1.8888888888888893;2.6888888888888887;1.7333333333333334;2.0;23.0;0.32222222222222224;0.0;1.6666666666666667;1.1333333333333333;1.9777777777777779;1.7666666666666668;2.0;23.0;0.39999999999999997;0.0;2.433333333333333;0.4888888888888889;1.3;1.46;3.0;0.0;1.3222222222222222;0.0;12.677777777777779;61.87777777777777;62.52222222222221;2.8466666666666662;3.0;0.0;0.5555555555555555;0.0;2.8555555555555556;13.933333333333335;14.955555555555556;2.146666666666667;3.0;1.0;3.4666666666666663;0.0;2.31978021978022;257.72222222222223;258.9111111111111;3.158333333333333;3.0;1.0;4.177777777777777;0.0;3.3333333333333335;326.06666666666666;327.8666666666666;3.433333333333333;3.0;2.0;4.133333333333333;0.0;2.411111111111111;320.9111111111111;322.4888888888889;3.573333333333333;3.0;2.0;0.0
0.41111111111111115;0.0;1.711111111111111;0.6;1.4222222222222225;1.8350000000000002;2.0;22.0;0.5333333333333333;0.0;2.9222222222222225;1.8888888888888893;2.6888888888888887;1.7333333333333334;2.0;23.0;0.32222222222222224;0.0;1.6666666666666667;1.1333333333333333;1.9777777777777779;1.7666666666666668;2.0;23.0;0.39999999999999997;0.0;2.433333333333333;0.4888888888888889;1.3;1.46;3.0;0.0;1.3222222222222222;0.0;12.677777777777779;61.87777777777777;62.52222222222221;2.8466666666666662;3.0;0.0;0.5555555555555555;0.0;2.8555555555555556;13.933333333333335;14.955555555555556;2.146666666666667;3.0;1.0;3.4666666666666663;0.0;2.31978021978022;257.72222222222223;258.9111111111111;3.158333333333333;3.0;1.0;4.177777777777777;0.0;3.3333333333333335;326.06666666666666;327.8666666666666;3.433333333333333;3.0;2.0;4.133333333333333;0.0;2.411111111111111;320.9111111111111;322.4888888888889;3.573333333333333;3.0;2.0;5.5;0.0;82.43333333333334;334.5777777777778;331.77777777777777;10.070000000000002;3.0;3.0;0.0
0.5333333333333333;0.0;2.9222222222222225;1.8888888888888893;2.6888888888888887;1.7333333333333334;2.0;23.0;0.32222222222222224;0.0;1.6666666666666667;1.1333333333333333;1.9777777777777779;1.7666666666666668;2.0;23.0;0.39999999999999997;0.0;2.433333333333333;0.4888888888888889;1.3;1.46;3.0;0.0;1.3222222222222222;0.0;12.677777777777779;61.87777777777777;62.52222222222221;2.8466666666666662;3.0;0.0;0.5555555555555555;0.0;2.8555555555555556;13.933333333333335;14.955555555555556;2.146666666666667;3.0;1.0;3.4666666666666663;0.0;2.31978021978022;257.72222222222223;258.9111111111111;3.158333333333333;3.0;1.0;4.177777777777777;0.0;3.3333333333333335;326.06666666666666;327.8666666666666;3.433333333333333;3.0;2.0;4.133333333333333;0.0;2.411111111111111;320.9111111111111;322.4888888888889;3.573333333333333;3.0;2.0;5.5;0.0;82.43333333333334;334.5777777777778;331.77777777777777;10.070000000000002;3.0;3.0;4.077777777777777;0.0;2.6222222222222222;324.1111111111111;325.9555555555555;3.1333333333333333;3.0;3.0;0.0
0.32222222222222224;0.0;1.6666666666666667;1.1333333333333333;1.9777777777777779;1.7666666666666668;2.0;23.0;0.39999999999999997;0.0;2.433333333333333;0.4888888888888889;1.3;1.46;3.0;0.0;1.3222222222222222;0.0;12.677777777777779;61.87777777777777;62.52222222222221;2.8466666666666662;3.0;0.0;0.5555555555555555;0.0;2.8555555555555556;13.933333333333335;14.955555555555556;2.146666666666667;3.0;1.0;3.4666666666666663;0.0;2.31978021978022;257.72222222222223;258.9111111111111;3.158333333333333;3.0;1.0;4.177777777777777;0.0;3.3333333333333335;326.06666666666666;327.8666666666666;3.433333333333333;3.0;2.0;4.133333333333333;0.0;2.411111111111111;320.9111111111111;322.4888888888889;3.573333333333333;3.0;2.0;5.5;0.0;82.43333333333334;334.5777777777778;331.77777777777777;10.070000000000002;3.0;3.0;4.077777777777777;0.0;2.6222222222222222;324.1111111111111;325.9555555555555;3.1333333333333333;3.0;3.0;4.366666666666667;0.0;3.722222222222222;351.35555555555555;353.0555555555555;2.8716666666666666;3.0;4.0;0.0
0.39999999999999997;0.0;2.433333333333333;0.4888888888888889;1.3;1.46;3.0;0.0;1.3222222222222222;0.0;12.677777777777779;61.87777777777777;62.52222222222221;2.8466666666666662;3.0;0.0;0.5555555555555555;0.0;2.8555555555555556;13.933333333333335;14.955555555555556;2.146666666666667;3.0;1.0;3.4666666666666663;0.0;2.31978021978022;257.72222222222223;258.9111111111111;3.158333333333333;3.0;1.0;4.177777777777777;0.0;3.3333333333333335;326.06666666666666;327.8666666666666;3.433333333333333;3.0;2.0;4.133333333333333;0.0;2.411111111111111;320.9111111111111;322.4888888888889;3.573333333333333;3.0;2.0;5.5;0.0;82.43333333333334;334.5777777777778;331.77777777777777;10.070000000000002;3.0;3.0;4.077777777777777;0.0;2.6222222222222222;324.1111111111111;325.9555555555555;3.1333333333333333;3.0;3.0;4.366666666666667;0.0;3.722222222222222;351.35555555555555;353.0555555555555;2.8716666666666666;3.0;4.0;3.966666666666667;0.0;2.8888888888888893;310.1888888888889;311.8333333333333;3.043333333333333;3.0;4.0;0.0
1.3222222222222222;0.0;12.677777777777779;61.87777777777777;62.52222222222221;2.8466666666666662;3.0;0.0;0.5555555555555555;0.0;2.8555555555555556;13.933333333333335;14.955555555555556;2.146666666666667;3.0;1.0;3.4666666666666663;0.0;2.31978021978022;257.72222222222223;258.9111111111111;3.158333333333333;3.0;1.0;4.177777777777777;0.0;3.3333333333333335;326.06666666666666;327.8666666666666;3.433333333333333;3.0;2.0;4.133333333333333;0.0;2.411111111111111;320.9111111111111;322.4888888888889;3.573333333333333;3.0;2.0;5.5;0.0;82.43333333333334;334.5777777777778;331.77777777777777;10.070000000000002;3.0;3.0;4.077777777777777;0.0;2.6222222222222222;324.1111111111111;325.9555555555555;3.1333333333333333;3.0;3.0;4.366666666666667;0.0;3.722222222222222;351.35555555555555;353.0555555555555;2.8716666666666666;3.0;4.0;3.966666666666667;0.0;2.8888888888888893;310.1888888888889;311.8333333333333;3.043333333333333;3.0;4.0;3.8000000000000003;0.0;3.7888888888888883;289.55555555555554;291.06666666666666;3.018333333333333;3.0;5.0;0.0
0.5555555555555555;0.0;2.8555555555555556;13.933333333333335;14.955555555555556;2.146666666666667;3.0;1.0;3.4666666666666663;0.0;2.31978021978022;257.72222222222223;258.9111111111111;3.158333333333333;3.0;1.0;4.177777777777777;0.0;3.3333333333333335;326.06666666666666;327.8666666666666;3.433333333333333;3.0;2.0;4.133333333333333;0.0;2.411111111111111;320.9111111111111;322.4888888888889;3.573333333333333;3.0;2.0;5.5;0.0;82.43333333333334;334.5777777777778;331.77777777777777;10.070000000000002;3.0;3.0;4.077777777777777;0.0;2.6222222222222222;324.1111111111111;325.9555555555555;3.1333333333333333;3.0;3.0;4.366666666666667;0.0;3.722222222222222;351.35555555555555;353.0555555555555;2.8716666666666666;3.0;4.0;3.966666666666667;0.0;2.8888888888888893;310.1888888888889;311.8333333333333;3.043333333333333;3.0;4.0;3.8000000000000003;0.0;3.7888888888888883;289.55555555555554;291.06666666666666;3.018333333333333;3.0;5.0;1.3999999999999997;0.0;2.555555555555556;85.63333333333333;86.95555555555556;1.6849999999999998;3.0;5.0;0.0
3.4666666666666663;0.0;2.31978021978022;257.72222222222223;258.9111111111111;3.158333333333333;3.0;1.0;4.177777777777777;0.0;3.3333333333333335;326.06666666666666;327.8666666666666;3.433333333333333;3.0;2.0;4.133333333333333;0.0;2.411111111111111;320.9111111111111;322.4888888888889;3.573333333333333;3.0;2.0;5.5;0.0;82.43333333333334;334.5777777777778;331.77777777777777;10.070000000000002;3.0;3.0;4.077777777777777;0.0;2.6222222222222222;324.1111111111111;325.9555555555555;3.1333333333333333;3.0;3.0;4.366666666666667;0.0;3.722222222222222;351.35555555555555;353.0555555555555;2.8716666666666666;3.0;4.0;3.966666666666667;0.0;2.8888888888888893;310.1888888888889;311.8333333333333;3.043333333333333;3.0;4.0;3.8000000000000003;0.0;3.7888888888888883;289.55555555555554;291.06666666666666;3.018333333333333;3.0;5.0;1.3999999999999997;0.0;2.555555555555556;85.63333333333333;86.95555555555556;1.6849999999999998;3.0;5.0;0.3444444444444445;0.0;3.0444444444444447;0.1444444444444444;1.0555555555555556;1.47;3.0;6.0;0.0
4.177777777777777;0.0;3.3333333333333335;326.06666666666666;327.8666666666666;3.433333333333333;3.0;2.0;4.133333333333333;0.0;2.411111111111111;320.9111111111111;322.4888888888889;3.573333333333333;3.0;2.0;5.5;0.0;82.43333333333334;334.5777777777778;331.77777777777777;10.070000000000002;3.0;3.0;4.077777777777777;0.0;2.6222222222222222;324.1111111111111;325.9555555555555;3.1333333333333333;3.0;3.0;4.366666666666667;0.0;3.722222222222222;351.35555555555555;353.0555555555555;2.8716666666666666;3.0;4.0;3.966666666666667;0.0;2.8888888888888893;310.1888888888889;311.8333333333333;3.043333333333333;3.0;4.0;3.8000000000000003;0.0;3.7888888888888883;289.55555555555554;291.06666666666666;3.018333333333333;3.0;5.0;1.3999999999999997;0.0;2.555555555555556;85.63333333333333;86.95555555555556;1.6849999999999998;3.0;5.0;0.3444444444444445;0.0;3.0444444444444447;0.1444444444444444;1.0555555555555556;1.47;3.0;6.0;0.2777777777777778;0.0;2.2444444444444445;0.1333333333333333;1.011111111111111;1.468333333333333;3.0;6.0;0.0
4.133333333333333;0.0;2.411111111111111;320.9111111111111;322.4888888888889;3.573333333333333;3.0;2.0;5.5;0.0;82.43333333333334;334.5777777777778;331.77777777777777;10.070000000000002;3.0;3.0;4.077777777777777;0.0;2.6222222222222222;324.1111111111111;325.9555555555555;3.1333333333333333;3.0;3.0;4.366666666666667;0.0;3.722222222222222;351.35555555555555;353.0555555555555;2.8716666666666666;3.0;4.0;3.966666666666667;0.0;2.8888888888888893;310.1888888888889;311.8333333333333;3.043333333333333;3.0;4.0;3.8000000000000003;0.0;3.7888888888888883;289.55555555555554;291.06666666666666;3.018333333333333;3.0;5.0;1.3999999999999997;0.0;2.555555555555556;85.63333333333333;86.95555555555556;1.6849999999999998;3.0;5.0;0.3444444444444445;0.0;3.0444444444444447;0.1444444444444444;1.0555555555555556;1.47;3.0;6.0;0.2777777777777778;0.0;2.2444444444444445;0.1333333333333333;1.011111111111111;1.468333333333333;3.0;6.0;0.32222222222222224;0.0;2.944444444444444;0.1333333333333333;0.9111111111111111;1.8483333333333334;3.0;7.0;0.0
5.5;0.0;82.43333333333334;334.5777777777778;331.77777777777777;10.070000000000002;3.0;3.0;4.077777777777777;0.0;2.6222222222222222;324.1111111111111;325.9555555555555;3.1333333333333333;3.0;3.0;4.366666666666667;0.0;3.722222222222222;351.35555555555555;353.0555555555555;2.8716666666666666;3.0;4.0;3.966666666666667;0.0;2.8888888888888893;310.1888888888889;311.8333333333333;3.043333333333333;3.0;4.0;3.8000000000000003;0.0;3.7888888888888883;289.55555555555554;291.06666666666666;3.018333333333333;3.0;5.0;1.3999999999999997;0.0;2.555555555555556;85.63333333333333;86.95555555555556;1.6849999999999998;3.0;5.0;0.3444444444444445;0.0;3.0444444444444447;0.1444444444444444;1.0555555555555556;1.47;3.0;6.0;0.2777777777777778;0.0;2.2444444444444445;0.1333333333333333;1.011111111111111;1.468333333333333;3.0;6.0;0.32222222222222224;0.0;2.944444444444444;0.1333333333333333;0.9111111111111111;1.8483333333333334;3.0;7.0;0.2555555555555556;0.0;2.155555555555556;0.1333333333333333;0.9222222222222222;2.273333333333333;3.0;7.0;0.0
4.077777777777777;0.0;2.6222222222222222;324.1111111111111;325.9555555555555;3.1333333333333333;3.0;3.0;4.366666666666667;0.0;3.722222222222222;351.35555555555555;353.0555555555555;2.8716666666666666;3.0;4.0;3.966666666666667;0.0;2.8888888888888893;310.1888888888889;311.8333333333333;3.043333333333333;3.0;4.0;3.8000000000000003;0.0;3.7888888888888883;289.55555555555554;291.06666666666666;3.018333333333333;3.0;5.0;1.3999999999999997;0.0;2.555555555555556;85.63333333333333;86.95555555555556;1.6849999999999998;3.0;5.0;0.3444444444444445;0.0;3.0444444444444447;0.1444444444444444;1.0555555555555556;1.47;3.0;6.0;0.2777777777777778;0.0;2.2444444444444445;0.1333333333333333;1.011111111111111;1.468333333333333;3.0;6.0;0.32222222222222224;0.0;2.944444444444444;0.1333333333333333;0.9111111111111111;1.8483333333333334;3.0;7.0;0.2555555555555556;0.0;2.155555555555556;0.1333333333333333;0.9222222222222222;2.273333333333333;3.0;7.0;1.1222222222222222;0.0;5.877777777777777;0.4444444444444444;1.2777777777777777;5.13;3.0;8.0;0.0
4.366666666666667;0.0;3.722222222222222;351.35555555555555;353.0555555555555;2.8716666666666666;3.0;4.0;3.966666666666667;0.0;2.8888888888888893;310.1888888888889;311.8333333333333;3.043333333333333;3.0;4.0;3.8000000000000003;0.0;3.7888888888888883;289.55555555555554;291.06666666666666;3.018333333333333;3.0;5.0;1.3999999999999997;0.0;2.555555555555556;85.63333333333333;86.95555555555556;1.6849999999999998;3.0;5.0;0.3444444444444445;0.0;3.0444444444444447;0.1444444444444444;1.0555555555555556;1.47;3.0;6.0;0.2777777777777778;0.0;2.2444444444444445;0.1333333333333333;1.011111111111111;1.468333333333333;3.0;6.0;0.32222222222222224;0.0;2.944444444444444;0.1333333333333333;0.9111111111111111;1.8483333333333334;3.0;7.0;0.2555555555555556;0.0;2.155555555555556;0.1333333333333333;0.9222222222222222;2.273333333333333;3.0;7.0;1.1222222222222222;0.0;5.877777777777777;0.4444444444444444;1.2777777777777777;5.13;3.0;8.0;0.32222222222222224;0.0;2.2666666666666666;0.1333333333333333;1.0;1.6983333333333335;3.0;8.0;0.0
3.966666666666667;0.0;2.8888888888888893;310.1888888888889;311.8333333333333;3.043333333333333;3.0;4.0;3.8000000000000003;0.0;3.7888888888888883;289.55555555555554;291.06666666666666;3.018333333333333;3.0;5.0;1.3999999999999997;0.0;2.555555555555556;85.63333333333333;86.95555555555556;1.6849999999999998;3.0;5.0;0.3444444444444445;0.0;3.0444444444444447;0.1444444444444444;1.0555555555555556;1.47;3.0;6.0;0.2777777777777778;0.0;2.2444444444444445;0.1333333333333333;1.011111111111111;1.468333333333333;3.0;6.0;0.32222222222222224;0.0;2.944444444444444;0.1333333333333333;0.9111111111111111;1.8483333333333334;3.0;7.0;0.2555555555555556;0.0;2.155555555555556;0.1333333333333333;0.9222222222222222;2.273333333333333;3.0;7.0;1.1222222222222222;0.0;5.877777777777777;0.4444444444444444;1.2777777777777777;5.13;3.0;8.0;0.32222222222222224;0.0;2.2666666666666666;0.1333333333333333;1.0;1.6983333333333335;3.0;8.0;0.27777777777777773;0.0;3.0444444444444447;0.1333333333333333;1.0222222222222221;1.7416666666666665;3.0;9.0;0.0
3.8000000000000003;0.0;3.7888888888888883;289.55555555555554;291.06666666666666;3.018333333333333;3.0;5.0;1.3999999999999997;0.0;2.555555555555556;85.63333333333333;86.95555555555556;1.6849999999999998;3.0;5.0;0.3444444444444445;0.0;3.0444444444444447;0.1444444444444444;1.0555555555555556;1.47;3.0;6.0;0.2777777777777778;0.0;2.2444444444444445;0.1333333333333333;1.011111111111111;1.468333333333333;3.0;6.0;0.32222222222222224;0.0;2.944444444444444;0.1333333333333333;0.9111111111111111;1.8483333333333334;3.0;7.0;0.2555555555555556;0.0;2.155555555555556;0.1333333333333333;0.9222222222222222;2.273333333333333;3.0;7.0;1.1222222222222222;0.0;5.877777777777777;0.4444444444444444;1.2777777777777777;5.13;3.0;8.0;0.32222222222222224;0.0;2.2666666666666666;0.1333333333333333;1.0;1.6983333333333335;3.0;8.0;0.27777777777777773;0.0;3.0444444444444447;0.1333333333333333;1.0222222222222221;1.7416666666666665;3.0;9.0;0.3333333333333333;0.0;2.4;0.15555555555555553;0.9777777777777779;1.7883333333333333;3.0;9.0;0.0
1.3999999999999997;0.0;2.555555555555556;85.63333333333333;86.95555555555556;1.6849999999999998;3.0;5.0;0.3444444444444445;0.0;3.0444444444444447;0.1444444444444444;1.0555555555555556;1.47;3.0;6.0;0.2777777777777778;0.0;2.2444444444444445;0.1333333333333333;1.011111111111111;1.468333333333333;3.0;6.0;0.32222222222222224;0.0;2.944444444444444;0.1333333333333333;0.9111111111111111;1.8483333333333334;3.0;7.0;0.2555555555555556;0.0;2.155555555555556;0.1333333333333333;0.9222222222222222;2.273333333333333;3.0;7.0;1.1222222222222222;0.0;5.877777777777777;0.4444444444444444;1.2777777777777777;5.13;3.0;8.0;0.32222222222222224;0.0;2.2666666666666666;0.1333333333333333;1.0;1.6983333333333335;3.0;8.0;0.27777777777777773;0.0;3.0444444444444447;0.1333333333333333;1.0222222222222221;1.7416666666666665;3.0;9.0;0.3333333333333333;0.0;2.4;0.15555555555555553;0.9777777777777779;1.7883333333333333;3.0;9.0;0.2888888888888889;0.0;3.1777777777777785;0.15555555555555553;0.9777777777777779;1.345;3.0;10.0;0.0
0.3444444444444445;0.0;3.0444444444444447;0.1444444444444444;1.0555555555555556;1.47;3.0;6.0;0.2777777777777778;0.0;2.2444444444444445;0.1333333333333333;1.011111111111111;1.468333333333333;3.0;6.0;0.32222222222222224;0.0;2.944444444444444;0.1333333333333333;0.9111111111111111;1.8483333333333334;3.0;7.0;0.2555555555555556;0.0;2.155555555555556;0.1333333333333333;0.9222222222222222;2.273333333333333;3.0;7.0;1.1222222222222222;0.0;5.877777777777777;0.4444444444444444;1.2777777777777777;5.13;3.0;8.0;0.32222222222222224;0.0;2.2666666666666666;0.1333333333333333;1.0;1.6983333333333335;3.0;8.0;0.27777777777777773;0.0;3.0444444444444447;0.1333333333333333;1.0222222222222221;1.7416666666666665;3.0;9.0;0.3333333333333333;0.0;2.4;0.15555555555555553;0.9777777777777779;1.7883333333333333;3.0;9.0;0.2888888888888889;0.0;3.1777777777777785;0.15555555555555553;0.9777777777777779;1.345;3.0;10.0;0.27777777777777773;0.0;2.2111111111111112;0.2222222222222222;1.0999999999999999;1.2733333333333332;3.0;10.0;0.0
0.2777777777777778;0.0;2.2444444444444445;0.1333333333333333;1.011111111111111;1.468333333333333;3.0;6.0;0.32222222222222224;0.0;2.944444444444444;0.1333333333333333;0.9111111111111111;1.8483333333333334;3.0;7.0;0.2555555555555556;0.0;2.155555555555556;0.1333333333333333;0.9222222222222222;2.273333333333333;3.0;7.0;1.1222222222222222;0.0;5.877777777777777;0.4444444444444444;1.2777777777777777;5.13;3.0;8.0;0.32222222222222224;0.0;2.2666666666666666;0.1333333333333333;1.0;1.6983333333333335;3.0;8.0;0.27777777777777773;0.0;3.0444444444444447;0.1333333333333333;1.0222222222222221;1.7416666666666665;3.0;9.0;0.3333333333333333;0.0;2.4;0.15555555555555553;0.9777777777777779;1.7883333333333333;3.0;9.0;0.2888888888888889;0.0;3.1777777777777785;0.15555555555555553;0.9777777777777779;1.345;3.0;10.0;0.27777777777777773;0.0;2.2111111111111112;0.2222222222222222;1.0999999999999999;1.2733333333333332;3.0;10.0;0.45555555555555555;0.0;26.866666666666664;21.122222222222224;1.6777777777777778;2.7566666666666673;3.0;11.0;0.0
0.32222222222222224;0.0;2.944444444444444;0.1333333333333333;0.9111111111111111;1.8483333333333334;3.0;7.0;0.2555555555555556;0.0;2.155555555555556;0.1333333333333333;0.9222222222222222;2.273333333333333;3.0;7.0;1.1222222222222222;0.0;5.877777777777777;0.4444444444444444;1.2777777777777777;5.13;3.0;8.0;0.32222222222222224;0.0;2.2666666666666666;0.1333333333333333;1.0;1.6983333333333335;3.0;8.0;0.27777777777777773;0.0;3.0444444444444447;0.1333333333333333;1.0222222222222221;1.7416666666666665;3.0;9.0;0.3333333333333333;0.0;2.4;0.15555555555555553;0.9777777777777779;1.7883333333333333;3.0;9.0;0.2888888888888889;0.0;3.1777777777777785;0.15555555555555553;0.9777777777777779;1.345;3.0;10.0;0.27777777777777773;0.0;2.2111111111111112;0.2222222222222222;1.0999999999999999;1.2733333333333332;3.0;10.0;0.45555555555555555;0.0;26.866666666666664;21.122222222222224;1.6777777777777778;2.7566666666666673;3.0;11.0;0.24444444444444438;0.0;2.2333333333333334;0.19999999999999996;1.0111111111111113;1.6183333333333332;3.0;11.0;0.0
0.2555555555555556;0.0;2.155555555555556;0.1333333333333333;0.9222222222222222;2.273333333333333;3.0;7.0;1.1222222222222222;0.0;5.877777777777777;0.4444444444444444;1.2777777777777777;5.13;3.0;8.0;0.32222222222222224;0.0;2.2666666666666666;0.1333333333333333;1.0;1.6983333333333335;3.0;8.0;0.27777777777777773;0.0;3.0444444444444447;0.1333333333333333;1.0222222222222221;1.7416666666666665;3.0;9.0;0.3333333333333333;0.0;2.4;0.15555555555555553;0.9777777777777779;1.7883333333333333;3.0;9.0;0.2888888888888889;0.0;3.1777777777777785;0.15555555555555553;0.9777777777777779;1.345;3.0;10.0;0.27777777777777773;0.0;2.2111111111111112;0.2222222222222222;1.0999999999999999;1.2733333333333332;3.0;10.0;0.45555555555555555;0.0;26.866666666666664;21.122222222222224;1.6777777777777778;2.7566666666666673;3.0;11.0;0.24444444444444438;0.0;2.2333333333333334;0.19999999999999996;1.0111111111111113;1.6183333333333332;3.0;11.0;0.27777777777777773;0.0;3.1111111111111107;0.1444444444444444;0.9666666666666668;1.7433333333333334;3.0;12.0;0.0
1.1222222222222222;0.0;5.877777777777777;0.4444444444444444;1.2777777777777777;5.13;3.0;8.0;0.32222222222222224;0.0;2.2666666666666666;0.1333333333333333;1.0;1.6983333333333335;3.0;8.0;0.27777777777777773;0.0;3.0444444444444447;0.1333333333333333;1.0222222222222221;1.7416666666666665;3.0;9.0;0.3333333333333333;0.0;2.4;0.15555555555555553;0.9777777777777779;1.7883333333333333;3.0;9.0;0.2888888888888889;0.0;3.1777777777777785;0.15555555555555553;0.9777777777777779;1.345;3.0;10.0;0.27777777777777773;0.0;2.2111111111111112;0.2222222222222222;1.0999999999999999;1.2733333333333332;3.0;10.0;0.45555555555555555;0.0;26.866666666666664;21.122222222222224;1.6777777777777778;2.7566666666666673;3.0;11.0;0.24444444444444438;0.0;2.2333333333333334;0.19999999999999996;1.0111111111111113;1.6183333333333332;3.0;11.0;0.27777777777777773;0.0;3.1111111111111107;0.1444444444444444;0.9666666666666668;1.7433333333333334;3.0;12.0;0.5111111111111111;0.0;23.13333333333333;27.644444444444442;10.933333333333332;2.4783333333333335;3.0;12.0;0.0
0.32222222222222224;0.0;2.2666666666666666;0.1333333333333333;1.0;1.6983333333333335;3.0;8.0;0.27777777777777773;0.0;3.0444444444444447;0.1333333333333333;1.0222222222222221;1.7416666666666665;3.0;9.0;0.3333333333333333;0.0;2.4;0.15555555555555553;0.9777777777777779;1.7883333333333333;3.0;9.0;0.2888888888888889;0.0;3.1777777777777785;0.15555555555555553;0.9777777777777779;1.345;3.0;10.0;0.27777777777777773;0.0;2.2111111111111112;0.2222222222222222;1.0999999999999999;1.2733333333333332;3.0;10.0;0.45555555555555555;0.0;26.866666666666664;21.122222222222224;1.6777777777777778;2.7566666666666673;3.0;11.0;0.24444444444444438;0.0;2.2333333333333334;0.19999999999999996;1.0111111111111113;1.6183333333333332;3.0;11.0;0.27777777777777773;0.0;3.1111111111111107;0.1444444444444444;0.9666666666666668;1.7433333333333334;3.0;12.0;0.5111111111111111;0.0;23.13333333333333;27.644444444444442;10.933333333333332;2.4783333333333335;3.0;12.0;0.41111111111111104;0.0;2.9666666666666663;4.188888888888889;5.066666666666666;2.435;3.0;13.0;0.0
0.27777777777777773;0.0;3.0444444444444447;0.1333333333333333;1.0222222222222221;1.7416666666666665;3.0;9.0;0.3333333333333333;0.0;2.4;0.15555555555555553;0.9777777777777779;1.7883333333333333;3.0;9.0;0.2888888888888889;0.0;3.1777777777777785;0.15555555555555553;0.9777777777777779;1.345;3.0;10.0;0.27777777777777773;0.0;2.2111111111111112;0.2222222222222222;1.0999999999999999;1.2733333333333332;3.0;10.0;0.45555555555555555;0.0;26.866666666666664;21.122222222222224;1.6777777777777778;2.7566666666666673;3.0;11.0;0.24444444444444438;0.0;2.2333333333333334;0.19999999999999996;1.0111111111111113;1.6183333333333332;3.0;11.0;0.27777777777777773;0.0;3.1111111111111107;0.1444444444444444;0.9666666666666668;1.7433333333333334;3.0;12.0;0.5111111111111111;0.0;23.13333333333333;27.644444444444442;10.933333333333332;2.4783333333333335;3.0;12.0;0.41111111111111104;0.0;2.9666666666666663;4.188888888888889;5.066666666666666;2.435;3.0;13.0;0.7999999999999999;0.0;2.744444444444444;3.3444444444444446;4.711111111111111;2.0883333333333334;3.0;13.0;0.0
0.3333333333333333;0.0;2.4;0.15555555555555553;0.9777777777777779;1.7883333333333333;3.0;9.0;0.2888888888888889;0.0;3.1777777777777785;0.15555555555555553;0.9777777777777779;1.345;3.0;10.0;0.27777777777777773;0.0;2.2111111111111112;0.2222222222222222;1.0999999999999999;1.2733333333333332;3.0;10.0;0.45555555555555555;0.0;26.866666666666664;21.122222222222224;1.6777777777777778;2.7566666666666673;3.0;11.0;0.24444444444444438;0.0;2.2333333333333334;0.19999999999999996;1.0111111111111113;1.6183333333333332;3.0;11.0;0.27777777777777773;0.0;3.1111111111111107;0.1444444444444444;0.9666666666666668;1.7433333333333334;3.0;12.0;0.5111111111111111;0.0;23.13333333333333;27.644444444444442;10.933333333333332;2.4783333333333335;3.0;12.0;0.41111111111111104;0.0;2.9666666666666663;4.188888888888889;5.066666666666666;2.435;3.0;13.0;0.7999999999999999;0.0;2.744444444444444;3.3444444444444446;4.711111111111111;2.0883333333333334;3.0;13.0;0.35555555555555546;0.0;3.3555555555555556;0.31111111111111106;1.0777777777777777;1.9733333333333334;3.0;14.0;0.0
0.2888888888888889;0.0;3.1777777777777785;0.15555555555555553;0.9777777777777779;1.345;3.0;10.0;0.27777777777777773;0.0;2.2111111111111112;0.2222222222222222;1.0999999999999999;1.2733333333333332;3.0;10.0;0.45555555555555555;0.0;26.866666666666664;21.122222222222224;1.6777777777777778;2.7566666666666673;3.0;11.0;0.24444444444444438;0.0;2.2333333333333334;0.19999999999999996;1.0111111111111113;1.6183333333333332;3.0;11.0;0.27777777777777773;0.0;3.1111111111111107;0.1444444444444444;0.9666666666666668;1.7433333333333334;3.0;12.0;0.5111111111111111;0.0;23.13333333333333;27.644444444444442;10.933333333333332;2.4783333333333335;3.0;12.0;0.41111111111111104;0.0;2.9666666666666663;4.188888888888889;5.066666666666666;2.435;3.0;13.0;0.7999999999999999;0.0;2.744444444444444;3.3444444444444446;4.711111111111111;2.0883333333333334;3.0;13.0;0.35555555555555546;0.0;3.3555555555555556;0.31111111111111106;1.0777777777777777;1.9733333333333334;3.0;14.0;0.5222222222222223;0.41111111111111115;26.666666666666668;40.44444444444444;2.488888888888889;1.9766666666666666;3.0;14.0;0.0
0.27777777777777773;0.0;2.2111111111111112;0.2222222222222222;1.0999999999999999;1.2733333333333332;3.0;10.0;0.45555555555555555;0.0;26.866666666666664;21.122222222222224;1.6777777777777778;2.7566666666666673;3.0;11.0;0.24444444444444438;0.0;2.2333333333333334;0.19999999999999996;1.0111111111111113;1.6183333333333332;3.0;11.0;0.27777777777777773;0.0;3.1111111111111107;0.1444444444444444;0.9666666666666668;1.7433333333333334;3.0;12.0;0.5111111111111111;0.0;23.13333333333333;27.644444444444442;10.933333333333332;2.4783333333333335;3.0;12.0;0.41111111111111104;0.0;2.9666666666666663;4.188888888888889;5.066666666666666;2.435;3.0;13.0;0.7999999999999999;0.0;2.744444444444444;3.3444444444444446;4.711111111111111;2.0883333333333334;3.0;13.0;0.35555555555555546;0.0;3.3555555555555556;0.31111111111111106;1.0777777777777777;1.9733333333333334;3.0;14.0;0.5222222222222223;0.41111111111111115;26.666666666666668;40.44444444444444;2.488888888888889;1.9766666666666666;3.0;14.0;0.45555555555555555;0.0;23.666666666666668;0.8222222222222223;2.1333333333333333;2.0900000000000003;3.0;15.0;0.0
0.45555555555555555;0.0;26.866666666666664;21.122222222222224;1.6777777777777778;2.7566666666666673;3.0;11.0;0.24444444444444438;0.0;2.2333333333333334;0.19999999999999996;1.0111111111111113;1.6183333333333332;3.0;11.0;0.27777777777777773;0.0;3.1111111111111107;0.1444444444444444;0.9666666666666668;1.7433333333333334;3.0;12.0;0.5111111111111111;0.0;23.13333333333333;27.644444444444442;10.933333333333332;2.4783333333333335;3.0;12.0;0.41111111111111104;0.0;2.9666666666666663;4.188888888888889;5.066666666666666;2.435;3.0;13.0;0.7999999999999999;0.0;2.744444444444444;3.3444444444444446;4.711111111111111;2.0883333333333334;3.0;13.0;0.35555555555555546;0.0;3.3555555555555556;0.31111111111111106;1.0777777777777777;1.9733333333333334;3.0;14.0;0.5222222222222223;0.41111111111111115;26.666666666666668;40.44444444444444;2.488888888888889;1.9766666666666666;3.0;14.0;0.45555555555555555;0.0;23.666666666666668;0.8222222222222223;2.1333333333333333;2.0900000000000003;3.0;15.0;0.3;0.03333333333333333;2.2444444444444445;0.5;1.4333333333333333;1.125;3.0;15.0;0.0
0.24444444444444438;0.0;2.2333333333333334;0.19999999999999996;1.0111111111111113;1.6183333333333332;3.0;11.0;0.27777777777777773;0.0;3.1111111111111107;0.1444444444444444;0.9666666666666668;1.7433333333333334;3.0;12.0;0.5111111111111111;0.0;23.13333333333333;27.644444444444442;10.933333333333332;2.4783333333333335;3.0;12.0;0.41111111111111104;0.0;2.9666666666666663;4.188888888888889;5.066666666666666;2.435;3.0;13.0;0.7999999999999999;0.0;2.744444444444444;3.3444444444444446;4.711111111111111;2.0883333333333334;3.0;13.0;0.35555555555555546;0.0;3.3555555555555556;0.31111111111111106;1.0777777777777777;1.9733333333333334;3.0;14.0;0.5222222222222223;0.41111111111111115;26.666666666666668;40.44444444444444;2.488888888888889;1.9766666666666666;3.0;14.0;0.45555555555555555;0.0;23.666666666666668;0.8222222222222223;2.1333333333333333;2.0900000000000003;3.0;15.0;0.3;0.03333333333333333;2.2444444444444445;0.5;1.4333333333333333;1.125;3.0;15.0;0.2888888888888889;0.0;3.0;0.1444444444444444;1.0;1.4016666666666666;3.0;16.0;0.0
0.27777777777777773;0.0;3.1111111111111107;0.1444444444444444;0.9666666666666668;1.7433333333333334;3.0;12.0;0.5111111111111111;0.0;23.13333333333333;27.644444444444442;10.933333333333332;2.4783333333333335;3.0;12.0;0.41111111111111104;0.0;2.9666666666666663;4.188888888888889;5.066666666666666;2.435;3.0;13.0;0.7999999999999999;0.0;2.744444444444444;3.3444444444444446;4.711111111111111;2.0883333333333334;3.0;13.0;0.35555555555555546;0.0;3.3555555555555556;0.31111111111111106;1.0777777777777777;1.9733333333333334;3.0;14.0;0.5222222222222223;0.41111111111111115;26.666666666666668;40.44444444444444;2.488888888888889;1.9766666666666666;3.0;14.0;0.45555555555555555;0.0;23.666666666666668;0.8222222222222223;2.1333333333333333;2.0900000000000003;3.0;15.0;0.3;0.03333333333333333;2.2444444444444445;0.5;1.4333333333333333;1.125;3.0;15.0;0.2888888888888889;0.0;3.0;0.1444444444444444;1.0;1.4016666666666666;3.0;16.0;0.24444444444444446;0.0;2.1444444444444444;0.1333333333333333;1.0;1.1700000000000002;3.0;16.0;0.0
0.5111111111111111;0.0;23.13333333333333;27.644444444444442;10.933333333333332;2.4783333333333335;3.0;12.0;0.41111111111111104;0.0;2.9666666666666663;4.188888888888889;5.066666666666666;2.435;3.0;13.0;0.7999999999999999;0.0;2.744444444444444;3.3444444444444446;4.711111111111111;2.0883333333333334;3.0;13.0;0.35555555555555546;0.0;3.3555555555555556;0.31111111111111106;1.0777777777777777;1.9733333333333334;3.0;14.0;0.5222222222222223;0.41111111111111115;26.666666666666668;40.44444444444444;2.488888888888889;1.9766666666666666;3.0;14.0;0.45555555555555555;0.0;23.666666666666668;0.8222222222222223;2.1333333333333333;2.0900000000000003;3.0;15.0;0.3;0.03333333333333333;2.2444444444444445;0.5;1.4333333333333333;1.125;3.0;15.0;0.2888888888888889;0.0;3.0;0.1444444444444444;1.0;1.4016666666666666;3.0;16.0;0.24444444444444446;0.0;2.1444444444444444;0.1333333333333333;1.0;1.1700000000000002;3.0;16.0;0.26666666666666666;0.0;3.077777777777778;0.16666666666666666;1.0666666666666667;2.0216666666666665;3.0;17.0;0.0
0.41111111111111104;0.0;2.9666666666666663;4.188888888888889;5.066666666666666;2.435;3.0;13.0;0.7999999999999999;0.0;2.744444444444444;3.3444444444444446;4.711111111111111;2.0883333333333334;3.0;13.0;0.35555555555555546;0.0;3.3555555555555556;0.31111111111111106;1.0777777777777777;1.9733333333333334;3.0;14.0;0.5222222222222223;0.41111111111111115;26.666666666666668;40.44444444444444;2.488888888888889;1.9766666666666666;3.0;14.0;0.45555555555555555;0.0;23.666666666666668;0.8222222222222223;2.1333333333333333;2.0900000000000003;3.0;15.0;0.3;0.03333333333333333;2.2444444444444445;0.5;1.4333333333333333;1.125;3.0;15.0;0.2888888888888889;0.0;3.0;0.1444444444444444;1.0;1.4016666666666666;3.0;16.0;0.24444444444444446;0.0;2.1444444444444444;0.1333333333333333;1.0;1.1700000000000002;3.0;16.0;0.26666666666666666;0.0;3.077777777777778;0.16666666666666666;1.0666666666666667;2.0216666666666665;3.0;17.0;0.34682539682539676;0.0;2.253174603174603;2.796825396825396;4.2293650793650786;1.3966666666666667;3.0;17.0;0.0
0.7999999999999999;0.0;2.744444444444444;3.3444444444444446;4.711111111111111;2.0883333333333334;3.0;13.0;0.35555555555555546;0.0;3.3555555555555556;0.31111111111111106;1.0777777777777777;1.9733333333333334;3.0;14.0;0.5222222222222223;0.41111111111111115;26.666666666666668;40.44444444444444;2.488888888888889;1.9766666666666666;3.0;14.0;0.45555555555555555;0.0;23.666666666666668;0.8222222222222223;2.1333333333333333;2.0900000000000003;3.0;15.0;0.3;0.03333333333333333;2.2444444444444445;0.5;1.4333333333333333;1.125;3.0;15.0;0.2888888888888889;0.0;3.0;0.1444444444444444;1.0;1.4016666666666666;3.0;16.0;0.24444444444444446;0.0;2.1444444444444444;0.1333333333333333;1.0;1.1700000000000002;3.0;16.0;0.26666666666666666;0.0;3.077777777777778;0.16666666666666666;1.0666666666666667;2.0216666666666665;3.0;17.0;0.34682539682539676;0.0;2.253174603174603;2.796825396825396;4.2293650793650786;1.3966666666666667;3.0;17.0;0.37222222222222223;0.0;23.974603174603175;20.003174603174603;1.234920634920635;1.89;3.0;18.0;0.0
0.35555555555555546;0.0;3.3555555555555556;0.31111111111111106;1.0777777777777777;1.9733333333333334;3.0;14.0;0.5222222222222223;0.41111111111111115;26.666666666666668;40.44444444444444;2.488888888888889;1.9766666666666666;3.0;14.0;0.45555555555555555;0.0;23.666666666666668;0.8222222222222223;2.1333333333333333;2.0900000000000003;3.0;15.0;0.3;0.03333333333333333;2.2444444444444445;0.5;1.4333333333333333;1.125;3.0;15.0;0.2888888888888889;0.0;3.0;0.1444444444444444;1.0;1.4016666666666666;3.0;16.0;0.24444444444444446;0.0;2.1444444444444444;0.1333333333333333;1.0;1.1700000000000002;3.0;16.0;0.26666666666666666;0.0;3.077777777777778;0.16666666666666666;1.0666666666666667;2.0216666666666665;3.0;17.0;0.34682539682539676;0.0;2.253174603174603;2.796825396825396;4.2293650793650786;1.3966666666666667;3.0;17.0;0.37222222222222223;0.0;23.974603174603175;20.003174603174603;1.234920634920635;1.89;3.0;18.0;0.5;0.0;64.5111111111111;59.68888888888889;1.5;2.25;3.0;18.0;0.0
0.5222222222222223;0.41111111111111115;26.666666666666668;40.44444444444444;2.488888888888889;1.9766666666666666;3.0;14.0;0.45555555555555555;0.0;23.666666666666668;0.8222222222222223;2.1333333333333333;2.0900000000000003;3.0;15.0;0.3;0.03333333333333333;2.2444444444444445;0.5;1.4333333333333333;1.125;3.0;15.0;0.2888888888888889;0.0;3.0;0.1444444444444444;1.0;1.4016666666666666;3.0;16.0;0.24444444444444446;0.0;2.1444444444444444;0.1333333333333333;1.0;1.1700000000000002;3.0;16.0;0.26666666666666666;0.0;3.077777777777778;0.16666666666666666;1.0666666666666667;2.0216666666666665;3.0;17.0;0.34682539682539676;0.0;2.253174603174603;2.796825396825396;4.2293650793650786;1.3966666666666667;3.0;17.0;0.37222222222222223;0.0;23.974603174603175;20.003174603174603;1.234920634920635;1.89;3.0;18.0;0.5;0.0;64.5111111111111;59.68888888888889;1.5;2.25;3.0;18.0;0.45555555555555555;0.0;28.32222222222222;20.022222222222222;1.211111111111111;2.685;3.0;19.0;0.0
0.45555555555555555;0.0;23.666666666666668;0.8222222222222223;2.1333333333333333;2.0900000000000003;3.0;15.0;0.3;0.03333333333333333;2.2444444444444445;0.5;1.4333333333333333;1.125;3.0;15.0;0.2888888888888889;0.0;3.0;0.1444444444444444;1.0;1.4016666666666666;3.0;16.0;0.24444444444444446;0.0;2.1444444444444444;0.1333333333333333;1.0;1.1700000000000002;3.0;16.0;0.26666666666666666;0.0;3.077777777777778;0.16666666666666666;1.0666666666666667;2.0216666666666665;3.0;17.0;0.34682539682539676;0.0;2.253174603174603;2.796825396825396;4.2293650793650786;1.3966666666666667;3.0;17.0;0.37222222222222223;0.0;23.974603174603175;20.003174603174603;1.234920634920635;1.89;3.0;18.0;0.5;0.0;64.5111111111111;59.68888888888889;1.5;2.25;3.0;18.0;0.45555555555555555;0.0;28.32222222222222;20.022222222222222;1.211111111111111;2.685;3.0;19.0;0.26666666666666666;0.0;2.1555555555555554;0.1333333333333333;0.9555555555555554;1.63;3.0;19.0;0.0
0.3;0.03333333333333333;2.2444444444444445;0.5;1.4333333333333333;1.125;3.0;15.0;0.2888888888888889;0.0;3.0;0.1444444444444444;1.0;1.4016666666666666;3.0;16.0;0.24444444444444446;0.0;2.1444444444444444;0.1333333333333333;1.0;1.1700000000000002;3.0;16.0;0.26666666666666666;0.0;3.077777777777778;0.16666666666666666;1.0666666666666667;2.0216666666666665;3.0;17.0;0.34682539682539676;0.0;2.253174603174603;2.796825396825396;4.2293650793650786;1.3966666666666667;3.0;17.0;0.37222222222222223;0.0;23.974603174603175;20.003174603174603;1.234920634920635;1.89;3.0;18.0;0.5;0.0;64.5111111111111;59.68888888888889;1.5;2.25;3.0;18.0;0.45555555555555555;0.0;28.32222222222222;20.022222222222222;1.211111111111111;2.685;3.0;19.0;0.26666666666666666;0.0;2.1555555555555554;0.1333333333333333;0.9555555555555554;1.63;3.0;19.0;0.26666666666666666;0.0;3.1333333333333333;0.15555555555555553;1.0;1.8;3.0;20.0;0.0
0.2888888888888889;0.0;3.0;0.1444444444444444;1.0;1.4016666666666666;3.0;16.0;0.24444444444444446;0.0;2.1444444444444444;0.1333333333333333;1.0;1.1700000000000002;3.0;16.0;0.26666666666666666;0.0;3.077777777777778;0.16666666666666666;1.0666666666666667;2.0216666666666665;3.0;17.0;0.34682539682539676;0.0;2.253174603174603;2.796825396825396;4.2293650793650786;1.3966666666666667;3.0;17.0;0.37222222222222223;0.0;23.974603174603175;20.003174603174603;1.234920634920635;1.89;3.0;18.0;0.5;0.0;64.5111111111111;59.68888888888889;1.5;2.25;3.0;18.0;0.45555555555555555;0.0;28.32222222222222;20.022222222222222;1.211111111111111;2.685;3.0;19.0;0.26666666666666666;0.0;2.1555555555555554;0.1333333333333333;0.9555555555555554;1.63;3.0;19.0;0.26666666666666666;0.0;3.1333333333333333;0.15555555555555553;1.0;1.8;3.0;20.0;0.25555555555555554;0.0;2.207142857142857;0.1333333333333333;0.9547619047619048;1.225;3.0;20.0;0.0
0.24444444444444446;0.0;2.1444444444444444;0.1333333333333333;1.0;1.1700000000000002;3.0;16.0;0.26666666666666666;0.0;3.077777777777778;0.16666666666666666;1.0666666666666667;2.0216666666666665;3.0;17.0;0.34682539682539676;0.0;2.253174603174603;2.796825396825396;4.2293650793650786;1.3966666666666667;3.0;17.0;0.37222222222222223;0.0;23.974603174603175;20.003174603174603;1.234920634920635;1.89;3.0;18.0;0.5;0.0;64.5111111111111;59.68888888888889;1.5;2.25;3.0;18.0;0.45555555555555555;0.0;28.32222222222222;20.022222222222222;1.211111111111111;2.685;3.0;19.0;0.26666666666666666;0.0;2.1555555555555554;0.1333333333333333;0.9555555555555554;1.63;3.0;19.0;0.26666666666666666;0.0;3.1333333333333333;0.15555555555555553;1.0;1.8;3.0;20.0;0.25555555555555554;0.0;2.207142857142857;0.1333333333333333;0.9547619047619048;1.225;3.0;20.0;0.5888888888888889;0.0;3.196825396825396;9.21111111111111;12.58809523809524;1.8483333333333334;3.0;21.0;0.0
0.26666666666666666;0.0;3.077777777777778;0.16666666666666666;1.0666666666666667;2.0216666666666665;3.0;17.0;0.34682539682539676;0.0;2.253174603174603;2.796825396825396;4.2293650793650786;1.3966666666666667;3.0;17.0;0.37222222222222223;0.0;23.974603174603175;20.003174603174603;1.234920634920635;1.89;3.0;18.0;0.5;0.0;64.5111111111111;59.68888888888889;1.5;2.25;3.0;18.0;0.45555555555555555;0.0;28.32222222222222;20.022222222222222;1.211111111111111;2.685;3.0;19.0;0.26666666666666666;0.0;2.1555555555555554;0.1333333333333333;0.9555555555555554;1.63;3.0;19.0;0.26666666666666666;0.0;3.1333333333333333;0.15555555555555553;1.0;1.8;3.0;20.0;0.25555555555555554;0.0;2.207142857142857;0.1333333333333333;0.9547619047619048;1.225;3.0;20.0;0.5888888888888889;0.0;3.196825396825396;9.21111111111111;12.58809523809524;1.8483333333333334;3.0;21.0;0.922222222222222;0.0;2.5777777777777775;37.577777777777776;50.82222222222222;1.585;3.0;21.0;0.0
0.34682539682539676;0.0;2.253174603174603;2.796825396825396;4.2293650793650786;1.3966666666666667;3.0;17.0;0.37222222222222223;0.0;23.974603174603175;20.003174603174603;1.234920634920635;1.89;3.0;18.0;0.5;0.0;64.5111111111111;59.68888888888889;1.5;2.25;3.0;18.0;0.45555555555555555;0.0;28.32222222222222;20.022222222222222;1.211111111111111;2.685;3.0;19.0;0.26666666666666666;0.0;2.1555555555555554;0.1333333333333333;0.9555555555555554;1.63;3.0;19.0;0.26666666666666666;0.0;3.1333333333333333;0.15555555555555553;1.0;1.8;3.0;20.0;0.25555555555555554;0.0;2.207142857142857;0.1333333333333333;0.9547619047619048;1.225;3.0;20.0;0.5888888888888889;0.0;3.196825396825396;9.21111111111111;12.58809523809524;1.8483333333333334;3.0;21.0;0.922222222222222;0.0;2.5777777777777775;37.577777777777776;50.82222222222222;1.585;3.0;21.0;0.5333333333333333;0.0;3.977777777777778;0.38888888888888884;1.111111111111111;1.8716666666666664;3.0;22.0;0.0
0.37222222222222223;0.0;23.974603174603175;20.003174603174603;1.234920634920635;1.89;3.0;18.0;0.5;0.0;64.5111111111111;59.68888888888889;1.5;2.25;3.0;18.0;0.45555555555555555;0.0;28.32222222222222;20.022222222222222;1.211111111111111;2.685;3.0;19.0;0.26666666666666666;0.0;2.1555555555555554;0.1333333333333333;0.9555555555555554;1.63;3.0;19.0;0.26666666666666666;0.0;3.1333333333333333;0.15555555555555553;1.0;1.8;3.0;20.0;0.25555555555555554;0.0;2.207142857142857;0.1333333333333333;0.9547619047619048;1.225;3.0;20.0;0.5888888888888889;0.0;3.196825396825396;9.21111111111111;12.58809523809524;1.8483333333333334;3.0;21.0;0.922222222222222;0.0;2.5777777777777775;37.577777777777776;50.82222222222222;1.585;3.0;21.0;0.5333333333333333;0.0;3.977777777777778;0.38888888888888884;1.111111111111111;1.8716666666666664;3.0;22.0;0.37777777777777777;0.0;3.1785714285714284;0.2976190476190476;0.7928571428571427;2.1366666666666667;3.0;22.0;0.0
0.5;0.0;64.5111111111111;59.68888888888889;1.5;2.25;3.0;18.0;0.45555555555555555;0.0;28.32222222222222;20.022222222222222;1.211111111111111;2.685;3.0;19.0;0.26666666666666666;0.0;2.1555555555555554;0.1333333333333333;0.9555555555555554;1.63;3.0;19.0;0.26666666666666666;0.0;3.1333333333333333;0.15555555555555553;1.0;1.8;3.0;20.0;0.25555555555555554;0.0;2.207142857142857;0.1333333333333333;0.9547619047619048;1.225;3.0;20.0;0.5888888888888889;0.0;3.196825396825396;9.21111111111111;12.58809523809524;1.8483333333333334;3.0;21.0;0.922222222222222;0.0;2.5777777777777775;37.577777777777776;50.82222222222222;1.585;3.0;21.0;0.5333333333333333;0.0;3.977777777777778;0.38888888888888884;1.111111111111111;1.8716666666666664;3.0;22.0;0.37777777777777777;0.0;3.1785714285714284;0.2976190476190476;0.7928571428571427;2.1366666666666667;3.0;22.0;0.3333333333333333;0.0;3.8333333333333326;0.16666666666666666;0.9;2.1683333333333334;3.0;23.0;0.0
0.45555555555555555;0.0;28.32222222222222;20.022222222222222;1.211111111111111;2.685;3.0;19.0;0.26666666666666666;0.0;2.1555555555555554;0.1333333333333333;0.9555555555555554;1.63;3.0;19.0;0.26666666666666666;0.0;3.1333333333333333;0.15555555555555553;1.0;1.8;3.0;20.0;0.25555555555555554;0.0;2.207142857142857;0.1333333333333333;0.9547619047619048;1.225;3.0;20.0;0.5888888888888889;0.0;3.196825396825396;9.21111111111111;12.58809523809524;1.8483333333333334;3.0;21.0;0.922222222222222;0.0;2.5777777777777775;37.577777777777776;50.82222222222222;1.585;3.0;21.0;0.5333333333333333;0.0;3.977777777777778;0.38888888888888884;1.111111111111111;1.8716666666666664;3.0;22.0;0.37777777777777777;0.0;3.1785714285714284;0.2976190476190476;0.7928571428571427;2.1366666666666667;3.0;22.0;0.3333333333333333;0.0;3.8333333333333326;0.16666666666666666;0.9;2.1683333333333334;3.0;23.0;0.27777777777777773;0.0;2.2007936507936505;0.1333333333333333;0.965873015873016;1.3716666666666668;3.0;23.0;0.0
0.26666666666666666;0.0;2.1555555555555554;0.1333333333333333;0.9555555555555554;1.63;3.0;19.0;0.26666666666666666;0.0;3.1333333333333333;0.15555555555555553;1.0;1.8;3.0;20.0;0.25555555555555554;0.0;2.207142857142857;0.1333333333333333;0.9547619047619048;1.225;3.0;20.0;0.5888888888888889;0.0;3.196825396825396;9.21111111111111;12.58809523809524;1.8483333333333334;3.0;21.0;0.922222222222222;0.0;2.5777777777777775;37.577777777777776;50.82222222222222;1.585;3.0;21.0;0.5333333333333333;0.0;3.977777777777778;0.38888888888888884;1.111111111111111;1.8716666666666664;3.0;22.0;0.37777777777777777;0.0;3.1785714285714284;0.2976190476190476;0.7928571428571427;2.1366666666666667;3.0;22.0;0.3333333333333333;0.0;3.8333333333333326;0.16666666666666666;0.9;2.1683333333333334;3.0;23.0;0.27777777777777773;0.0;2.2007936507936505;0.1333333333333333;0.965873015873016;1.3716666666666668;3.0;23.0;0.3444444444444444;0.0;3.1039682539682545;0.1444444444444444;0.8666666666666668;1.7466666666666668;4.0;0.0;0.0
0.26666666666666666;0.0;3.1333333333333333;0.15555555555555553;1.0;1.8;3.0;20.0;0.25555555555555554;0.0;2.207142857142857;0.1333333333333333;0.9547619047619048;1.225;3.0;20.0;0.5888888888888889;0.0;3.196825396825396;9.21111111111111;12.58809523809524;1.8483333333333334;3.0;21.0;0.922222222222222;0.0;2.5777777777777775;37.577777777777776;50.82222222222222;1.585;3.0;21.0;0.5333333333333333;0.0;3.977777777777778;0.38888888888888884;1.111111111111111;1.8716666666666664;3.0;22.0;0.37777777777777777;0.0;3.1785714285714284;0.2976190476190476;0.7928571428571427;2.1366666666666667;3.0;22.0;0.3333333333333333;0.0;3.8333333333333326;0.16666666666666666;0.9;2.1683333333333334;3.0;23.0;0.27777777777777773;0.0;2.2007936507936505;0.1333333333333333;0.965873015873016;1.3716666666666668;3.0;23.0;0.3444444444444444;0.0;3.1039682539682545;0.1444444444444444;0.8666666666666668;1.7466666666666668;4.0;0.0;8.244444444444445;0.0;2.357936507936508;571.588888888889;450.5222222222222;3.606666666666666;4.0;0.0;1.0
0.25555555555555554;0.0;2.207142857142857;0.1333333333333333;0.9547619047619048;1.225;3.0;20.0;0.5888888888888889;0.0;3.196825396825396;9.21111111111111;12.58809523809524;1.8483333333333334;3.0;21.0;0.922222222222222;0.0;2.5777777777777775;37.577777777777776;50.82222222222222;1.585;3.0;21.0;0.5333333333333333;0.0;3.977777777777778;0.38888888888888884;1.111111111111111;1.8716666666666664;3.0;22.0;0.37777777777777777;0.0;3.1785714285714284;0.2976190476190476;0.7928571428571427;2.1366666666666667;3.0;22.0;0.3333333333333333;0.0;3.8333333333333326;0.16666666666666666;0.9;2.1683333333333334;3.0;23.0;0.27777777777777773;0.0;2.2007936507936505;0.1333333333333333;0.965873015873016;1.3716666666666668;3.0;23.0;0.3444444444444444;0.0;3.1039682539682545;0.1444444444444444;0.8666666666666668;1.7466666666666668;4.0;0.0;8.244444444444445;0.0;2.357936507936508;571.588888888889;450.5222222222222;3.606666666666666;4.0;0.0;10.777777777777779;0.0;3.288888888888889;745.7666666666668;591.2888888888889;3.525;4.0;1.0;1.0
0.5888888888888889;0.0;3.196825396825396;9.21111111111111;12.58809523809524;1.8483333333333334;3.0;21.0;0.922222222222222;0.0;2.5777777777777775;37.577777777777776;50.82222222222222;1.585;3.0;21.0;0.5333333333333333;0.0;3.977777777777778;0.38888888888888884;1.111111111111111;1.8716666666666664;3.0;22.0;0.37777777777777777;0.0;3.1785714285714284;0.2976190476190476;0.7928571428571427;2.1366666666666667;3.0;22.0;0.3333333333333333;0.0;3.8333333333333326;0.16666666666666666;0.9;2.1683333333333334;3.0;23.0;0.27777777777777773;0.0;2.2007936507936505;0.1333333333333333;0.965873015873016;1.3716666666666668;3.0;23.0;0.3444444444444444;0.0;3.1039682539682545;0.1444444444444444;0.8666666666666668;1.7466666666666668;4.0;0.0;8.244444444444445;0.0;2.357936507936508;571.588888888889;450.5222222222222;3.606666666666666;4.0;0.0;10.777777777777779;0.0;3.288888888888889;745.7666666666668;591.2888888888889;3.525;4.0;1.0;11.444444444444445;0.0;2.4555555555555553;802.0444444444444;638.1;4.295;4.0;1.0;1.0
0.922222222222222;0.0;2.5777777777777775;37.577777777777776;50.82222222222222;1.585;3.0;21.0;0.5333333333333333;0.0;3.977777777777778;0.38888888888888884;1.111111111111111;1.8716666666666664;3.0;22.0;0.37777777777777777;0.0;3.1785714285714284;0.2976190476190476;0.7928571428571427;2.1366666666666667;3.0;22.0;0.3333333333333333;0.0;3.8333333333333326;0.16666666666666666;0.9;2.1683333333333334;3.0;23.0;0.27777777777777773;0.0;2.2007936507936505;0.1333333333333333;0.965873015873016;1.3716666666666668;3.0;23.0;0.3444444444444444;0.0;3.1039682539682545;0.1444444444444444;0.8666666666666668;1.7466666666666668;4.0;0.0;8.244444444444445;0.0;2.357936507936508;571.588888888889;450.5222222222222;3.606666666666666;4.0;0.0;10.777777777777779;0.0;3.288888888888889;745.7666666666668;591.2888888888889;3.525;4.0;1.0;11.444444444444445;0.0;2.4555555555555553;802.0444444444444;638.1;4.295;4.0;1.0;11.411111111111111;0.0;3.41111111111111;800.2111111111111;636.4666666666667;3.5483333333333333;4.0;2.0;1.0
0.5333333333333333;0.0;3.977777777777778;0.38888888888888884;1.111111111111111;1.8716666666666664;3.0;22.0;0.37777777777777777;0.0;3.1785714285714284;0.2976190476190476;0.7928571428571427;2.1366666666666667;3.0;22.0;0.3333333333333333;0.0;3.8333333333333326;0.16666666666666666;0.9;2.1683333333333334;3.0;23.0;0.27777777777777773;0.0;2.2007936507936505;0.1333333333333333;0.965873015873016;1.3716666666666668;3.0;23.0;0.3444444444444444;0.0;3.1039682539682545;0.1444444444444444;0.8666666666666668;1.7466666666666668;4.0;0.0;8.244444444444445;0.0;2.357936507936508;571.588888888889;450.5222222222222;3.606666666666666;4.0;0.0;10.777777777777779;0.0;3.288888888888889;745.7666666666668;591.2888888888889;3.525;4.0;1.0;11.444444444444445;0.0;2.4555555555555553;802.0444444444444;638.1;4.295;4.0;1.0;11.411111111111111;0.0;3.41111111111111;800.2111111111111;636.4666666666667;3.5483333333333333;4.0;2.0;11.866666666666667;52.73333333333333;25.36666666666667;819.8777777777777;649.2888888888889;6.073333333333334;4.0;2.0;0.0
0.37777777777777777;0.0;3.1785714285714284;0.2976190476190476;0.7928571428571427;2.1366666666666667;3.0;22.0;0.3333333333333333;0.0;3.8333333333333326;0.16666666666666666;0.9;2.1683333333333334;3.0;23.0;0.27777777777777773;0.0;2.2007936507936505;0.1333333333333333;0.965873015873016;1.3716666666666668;3.0;23.0;0.3444444444444444;0.0;3.1039682539682545;0.1444444444444444;0.8666666666666668;1.7466666666666668;4.0;0.0;8.244444444444445;0.0;2.357936507936508;571.588888888889;450.5222222222222;3.606666666666666;4.0;0.0;10.777777777777779;0.0;3.288888888888889;745.7666666666668;591.2888888888889;3.525;4.0;1.0;11.444444444444445;0.0;2.4555555555555553;802.0444444444444;638.1;4.295;4.0;1.0;11.411111111111111;0.0;3.41111111111111;800.2111111111111;636.4666666666667;3.5483333333333333;4.0;2.0;11.866666666666667;52.73333333333333;25.36666666666667;819.8777777777777;649.2888888888889;6.073333333333334;4.0;2.0;3.833333333333334;0.0;3.1666666666666665;236.1666666666667;188.0;2.9499999999999993;4.0;3.0;0.0
0.3333333333333333;0.0;3.8333333333333326;0.16666666666666666;0.9;2.1683333333333334;3.0;23.0;0.27777777777777773;0.0;2.2007936507936505;0.1333333333333333;0.965873015873016;1.3716666666666668;3.0;23.0;0.3444444444444444;0.0;3.1039682539682545;0.1444444444444444;0.8666666666666668;1.7466666666666668;4.0;0.0;8.244444444444445;0.0;2.357936507936508;571.588888888889;450.5222222222222;3.606666666666666;4.0;0.0;10.777777777777779;0.0;3.288888888888889;745.7666666666668;591.2888888888889;3.525;4.0;1.0;11.444444444444445;0.0;2.4555555555555553;802.0444444444444;638.1;4.295;4.0;1.0;11.411111111111111;0.0;3.41111111111111;800.2111111111111;636.4666666666667;3.5483333333333333;4.0;2.0;11.866666666666667;52.73333333333333;25.36666666666667;819.8777777777777;649.2888888888889;6.073333333333334;4.0;2.0;3.833333333333334;0.0;3.1666666666666665;236.1666666666667;188.0;2.9499999999999993;4.0;3.0;0.37777777777777777;0.0;2.3222222222222215;0.1333333333333333;1.011111111111111;1.4816666666666667;4.0;3.0;0.0
0.27777777777777773;0.0;2.2007936507936505;0.1333333333333333;0.965873015873016;1.3716666666666668;3.0;23.0;0.3444444444444444;0.0;3.1039682539682545;0.1444444444444444;0.8666666666666668;1.7466666666666668;4.0;0.0;8.244444444444445;0.0;2.357936507936508;571.588888888889;450.5222222222222;3.606666666666666;4.0;0.0;10.777777777777779;0.0;3.288888888888889;745.7666666666668;591.2888888888889;3.525;4.0;1.0;11.444444444444445;0.0;2.4555555555555553;802.0444444444444;638.1;4.295;4.0;1.0;11.411111111111111;0.0;3.41111111111111;800.2111111111111;636.4666666666667;3.5483333333333333;4.0;2.0;11.866666666666667;52.73333333333333;25.36666666666667;819.8777777777777;649.2888888888889;6.073333333333334;4.0;2.0;3.833333333333334;0.0;3.1666666666666665;236.1666666666667;188.0;2.9499999999999993;4.0;3.0;0.37777777777777777;0.0;2.3222222222222215;0.1333333333333333;1.011111111111111;1.4816666666666667;4.0;3.0;0.2666666666666666;0.0;3.0999999999999996;0.1444444444444444;1.0333333333333332;2.3666666666666667;4.0;4.0;0.0
0.3444444444444444;0.0;3.1039682539682545;0.1444444444444444;0.8666666666666668;1.7466666666666668;4.0;0.0;8.244444444444445;0.0;2.357936507936508;571.588888888889;450.5222222222222;3.606666666666666;4.0;0.0;10.777777777777779;0.0;3.288888888888889;745.7666666666668;591.2888888888889;3.525;4.0;1.0;11.444444444444445;0.0;2.4555555555555553;802.0444444444444;638.1;4.295;4.0;1.0;11.411111111111111;0.0;3.41111111111111;800.2111111111111;636.4666666666667;3.5483333333333333;4.0;2.0;11.866666666666667;52.73333333333333;25.36666666666667;819.8777777777777;649.2888888888889;6.073333333333334;4.0;2.0;3.833333333333334;0.0;3.1666666666666665;236.1666666666667;188.0;2.9499999999999993;4.0;3.0;0.37777777777777777;0.0;2.3222222222222215;0.1333333333333333;1.011111111111111;1.4816666666666667;4.0;3.0;0.2666666666666666;0.0;3.0999999999999996;0.1444444444444444;1.0333333333333332;2.3666666666666667;4.0;4.0;0.34047619047619043;0.0;2.6563492063492067;0.12460317460317456;1.0349206349206348;1.8600000000000003;4.0;4.0;0.0
8.244444444444445;0.0;2.357936507936508;571.588888888889;450.5222222222222;3.606666666666666;4.0;0.0;10.777777777777779;0.0;3.288888888888889;745.7666666666668;591.2888888888889;3.525;4.0;1.0;11.444444444444445;0.0;2.4555555555555553;802.0444444444444;638.1;4.295;4.0;1.0;11.411111111111111;0.0;3.41111111111111;800.2111111111111;636.4666666666667;3.5483333333333333;4.0;2.0;11.866666666666667;52.73333333333333;25.36666666666667;819.8777777777777;649.2888888888889;6.073333333333334;4.0;2.0;3.833333333333334;0.0;3.1666666666666665;236.1666666666667;188.0;2.9499999999999993;4.0;3.0;0.37777777777777777;0.0;2.3222222222222215;0.1333333333333333;1.011111111111111;1.4816666666666667;4.0;3.0;0.2666666666666666;0.0;3.0999999999999996;0.1444444444444444;1.0333333333333332;2.3666666666666667;4.0;4.0;0.34047619047619043;0.0;2.6563492063492067;0.12460317460317456;1.0349206349206348;1.8600000000000003;4.0;4.0;0.3444444444444444;0.0;3.6222222222222222;0.15555555555555553;0.9888888888888889;2.64;4.0;5.0;0.0
10.777777777777779;0.0;3.288888888888889;745.7666666666668;591.2888888888889;3.525;4.0;1.0;11.444444444444445;0.0;2.4555555555555553;802.0444444444444;638.1;4.295;4.0;1.0;11.411111111111111;0.0;3.41111111111111;800.2111111111111;636.4666666666667;3.5483333333333333;4.0;2.0;11.866666666666667;52.73333333333333;25.36666666666667;819.8777777777777;649.2888888888889;6.073333333333334;4.0;2.0;3.833333333333334;0.0;3.1666666666666665;236.1666666666667;188.0;2.9499999999999993;4.0;3.0;0.37777777777777777;0.0;2.3222222222222215;0.1333333333333333;1.011111111111111;1.4816666666666667;4.0;3.0;0.2666666666666666;0.0;3.0999999999999996;0.1444444444444444;1.0333333333333332;2.3666666666666667;4.0;4.0;0.34047619047619043;0.0;2.6563492063492067;0.12460317460317456;1.0349206349206348;1.8600000000000003;4.0;4.0;0.3444444444444444;0.0;3.6222222222222222;0.15555555555555553;0.9888888888888889;2.64;4.0;5.0;0.32222222222222224;0.0;2.6333333333333333;0.1333333333333333;1.0444444444444445;2.226666666666666;4.0;5.0;0.0
11.444444444444445;0.0;2.4555555555555553;802.0444444444444;638.1;4.295;4.0;1.0;11.411111111111111;0.0;3.41111111111111;800.2111111111111;636.4666666666667;3.5483333333333333;4.0;2.0;11.866666666666667;52.73333333333333;25.36666666666667;819.8777777777777;649.2888888888889;6.073333333333334;4.0;2.0;3.833333333333334;0.0;3.1666666666666665;236.1666666666667;188.0;2.9499999999999993;4.0;3.0;0.37777777777777777;0.0;2.3222222222222215;0.1333333333333333;1.011111111111111;1.4816666666666667;4.0;3.0;0.2666666666666666;0.0;3.0999999999999996;0.1444444444444444;1.0333333333333332;2.3666666666666667;4.0;4.0;0.34047619047619043;0.0;2.6563492063492067;0.12460317460317456;1.0349206349206348;1.8600000000000003;4.0;4.0;0.3444444444444444;0.0;3.6222222222222222;0.15555555555555553;0.9888888888888889;2.64;4.0;5.0;0.32222222222222224;0.0;2.6333333333333333;0.1333333333333333;1.0444444444444445;2.226666666666666;4.0;5.0;0.37777777777777777;0.0;3.411111111111111;0.1444444444444444;1.0;1.9866666666666666;4.0;6.0;0.0
11.411111111111111;0.0;3.41111111111111;800.2111111111111;636.4666666666667;3.5483333333333333;4.0;2.0;11.866666666666667;52.73333333333333;25.36666666666667;819.8777777777777;649.2888888888889;6.073333333333334;4.0;2.0;3.833333333333334;0.0;3.1666666666666665;236.1666666666667;188.0;2.9499999999999993;4.0;3.0;0.37777777777777777;0.0;2.3222222222222215;0.1333333333333333;1.011111111111111;1.4816666666666667;4.0;3.0;0.2666666666666666;0.0;3.0999999999999996;0.1444444444444444;1.0333333333333332;2.3666666666666667;4.0;4.0;0.34047619047619043;0.0;2.6563492063492067;0.12460317460317456;1.0349206349206348;1.8600000000000003;4.0;4.0;0.3444444444444444;0.0;3.6222222222222222;0.15555555555555553;0.9888888888888889;2.64;4.0;5.0;0.32222222222222224;0.0;2.6333333333333333;0.1333333333333333;1.0444444444444445;2.226666666666666;4.0;5.0;0.37777777777777777;0.0;3.411111111111111;0.1444444444444444;1.0;1.9866666666666666;4.0;6.0;0.35555555555555557;0.0;2.588888888888889;0.1333333333333333;0.9111111111111111;2.3299999999999996;4.0;6.0;0.0
11.866666666666667;52.73333333333333;25.36666666666667;819.8777777777777;649.2888888888889;6.073333333333334;4.0;2.0;3.833333333333334;0.0;3.1666666666666665;236.1666666666667;188.0;2.9499999999999993;4.0;3.0;0.37777777777777777;0.0;2.3222222222222215;0.1333333333333333;1.011111111111111;1.4816666666666667;4.0;3.0;0.2666666666666666;0.0;3.0999999999999996;0.1444444444444444;1.0333333333333332;2.3666666666666667;4.0;4.0;0.34047619047619043;0.0;2.6563492063492067;0.12460317460317456;1.0349206349206348;1.8600000000000003;4.0;4.0;0.3444444444444444;0.0;3.6222222222222222;0.15555555555555553;0.9888888888888889;2.64;4.0;5.0;0.32222222222222224;0.0;2.6333333333333333;0.1333333333333333;1.0444444444444445;2.226666666666666;4.0;5.0;0.37777777777777777;0.0;3.411111111111111;0.1444444444444444;1.0;1.9866666666666666;4.0;6.0;0.35555555555555557;0.0;2.588888888888889;0.1333333333333333;0.9111111111111111;2.3299999999999996;4.0;6.0;0.3555555555555556;0.0;3.5555555555555554;0.18888888888888888;1.011111111111111;2.1216666666666666;4.0;7.0;0.0
3.833333333333334;0.0;3.1666666666666665;236.1666666666667;188.0;2.9499999999999993;4.0;3.0;0.37777777777777777;0.0;2.3222222222222215;0.1333333333333333;1.011111111111111;1.4816666666666667;4.0;3.0;0.2666666666666666;0.0;3.0999999999999996;0.1444444444444444;1.0333333333333332;2.3666666666666667;4.0;4.0;0.34047619047619043;0.0;2.6563492063492067;0.12460317460317456;1.0349206349206348;1.8600000000000003;4.0;4.0;0.3444444444444444;0.0;3.6222222222222222;0.15555555555555553;0.9888888888888889;2.64;4.0;5.0;0.32222222222222224;0.0;2.6333333333333333;0.1333333333333333;1.0444444444444445;2.226666666666666;4.0;5.0;0.37777777777777777;0.0;3.411111111111111;0.1444444444444444;1.0;1.9866666666666666;4.0;6.0;0.35555555555555557;0.0;2.588888888888889;0.1333333333333333;0.9111111111111111;2.3299999999999996;4.0;6.0;0.3555555555555556;0.0;3.5555555555555554;0.18888888888888888;1.011111111111111;2.1216666666666666;4.0;7.0;0.3333333333333333;0.0;2.733333333333333;0.0111111111111111;0.9333333333333332;1.9983333333333333;4.0;7.0;0.0
0.37777777777777777;0.0;2.3222222222222215;0.1333333333333333;1.011111111111111;1.4816666666666667;4.0;3.0;0.2666666666666666;0.0;3.0999999999999996;0.1444444444444444;1.0333333333333332;2.3666666666666667;4.0;4.0;0.34047619047619043;0.0;2.6563492063492067;0.12460317460317456;1.0349206349206348;1.8600000000000003;4.0;4.0;0.3444444444444444;0.0;3.6222222222222222;0.15555555555555553;0.9888888888888889;2.64;4.0;5.0;0.32222222222222224;0.0;2.6333333333333333;0.1333333333333333;1.0444444444444445;2.226666666666666;4.0;5.0;0.37777777777777777;0.0;3.411111111111111;0.1444444444444444;1.0;1.9866666666666666;4.0;6.0;0.35555555555555557;0.0;2.588888888888889;0.1333333333333333;0.9111111111111111;2.3299999999999996;4.0;6.0;0.3555555555555556;0.0;3.5555555555555554;0.18888888888888888;1.011111111111111;2.1216666666666666;4.0;7.0;0.3333333333333333;0.0;2.733333333333333;0.0111111111111111;0.9333333333333332;1.9983333333333333;4.0;7.0;1.1111111111111112;0.04444444444444443;7.411111111111112;0.2888888888888889;1.2;4.614999999999999;4.0;8.0;0.0
0.2666666666666666;0.0;3.0999999999999996;0.1444444444444444;1.0333333333333332;2.3666666666666667;4.0;4.0;0.34047619047619043;0.0;2.6563492063492067;0.12460317460317456;1.0349206349206348;1.8600000000000003;4.0;4.0;0.3444444444444444;0.0;3.6222222222222222;0.15555555555555553;0.9888888888888889;2.64;4.0;5.0;0.32222222222222224;0.0;2.6333333333333333;0.1333333333333333;1.0444444444444445;2.226666666666666;4.0;5.0;0.37777777777777777;0.0;3.411111111111111;0.1444444444444444;1.0;1.9866666666666666;4.0;6.0;0.35555555555555557;0.0;2.588888888888889;0.1333333333333333;0.9111111111111111;2.3299999999999996;4.0;6.0;0.3555555555555556;0.0;3.5555555555555554;0.18888888888888888;1.011111111111111;2.1216666666666666;4.0;7.0;0.3333333333333333;0.0;2.733333333333333;0.0111111111111111;0.9333333333333332;1.9983333333333333;4.0;7.0;1.1111111111111112;0.04444444444444443;7.411111111111112;0.2888888888888889;1.2;4.614999999999999;4.0;8.0;0.41111111111111104;0.0;2.588888888888889;0.0111111111111111;0.9333333333333332;1.8033333333333335;4.0;8.0;0.0
0.34047619047619043;0.0;2.6563492063492067;0.12460317460317456;1.0349206349206348;1.8600000000000003;4.0;4.0;0.3444444444444444;0.0;3.6222222222222222;0.15555555555555553;0.9888888888888889;2.64;4.0;5.0;0.32222222222222224;0.0;2.6333333333333333;0.1333333333333333;1.0444444444444445;2.226666666666666;4.0;5.0;0.37777777777777777;0.0;3.411111111111111;0.1444444444444444;1.0;1.9866666666666666;4.0;6.0;0.35555555555555557;0.0;2.588888888888889;0.1333333333333333;0.9111111111111111;2.3299999999999996;4.0;6.0;0.3555555555555556;0.0;3.5555555555555554;0.18888888888888888;1.011111111111111;2.1216666666666666;4.0;7.0;0.3333333333333333;0.0;2.733333333333333;0.0111111111111111;0.9333333333333332;1.9983333333333333;4.0;7.0;1.1111111111111112;0.04444444444444443;7.411111111111112;0.2888888888888889;1.2;4.614999999999999;4.0;8.0;0.41111111111111104;0.0;2.588888888888889;0.0111111111111111;0.9333333333333332;1.8033333333333335;4.0;8.0;0.4444444444444445;0.0;3.511111111111111;0.0333333333333333;1.377777777777778;2.3433333333333333;4.0;9.0;0.0
0.3444444444444444;0.0;3.6222222222222222;0.15555555555555553;0.9888888888888889;2.64;4.0;5.0;0.32222222222222224;0.0;2.6333333333333333;0.1333333333333333;1.0444444444444445;2.226666666666666;4.0;5.0;0.37777777777777777;0.0;3.411111111111111;0.1444444444444444;1.0;1.9866666666666666;4.0;6.0;0.35555555555555557;0.0;2.588888888888889;0.1333333333333333;0.9111111111111111;2.3299999999999996;4.0;6.0;0.3555555555555556;0.0;3.5555555555555554;0.18888888888888888;1.011111111111111;2.1216666666666666;4.0;7.0;0.3333333333333333;0.0;2.733333333333333;0.0111111111111111;0.9333333333333332;1.9983333333333333;4.0;7.0;1.1111111111111112;0.04444444444444443;7.411111111111112;0.2888888888888889;1.2;4.614999999999999;4.0;8.0;0.41111111111111104;0.0;2.588888888888889;0.0111111111111111;0.9333333333333332;1.8033333333333335;4.0;8.0;0.4444444444444445;0.0;3.511111111111111;0.0333333333333333;1.377777777777778;2.3433333333333333;4.0;9.0;0.41111111111111115;0.4888888888888889;44.02222222222222;39.922222222222224;1.4111111111111108;3.9149999999999996;4.0;9.0;0.0
0.32222222222222224;0.0;2.6333333333333333;0.1333333333333333;1.0444444444444445;2.226666666666666;4.0;5.0;0.37777777777777777;0.0;3.411111111111111;0.1444444444444444;1.0;1.9866666666666666;4.0;6.0;0.35555555555555557;0.0;2.588888888888889;0.1333333333333333;0.9111111111111111;2.3299999999999996;4.0;6.0;0.3555555555555556;0.0;3.5555555555555554;0.18888888888888888;1.011111111111111;2.1216666666666666;4.0;7.0;0.3333333333333333;0.0;2.733333333333333;0.0111111111111111;0.9333333333333332;1.9983333333333333;4.0;7.0;1.1111111111111112;0.04444444444444443;7.411111111111112;0.2888888888888889;1.2;4.614999999999999;4.0;8.0;0.41111111111111104;0.0;2.588888888888889;0.0111111111111111;0.9333333333333332;1.8033333333333335;4.0;8.0;0.4444444444444445;0.0;3.511111111111111;0.0333333333333333;1.377777777777778;2.3433333333333333;4.0;9.0;0.41111111111111115;0.4888888888888889;44.02222222222222;39.922222222222224;1.4111111111111108;3.9149999999999996;4.0;9.0;0.3777777777777778;0.022222222222222216;44.76666666666668;39.833333333333336;10.1;2.64;4.0;10.0;0.0
0.37777777777777777;0.0;3.411111111111111;0.1444444444444444;1.0;1.9866666666666666;4.0;6.0;0.35555555555555557;0.0;2.588888888888889;0.1333333333333333;0.9111111111111111;2.3299999999999996;4.0;6.0;0.3555555555555556;0.0;3.5555555555555554;0.18888888888888888;1.011111111111111;2.1216666666666666;4.0;7.0;0.3333333333333333;0.0;2.733333333333333;0.0111111111111111;0.9333333333333332;1.9983333333333333;4.0;7.0;1.1111111111111112;0.04444444444444443;7.411111111111112;0.2888888888888889;1.2;4.614999999999999;4.0;8.0;0.41111111111111104;0.0;2.588888888888889;0.0111111111111111;0.9333333333333332;1.8033333333333335;4.0;8.0;0.4444444444444445;0.0;3.511111111111111;0.0333333333333333;1.377777777777778;2.3433333333333333;4.0;9.0;0.41111111111111115;0.4888888888888889;44.02222222222222;39.922222222222224;1.4111111111111108;3.9149999999999996;4.0;9.0;0.3777777777777778;0.022222222222222216;44.76666666666668;39.833333333333336;10.1;2.64;4.0;10.0;0.08888888888888886;0.0;2.1444444444444444;0.0;0.9666666666666665;1.7566666666666668;4.0;10.0;0.0
0.35555555555555557;0.0;2.588888888888889;0.1333333333333333;0.9111111111111111;2.3299999999999996;4.0;6.0;0.3555555555555556;0.0;3.5555555555555554;0.18888888888888888;1.011111111111111;2.1216666666666666;4.0;7.0;0.3333333333333333;0.0;2.733333333333333;0.0111111111111111;0.9333333333333332;1.9983333333333333;4.0;7.0;1.1111111111111112;0.04444444444444443;7.411111111111112;0.2888888888888889;1.2;4.614999999999999;4.0;8.0;0.41111111111111104;0.0;2.588888888888889;0.0111111111111111;0.9333333333333332;1.8033333333333335;4.0;8.0;0.4444444444444445;0.0;3.511111111111111;0.0333333333333333;1.377777777777778;2.3433333333333333;4.0;9.0;0.41111111111111115;0.4888888888888889;44.02222222222222;39.922222222222224;1.4111111111111108;3.9149999999999996;4.0;9.0;0.3777777777777778;0.022222222222222216;44.76666666666668;39.833333333333336;10.1;2.64;4.0;10.0;0.08888888888888886;0.0;2.1444444444444444;0.0;0.9666666666666665;1.7566666666666668;4.0;10.0;0.6333333333333333;0.2222222222222222;3.111111111111111;7.211111111111112;4.455555555555556;1.928333333333333;4.0;11.0;0.0
0.3555555555555556;0.0;3.5555555555555554;0.18888888888888888;1.011111111111111;2.1216666666666666;4.0;7.0;0.3333333333333333;0.0;2.733333333333333;0.0111111111111111;0.9333333333333332;1.9983333333333333;4.0;7.0;1.1111111111111112;0.04444444444444443;7.411111111111112;0.2888888888888889;1.2;4.614999999999999;4.0;8.0;0.41111111111111104;0.0;2.588888888888889;0.0111111111111111;0.9333333333333332;1.8033333333333335;4.0;8.0;0.4444444444444445;0.0;3.511111111111111;0.0333333333333333;1.377777777777778;2.3433333333333333;4.0;9.0;0.41111111111111115;0.4888888888888889;44.02222222222222;39.922222222222224;1.4111111111111108;3.9149999999999996;4.0;9.0;0.3777777777777778;0.022222222222222216;44.76666666666668;39.833333333333336;10.1;2.64;4.0;10.0;0.08888888888888886;0.0;2.1444444444444444;0.0;0.9666666666666665;1.7566666666666668;4.0;10.0;0.6333333333333333;0.2222222222222222;3.111111111111111;7.211111111111112;4.455555555555556;1.928333333333333;4.0;11.0;0.3777777777777777;0.0;2.2444444444444445;0.2333333333333333;1.188888888888889;1.8833333333333335;4.0;11.0;0.0
0.3333333333333333;0.0;2.733333333333333;0.0111111111111111;0.9333333333333332;1.9983333333333333;4.0;7.0;1.1111111111111112;0.04444444444444443;7.411111111111112;0.2888888888888889;1.2;4.614999999999999;4.0;8.0;0.41111111111111104;0.0;2.588888888888889;0.0111111111111111;0.9333333333333332;1.8033333333333335;4.0;8.0;0.4444444444444445;0.0;3.511111111111111;0.0333333333333333;1.377777777777778;2.3433333333333333;4.0;9.0;0.41111111111111115;0.4888888888888889;44.02222222222222;39.922222222222224;1.4111111111111108;3.9149999999999996;4.0;9.0;0.3777777777777778;0.022222222222222216;44.76666666666668;39.833333333333336;10.1;2.64;4.0;10.0;0.08888888888888886;0.0;2.1444444444444444;0.0;0.9666666666666665;1.7566666666666668;4.0;10.0;0.6333333333333333;0.2222222222222222;3.111111111111111;7.211111111111112;4.455555555555556;1.928333333333333;4.0;11.0;0.3777777777777777;0.0;2.2444444444444445;0.2333333333333333;1.188888888888889;1.8833333333333335;4.0;11.0;0.4555555555555555;0.0;3.233333333333333;0.6333333333333333;2.0555555555555554;1.8949999999999998;4.0;12.0;0.0
1.1111111111111112;0.04444444444444443;7.411111111111112;0.2888888888888889;1.2;4.614999999999999;4.0;8.0;0.41111111111111104;0.0;2.588888888888889;0.0111111111111111;0.9333333333333332;1.8033333333333335;4.0;8.0;0.4444444444444445;0.0;3.511111111111111;0.0333333333333333;1.377777777777778;2.3433333333333333;4.0;9.0;0.41111111111111115;0.4888888888888889;44.02222222222222;39.922222222222224;1.4111111111111108;3.9149999999999996;4.0;9.0;0.3777777777777778;0.022222222222222216;44.76666666666668;39.833333333333336;10.1;2.64;4.0;10.0;0.08888888888888886;0.0;2.1444444444444444;0.0;0.9666666666666665;1.7566666666666668;4.0;10.0;0.6333333333333333;0.2222222222222222;3.111111111111111;7.211111111111112;4.455555555555556;1.928333333333333;4.0;11.0;0.3777777777777777;0.0;2.2444444444444445;0.2333333333333333;1.188888888888889;1.8833333333333335;4.0;11.0;0.4555555555555555;0.0;3.233333333333333;0.6333333333333333;2.0555555555555554;1.8949999999999998;4.0;12.0;0.4444444444444444;0.0;2.6555555555555554;2.422222222222222;3.922222222222222;1.9516666666666669;4.0;12.0;0.0
0.41111111111111104;0.0;2.588888888888889;0.0111111111111111;0.9333333333333332;1.8033333333333335;4.0;8.0;0.4444444444444445;0.0;3.511111111111111;0.0333333333333333;1.377777777777778;2.3433333333333333;4.0;9.0;0.41111111111111115;0.4888888888888889;44.02222222222222;39.922222222222224;1.4111111111111108;3.9149999999999996;4.0;9.0;0.3777777777777778;0.022222222222222216;44.76666666666668;39.833333333333336;10.1;2.64;4.0;10.0;0.08888888888888886;0.0;2.1444444444444444;0.0;0.9666666666666665;1.7566666666666668;4.0;10.0;0.6333333333333333;0.2222222222222222;3.111111111111111;7.211111111111112;4.455555555555556;1.928333333333333;4.0;11.0;0.3777777777777777;0.0;2.2444444444444445;0.2333333333333333;1.188888888888889;1.8833333333333335;4.0;11.0;0.4555555555555555;0.0;3.233333333333333;0.6333333333333333;2.0555555555555554;1.8949999999999998;4.0;12.0;0.4444444444444444;0.0;2.6555555555555554;2.422222222222222;3.922222222222222;1.9516666666666669;4.0;12.0;2.7222222222222228;0.8555555555555555;9.6;5.699999999999999;215.0333333333333;5.753333333333333;4.0;13.0;0.0
0.4444444444444445;0.0;3.511111111111111;0.0333333333333333;1.377777777777778;2.3433333333333333;4.0;9.0;0.41111111111111115;0.4888888888888889;44.02222222222222;39.922222222222224;1.4111111111111108;3.9149999999999996;4.0;9.0;0.3777777777777778;0.022222222222222216;44.76666666666668;39.833333333333336;10.1;2.64;4.0;10.0;0.08888888888888886;0.0;2.1444444444444444;0.0;0.9666666666666665;1.7566666666666668;4.0;10.0;0.6333333333333333;0.2222222222222222;3.111111111111111;7.211111111111112;4.455555555555556;1.928333333333333;4.0;11.0;0.3777777777777777;0.0;2.2444444444444445;0.2333333333333333;1.188888888888889;1.8833333333333335;4.0;11.0;0.4555555555555555;0.0;3.233333333333333;0.6333333333333333;2.0555555555555554;1.8949999999999998;4.0;12.0;0.4444444444444444;0.0;2.6555555555555554;2.422222222222222;3.922222222222222;1.9516666666666669;4.0;12.0;2.7222222222222228;0.8555555555555555;9.6;5.699999999999999;215.0333333333333;5.753333333333333;4.0;13.0;2.9666666666666663;0.0;6.188888888888887;88.67777777777776;385.37777777777774;4.293333333333333;4.0;13.0;0.0
0.41111111111111115;0.4888888888888889;44.02222222222222;39.922222222222224;1.4111111111111108;3.9149999999999996;4.0;9.0;0.3777777777777778;0.022222222222222216;44.76666666666668;39.833333333333336;10.1;2.64;4.0;10.0;0.08888888888888886;0.0;2.1444444444444444;0.0;0.9666666666666665;1.7566666666666668;4.0;10.0;0.6333333333333333;0.2222222222222222;3.111111111111111;7.211111111111112;4.455555555555556;1.928333333333333;4.0;11.0;0.3777777777777777;0.0;2.2444444444444445;0.2333333333333333;1.188888888888889;1.8833333333333335;4.0;11.0;0.4555555555555555;0.0;3.233333333333333;0.6333333333333333;2.0555555555555554;1.8949999999999998;4.0;12.0;0.4444444444444444;0.0;2.6555555555555554;2.422222222222222;3.922222222222222;1.9516666666666669;4.0;12.0;2.7222222222222228;0.8555555555555555;9.6;5.699999999999999;215.0333333333333;5.753333333333333;4.0;13.0;2.9666666666666663;0.0;6.188888888888887;88.67777777777776;385.37777777777774;4.293333333333333;4.0;13.0;2.1444444444444444;0.0;7.411111111111111;11.866666666666665;243.94444444444446;3.5033333333333325;4.0;14.0;0.0
0.3777777777777778;0.022222222222222216;44.76666666666668;39.833333333333336;10.1;2.64;4.0;10.0;0.08888888888888886;0.0;2.1444444444444444;0.0;0.9666666666666665;1.7566666666666668;4.0;10.0;0.6333333333333333;0.2222222222222222;3.111111111111111;7.211111111111112;4.455555555555556;1.928333333333333;4.0;11.0;0.3777777777777777;0.0;2.2444444444444445;0.2333333333333333;1.188888888888889;1.8833333333333335;4.0;11.0;0.4555555555555555;0.0;3.233333333333333;0.6333333333333333;2.0555555555555554;1.8949999999999998;4.0;12.0;0.4444444444444444;0.0;2.6555555555555554;2.422222222222222;3.922222222222222;1.9516666666666669;4.0;12.0;2.7222222222222228;0.8555555555555555;9.6;5.699999999999999;215.0333333333333;5.753333333333333;4.0;13.0;2.9666666666666663;0.0;6.188888888888887;88.67777777777776;385.37777777777774;4.293333333333333;4.0;13.0;2.1444444444444444;0.0;7.411111111111111;11.866666666666665;243.94444444444446;3.5033333333333325;4.0;14.0;1.0;0.0;6.911111111111111;0.7444444444444445;2.8666666666666667;2.6533333333333333;4.0;14.0;0.0
0.08888888888888886;0.0;2.1444444444444444;0.0;0.9666666666666665;1.7566666666666668;4.0;10.0;0.6333333333333333;0.2222222222222222;3.111111111111111;7.211111111111112;4.455555555555556;1.928333333333333;4.0;11.0;0.3777777777777777;0.0;2.2444444444444445;0.2333333333333333;1.188888888888889;1.8833333333333335;4.0;11.0;0.4555555555555555;0.0;3.233333333333333;0.6333333333333333;2.0555555555555554;1.8949999999999998;4.0;12.0;0.4444444444444444;0.0;2.6555555555555554;2.422222222222222;3.922222222222222;1.9516666666666669;4.0;12.0;2.7222222222222228;0.8555555555555555;9.6;5.699999999999999;215.0333333333333;5.753333333333333;4.0;13.0;2.9666666666666663;0.0;6.188888888888887;88.67777777777776;385.37777777777774;4.293333333333333;4.0;13.0;2.1444444444444444;0.0;7.411111111111111;11.866666666666665;243.94444444444446;3.5033333333333325;4.0;14.0;1.0;0.0;6.911111111111111;0.7444444444444445;2.8666666666666667;2.6533333333333333;4.0;14.0;2.338888888888889;246.64444444444447;1079.0717171717174;0.25757575757575757;1.9525252525252526;78.44666666666666;4.0;15.0;0.0
0.6333333333333333;0.2222222222222222;3.111111111111111;7.211111111111112;4.455555555555556;1.928333333333333;4.0;11.0;0.3777777777777777;0.0;2.2444444444444445;0.2333333333333333;1.188888888888889;1.8833333333333335;4.0;11.0;0.4555555555555555;0.0;3.233333333333333;0.6333333333333333;2.0555555555555554;1.8949999999999998;4.0;12.0;0.4444444444444444;0.0;2.6555555555555554;2.422222222222222;3.922222222222222;1.9516666666666669;4.0;12.0;2.7222222222222228;0.8555555555555555;9.6;5.699999999999999;215.0333333333333;5.753333333333333;4.0;13.0;2.9666666666666663;0.0;6.188888888888887;88.67777777777776;385.37777777777774;4.293333333333333;4.0;13.0;2.1444444444444444;0.0;7.411111111111111;11.866666666666665;243.94444444444446;3.5033333333333325;4.0;14.0;1.0;0.0;6.911111111111111;0.7444444444444445;2.8666666666666667;2.6533333333333333;4.0;14.0;2.338888888888889;246.64444444444447;1079.0717171717174;0.25757575757575757;1.9525252525252526;78.44666666666666;4.0;15.0;0.19999999999999998;0.5777777777777778;1.5222222222222221;1.0;0.8888888888888888;6.178333333333332;4.0;15.0;0.0
0.3777777777777777;0.0;2.2444444444444445;0.2333333333333333;1.188888888888889;1.8833333333333335;4.0;11.0;0.4555555555555555;0.0;3.233333333333333;0.6333333333333333;2.0555555555555554;1.8949999999999998;4.0;12.0;0.4444444444444444;0.0;2.6555555555555554;2.422222222222222;3.922222222222222;1.9516666666666669;4.0;12.0;2.7222222222222228;0.8555555555555555;9.6;5.699999999999999;215.0333333333333;5.753333333333333;4.0;13.0;2.9666666666666663;0.0;6.188888888888887;88.67777777777776;385.37777777777774;4.293333333333333;4.0;13.0;2.1444444444444444;0.0;7.411111111111111;11.866666666666665;243.94444444444446;3.5033333333333325;4.0;14.0;1.0;0.0;6.911111111111111;0.7444444444444445;2.8666666666666667;2.6533333333333333;4.0;14.0;2.338888888888889;246.64444444444447;1079.0717171717174;0.25757575757575757;1.9525252525252526;78.44666666666666;4.0;15.0;0.19999999999999998;0.5777777777777778;1.5222222222222221;1.0;0.8888888888888888;6.178333333333332;4.0;15.0;0.5111111111111111;15.588888888888889;3.1333333333333333;1.222222222222222;5.066666666666666;12.57;4.0;16.0;0.0
0.4555555555555555;0.0;3.233333333333333;0.6333333333333333;2.0555555555555554;1.8949999999999998;4.0;12.0;0.4444444444444444;0.0;2.6555555555555554;2.422222222222222;3.922222222222222;1.9516666666666669;4.0;12.0;2.7222222222222228;0.8555555555555555;9.6;5.699999999999999;215.0333333333333;5.753333333333333;4.0;13.0;2.9666666666666663;0.0;6.188888888888887;88.67777777777776;385.37777777777774;4.293333333333333;4.0;13.0;2.1444444444444444;0.0;7.411111111111111;11.866666666666665;243.94444444444446;3.5033333333333325;4.0;14.0;1.0;0.0;6.911111111111111;0.7444444444444445;2.8666666666666667;2.6533333333333333;4.0;14.0;2.338888888888889;246.64444444444447;1079.0717171717174;0.25757575757575757;1.9525252525252526;78.44666666666666;4.0;15.0;0.19999999999999998;0.5777777777777778;1.5222222222222221;1.0;0.8888888888888888;6.178333333333332;4.0;15.0;0.5111111111111111;15.588888888888889;3.1333333333333333;1.222222222222222;5.066666666666666;12.57;4.0;16.0;1.0;0.04444444444444443;7.155555555555555;5.588888888888889;7.188888888888889;9.718333333333334;4.0;16.0;0.0
0.4444444444444444;0.0;2.6555555555555554;2.422222222222222;3.922222222222222;1.9516666666666669;4.0;12.0;2.7222222222222228;0.8555555555555555;9.6;5.699999999999999;215.0333333333333;5.753333333333333;4.0;13.0;2.9666666666666663;0.0;6.188888888888887;88.67777777777776;385.37777777777774;4.293333333333333;4.0;13.0;2.1444444444444444;0.0;7.411111111111111;11.866666666666665;243.94444444444446;3.5033333333333325;4.0;14.0;1.0;0.0;6.911111111111111;0.7444444444444445;2.8666666666666667;2.6533333333333333;4.0;14.0;2.338888888888889;246.64444444444447;1079.0717171717174;0.25757575757575757;1.9525252525252526;78.44666666666666;4.0;15.0;0.19999999999999998;0.5777777777777778;1.5222222222222221;1.0;0.8888888888888888;6.178333333333332;4.0;15.0;0.5111111111111111;15.588888888888889;3.1333333333333333;1.222222222222222;5.066666666666666;12.57;4.0;16.0;1.0;0.04444444444444443;7.155555555555555;5.588888888888889;7.188888888888889;9.718333333333334;4.0;16.0;1.1444444444444446;0.0;9.144444444444444;46.144444444444446;51.21111111111111;8.776666666666666;4.0;17.0;0.0
2.7222222222222228;0.8555555555555555;9.6;5.699999999999999;215.0333333333333;5.753333333333333;4.0;13.0;2.9666666666666663;0.0;6.188888888888887;88.67777777777776;385.37777777777774;4.293333333333333;4.0;13.0;2.1444444444444444;0.0;7.411111111111111;11.866666666666665;243.94444444444446;3.5033333333333325;4.0;14.0;1.0;0.0;6.911111111111111;0.7444444444444445;2.8666666666666667;2.6533333333333333;4.0;14.0;2.338888888888889;246.64444444444447;1079.0717171717174;0.25757575757575757;1.9525252525252526;78.44666666666666;4.0;15.0;0.19999999999999998;0.5777777777777778;1.5222222222222221;1.0;0.8888888888888888;6.178333333333332;4.0;15.0;0.5111111111111111;15.588888888888889;3.1333333333333333;1.222222222222222;5.066666666666666;12.57;4.0;16.0;1.0;0.04444444444444443;7.155555555555555;5.588888888888889;7.188888888888889;9.718333333333334;4.0;16.0;1.1444444444444446;0.0;9.144444444444444;46.144444444444446;51.21111111111111;8.776666666666666;4.0;17.0;2.6555555555555554;87.44444444444444;13.9;148.0666666666667;155.3111111111111;15.081666666666669;4.0;17.0;0.0
2.9666666666666663;0.0;6.188888888888887;88.67777777777776;385.37777777777774;4.293333333333333;4.0;13.0;2.1444444444444444;0.0;7.411111111111111;11.866666666666665;243.94444444444446;3.5033333333333325;4.0;14.0;1.0;0.0;6.911111111111111;0.7444444444444445;2.8666666666666667;2.6533333333333333;4.0;14.0;2.338888888888889;246.64444444444447;1079.0717171717174;0.25757575757575757;1.9525252525252526;78.44666666666666;4.0;15.0;0.19999999999999998;0.5777777777777778;1.5222222222222221;1.0;0.8888888888888888;6.178333333333332;4.0;15.0;0.5111111111111111;15.588888888888889;3.1333333333333333;1.222222222222222;5.066666666666666;12.57;4.0;16.0;1.0;0.04444444444444443;7.155555555555555;5.588888888888889;7.188888888888889;9.718333333333334;4.0;16.0;1.1444444444444446;0.0;9.144444444444444;46.144444444444446;51.21111111111111;8.776666666666666;4.0;17.0;2.6555555555555554;87.44444444444444;13.9;148.0666666666667;155.3111111111111;15.081666666666669;4.0;17.0;1.9444444444444446;0.0;12.111111111111109;135.36666666666665;142.73333333333332;7.826666666666667;4.0;18.0;0.0
2.1444444444444444;0.0;7.411111111111111;11.866666666666665;243.94444444444446;3.5033333333333325;4.0;14.0;1.0;0.0;6.911111111111111;0.7444444444444445;2.8666666666666667;2.6533333333333333;4.0;14.0;2.338888888888889;246.64444444444447;1079.0717171717174;0.25757575757575757;1.9525252525252526;78.44666666666666;4.0;15.0;0.19999999999999998;0.5777777777777778;1.5222222222222221;1.0;0.8888888888888888;6.178333333333332;4.0;15.0;0.5111111111111111;15.588888888888889;3.1333333333333333;1.222222222222222;5.066666666666666;12.57;4.0;16.0;1.0;0.04444444444444443;7.155555555555555;5.588888888888889;7.188888888888889;9.718333333333334;4.0;16.0;1.1444444444444446;0.0;9.144444444444444;46.144444444444446;51.21111111111111;8.776666666666666;4.0;17.0;2.6555555555555554;87.44444444444444;13.9;148.0666666666667;155.3111111111111;15.081666666666669;4.0;17.0;1.9444444444444446;0.0;12.111111111111109;135.36666666666665;142.73333333333332;7.826666666666667;4.0;18.0;1.6666666666666667;0.04444444444444443;10.1;88.94444444444446;94.60000000000002;6.538333333333334;4.0;18.0;0.0
1.0;0.0;6.911111111111111;0.7444444444444445;2.8666666666666667;2.6533333333333333;4.0;14.0;2.338888888888889;246.64444444444447;1079.0717171717174;0.25757575757575757;1.9525252525252526;78.44666666666666;4.0;15.0;0.19999999999999998;0.5777777777777778;1.5222222222222221;1.0;0.8888888888888888;6.178333333333332;4.0;15.0;0.5111111111111111;15.588888888888889;3.1333333333333333;1.222222222222222;5.066666666666666;12.57;4.0;16.0;1.0;0.04444444444444443;7.155555555555555;5.588888888888889;7.188888888888889;9.718333333333334;4.0;16.0;1.1444444444444446;0.0;9.144444444444444;46.144444444444446;51.21111111111111;8.776666666666666;4.0;17.0;2.6555555555555554;87.44444444444444;13.9;148.0666666666667;155.3111111111111;15.081666666666669;4.0;17.0;1.9444444444444446;0.0;12.111111111111109;135.36666666666665;142.73333333333332;7.826666666666667;4.0;18.0;1.6666666666666667;0.04444444444444443;10.1;88.94444444444446;94.60000000000002;6.538333333333334;4.0;18.0;1.0;0.0;7.955555555555556;1.0;2.233333333333333;7.033333333333334;4.0;19.0;0.0
2.338888888888889;246.64444444444447;1079.0717171717174;0.25757575757575757;1.9525252525252526;78.44666666666666;4.0;15.0;0.19999999999999998;0.5777777777777778;1.5222222222222221;1.0;0.8888888888888888;6.178333333333332;4.0;15.0;0.5111111111111111;15.588888888888889;3.1333333333333333;1.222222222222222;5.066666666666666;12.57;4.0;16.0;1.0;0.04444444444444443;7.155555555555555;5.588888888888889;7.188888888888889;9.718333333333334;4.0;16.0;1.1444444444444446;0.0;9.144444444444444;46.144444444444446;51.21111111111111;8.776666666666666;4.0;17.0;2.6555555555555554;87.44444444444444;13.9;148.0666666666667;155.3111111111111;15.081666666666669;4.0;17.0;1.9444444444444446;0.0;12.111111111111109;135.36666666666665;142.73333333333332;7.826666666666667;4.0;18.0;1.6666666666666667;0.04444444444444443;10.1;88.94444444444446;94.60000000000002;6.538333333333334;4.0;18.0;1.0;0.0;7.955555555555556;1.0;2.233333333333333;7.033333333333334;4.0;19.0;1.0;0.0;6.9111111111111105;1.0;2.222222222222222;4.316666666666666;4.0;19.0;0.0
0.19999999999999998;0.5777777777777778;1.5222222222222221;1.0;0.8888888888888888;6.178333333333332;4.0;15.0;0.5111111111111111;15.588888888888889;3.1333333333333333;1.222222222222222;5.066666666666666;12.57;4.0;16.0;1.0;0.04444444444444443;7.155555555555555;5.588888888888889;7.188888888888889;9.718333333333334;4.0;16.0;1.1444444444444446;0.0;9.144444444444444;46.144444444444446;51.21111111111111;8.776666666666666;4.0;17.0;2.6555555555555554;87.44444444444444;13.9;148.0666666666667;155.3111111111111;15.081666666666669;4.0;17.0;1.9444444444444446;0.0;12.111111111111109;135.36666666666665;142.73333333333332;7.826666666666667;4.0;18.0;1.6666666666666667;0.04444444444444443;10.1;88.94444444444446;94.60000000000002;6.538333333333334;4.0;18.0;1.0;0.0;7.955555555555556;1.0;2.233333333333333;7.033333333333334;4.0;19.0;1.0;0.0;6.9111111111111105;1.0;2.222222222222222;4.316666666666666;4.0;19.0;1.0;0.0;7.933333333333334;1.011111111111111;2.222222222222222;7.114999999999999;4.0;20.0;0.0
0.5111111111111111;15.588888888888889;3.1333333333333333;1.222222222222222;5.066666666666666;12.57;4.0;16.0;1.0;0.04444444444444443;7.155555555555555;5.588888888888889;7.188888888888889;9.718333333333334;4.0;16.0;1.1444444444444446;0.0;9.144444444444444;46.144444444444446;51.21111111111111;8.776666666666666;4.0;17.0;2.6555555555555554;87.44444444444444;13.9;148.0666666666667;155.3111111111111;15.081666666666669;4.0;17.0;1.9444444444444446;0.0;12.111111111111109;135.36666666666665;142.73333333333332;7.826666666666667;4.0;18.0;1.6666666666666667;0.04444444444444443;10.1;88.94444444444446;94.60000000000002;6.538333333333334;4.0;18.0;1.0;0.0;7.955555555555556;1.0;2.233333333333333;7.033333333333334;4.0;19.0;1.0;0.0;6.9111111111111105;1.0;2.222222222222222;4.316666666666666;4.0;19.0;1.0;0.0;7.933333333333334;1.011111111111111;2.222222222222222;7.114999999999999;4.0;20.0;3.277777777777778;0.04444444444444443;15.533333333333331;345.3;359.9111111111111;6.1433333333333335;4.0;20.0;0.0
1.0;0.04444444444444443;7.155555555555555;5.588888888888889;7.188888888888889;9.718333333333334;4.0;16.0;1.1444444444444446;0.0;9.144444444444444;46.144444444444446;51.21111111111111;8.776666666666666;4.0;17.0;2.6555555555555554;87.44444444444444;13.9;148.0666666666667;155.3111111111111;15.081666666666669;4.0;17.0;1.9444444444444446;0.0;12.111111111111109;135.36666666666665;142.73333333333332;7.826666666666667;4.0;18.0;1.6666666666666667;0.04444444444444443;10.1;88.94444444444446;94.60000000000002;6.538333333333334;4.0;18.0;1.0;0.0;7.955555555555556;1.0;2.233333333333333;7.033333333333334;4.0;19.0;1.0;0.0;6.9111111111111105;1.0;2.222222222222222;4.316666666666666;4.0;19.0;1.0;0.0;7.933333333333334;1.011111111111111;2.222222222222222;7.114999999999999;4.0;20.0;3.277777777777778;0.04444444444444443;15.533333333333331;345.3;359.9111111111111;6.1433333333333335;4.0;20.0;4.7444444444444445;0.0;21.566666666666666;518.8333333333334;540.7333333333333;8.76;4.0;21.0;0.0
1.1444444444444446;0.0;9.144444444444444;46.144444444444446;51.21111111111111;8.776666666666666;4.0;17.0;2.6555555555555554;87.44444444444444;13.9;148.0666666666667;155.3111111111111;15.081666666666669;4.0;17.0;1.9444444444444446;0.0;12.111111111111109;135.36666666666665;142.73333333333332;7.826666666666667;4.0;18.0;1.6666666666666667;0.04444444444444443;10.1;88.94444444444446;94.60000000000002;6.538333333333334;4.0;18.0;1.0;0.0;7.955555555555556;1.0;2.233333333333333;7.033333333333334;4.0;19.0;1.0;0.0;6.9111111111111105;1.0;2.222222222222222;4.316666666666666;4.0;19.0;1.0;0.0;7.933333333333334;1.011111111111111;2.222222222222222;7.114999999999999;4.0;20.0;3.277777777777778;0.04444444444444443;15.533333333333331;345.3;359.9111111111111;6.1433333333333335;4.0;20.0;4.7444444444444445;0.0;21.566666666666666;518.8333333333334;540.7333333333333;8.76;4.0;21.0;4.611111111111112;0.0;20.38888888888889;530.2111111111111;551.8888888888889;7.073333333333334;4.0;21.0;0.0
2.6555555555555554;87.44444444444444;13.9;148.0666666666667;155.3111111111111;15.081666666666669;4.0;17.0;1.9444444444444446;0.0;12.111111111111109;135.36666666666665;142.73333333333332;7.826666666666667;4.0;18.0;1.6666666666666667;0.04444444444444443;10.1;88.94444444444446;94.60000000000002;6.538333333333334;4.0;18.0;1.0;0.0;7.955555555555556;1.0;2.233333333333333;7.033333333333334;4.0;19.0;1.0;0.0;6.9111111111111105;1.0;2.222222222222222;4.316666666666666;4.0;19.0;1.0;0.0;7.933333333333334;1.011111111111111;2.222222222222222;7.114999999999999;4.0;20.0;3.277777777777778;0.04444444444444443;15.533333333333331;345.3;359.9111111111111;6.1433333333333335;4.0;20.0;4.7444444444444445;0.0;21.566666666666666;518.8333333333334;540.7333333333333;8.76;4.0;21.0;4.611111111111112;0.0;20.38888888888889;530.2111111111111;551.8888888888889;7.073333333333334;4.0;21.0;4.644444444444445;0.0;20.899999999999995;533.5777777777778;555.5888888888888;8.055;4.0;22.0;0.0
1.9444444444444446;0.0;12.111111111111109;135.36666666666665;142.73333333333332;7.826666666666667;4.0;18.0;1.6666666666666667;0.04444444444444443;10.1;88.94444444444446;94.60000000000002;6.538333333333334;4.0;18.0;1.0;0.0;7.955555555555556;1.0;2.233333333333333;7.033333333333334;4.0;19.0;1.0;0.0;6.9111111111111105;1.0;2.222222222222222;4.316666666666666;4.0;19.0;1.0;0.0;7.933333333333334;1.011111111111111;2.222222222222222;7.114999999999999;4.0;20.0;3.277777777777778;0.04444444444444443;15.533333333333331;345.3;359.9111111111111;6.1433333333333335;4.0;20.0;4.7444444444444445;0.0;21.566666666666666;518.8333333333334;540.7333333333333;8.76;4.0;21.0;4.611111111111112;0.0;20.38888888888889;530.2111111111111;551.8888888888889;7.073333333333334;4.0;21.0;4.644444444444445;0.0;20.899999999999995;533.5777777777778;555.5888888888888;8.055;4.0;22.0;2.3555555555555556;0.022222222222222216;11.6;183.64444444444442;191.74444444444444;7.726666666666667;4.0;22.0;0.0
1.6666666666666667;0.04444444444444443;10.1;88.94444444444446;94.60000000000002;6.538333333333334;4.0;18.0;1.0;0.0;7.955555555555556;1.0;2.233333333333333;7.033333333333334;4.0;19.0;1.0;0.0;6.9111111111111105;1.0;2.222222222222222;4.316666666666666;4.0;19.0;1.0;0.0;7.933333333333334;1.011111111111111;2.222222222222222;7.114999999999999;4.0;20.0;3.277777777777778;0.04444444444444443;15.533333333333331;345.3;359.9111111111111;6.1433333333333335;4.0;20.0;4.7444444444444445;0.0;21.566666666666666;518.8333333333334;540.7333333333333;8.76;4.0;21.0;4.611111111111112;0.0;20.38888888888889;530.2111111111111;551.8888888888889;7.073333333333334;4.0;21.0;4.644444444444445;0.0;20.899999999999995;533.5777777777778;555.5888888888888;8.055;4.0;22.0;2.3555555555555556;0.022222222222222216;11.6;183.64444444444442;191.74444444444444;7.726666666666667;4.0;22.0;1.0;0.022222222222222216;8.066666666666666;1.0;2.2777777777777772;9.516666666666666;4.0;23.0;0.0
1.0;0.0;7.955555555555556;1.0;2.233333333333333;7.033333333333334;4.0;19.0;1.0;0.0;6.9111111111111105;1.0;2.222222222222222;4.316666666666666;4.0;19.0;1.0;0.0;7.933333333333334;1.011111111111111;2.222222222222222;7.114999999999999;4.0;20.0;3.277777777777778;0.04444444444444443;15.533333333333331;345.3;359.9111111111111;6.1433333333333335;4.0;20.0;4.7444444444444445;0.0;21.566666666666666;518.8333333333334;540.7333333333333;8.76;4.0;21.0;4.611111111111112;0.0;20.38888888888889;530.2111111111111;551.8888888888889;7.073333333333334;4.0;21.0;4.644444444444445;0.0;20.899999999999995;533.5777777777778;555.5888888888888;8.055;4.0;22.0;2.3555555555555556;0.022222222222222216;11.6;183.64444444444442;191.74444444444444;7.726666666666667;4.0;22.0;1.0;0.022222222222222216;8.066666666666666;1.0;2.2777777777777772;9.516666666666666;4.0;23.0;3.844444444444445;0.0;16.477777777777778;384.5666666666666;404.3333333333333;9.971666666666668;4.0;23.0;1.0
1.0;0.0;6.9111111111111105;1.0;2.222222222222222;4.316666666666666;4.0;19.0;1.0;0.0;7.933333333333334;1.011111111111111;2.222222222222222;7.114999999999999;4.0;20.0;3.277777777777778;0.04444444444444443;15.533333333333331;345.3;359.9111111111111;6.1433333333333335;4.0;20.0;4.7444444444444445;0.0;21.566666666666666;518.8333333333334;540.7333333333333;8.76;4.0;21.0;4.611111111111112;0.0;20.38888888888889;530.2111111111111;551.8888888888889;7.073333333333334;4.0;21.0;4.644444444444445;0.0;20.899999999999995;533.5777777777778;555.5888888888888;8.055;4.0;22.0;2.3555555555555556;0.022222222222222216;11.6;183.64444444444442;191.74444444444444;7.726666666666667;4.0;22.0;1.0;0.022222222222222216;8.066666666666666;1.0;2.2777777777777772;9.516666666666666;4.0;23.0;3.844444444444445;0.0;16.477777777777778;384.5666666666666;404.3333333333333;9.971666666666668;4.0;23.0;11.611111111111112;0.0;40.25555555555555;1259.2777777777776;1303.0444444444445;11.331666666666665;5.0;0.0;0.0
1.0;0.0;7.933333333333334;1.011111111111111;2.222222222222222;7.114999999999999;4.0;20.0;3.277777777777778;0.04444444444444443;15.533333333333331;345.3;359.9111111111111;6.1433333333333335;4.0;20.0;4.7444444444444445;0.0;21.566666666666666;518.8333333333334;540.7333333333333;8.76;4.0;21.0;4.611111111111112;0.0;20.38888888888889;530.2111111111111;551.8888888888889;7.073333333333334;4.0;21.0;4.644444444444445;0.0;20.899999999999995;533.5777777777778;555.5888888888888;8.055;4.0;22.0;2.3555555555555556;0.022222222222222216;11.6;183.64444444444442;191.74444444444444;7.726666666666667;4.0;22.0;1.0;0.022222222222222216;8.066666666666666;1.0;2.2777777777777772;9.516666666666666;4.0;23.0;3.844444444444445;0.0;16.477777777777778;384.5666666666666;404.3333333333333;9.971666666666668;4.0;23.0;11.611111111111112;0.0;40.25555555555555;1259.2777777777776;1303.0444444444445;11.331666666666665;5.0;0.0;6.51111111111111;0.0;26.64285714285714;795.0555555555557;829.6555555555557;5.903333333333333;5.0;0.0;0.0
3.277777777777778;0.04444444444444443;15.533333333333331;345.3;359.9111111111111;6.1433333333333335;4.0;20.0;4.7444444444444445;0.0;21.566666666666666;518.8333333333334;540.7333333333333;8.76;4.0;21.0;4.611111111111112;0.0;20.38888888888889;530.2111111111111;551.8888888888889;7.073333333333334;4.0;21.0;4.644444444444445;0.0;20.899999999999995;533.5777777777778;555.5888888888888;8.055;4.0;22.0;2.3555555555555556;0.022222222222222216;11.6;183.64444444444442;191.74444444444444;7.726666666666667;4.0;22.0;1.0;0.022222222222222216;8.066666666666666;1.0;2.2777777777777772;9.516666666666666;4.0;23.0;3.844444444444445;0.0;16.477777777777778;384.5666666666666;404.3333333333333;9.971666666666668;4.0;23.0;11.611111111111112;0.0;40.25555555555555;1259.2777777777776;1303.0444444444445;11.331666666666665;5.0;0.0;6.51111111111111;0.0;26.64285714285714;795.0555555555557;829.6555555555557;5.903333333333333;5.0;0.0;5.977777777777778;0.0;24.900000000000002;683.0666666666667;716.2444444444444;9.853333333333332;5.0;1.0;1.0
4.7444444444444445;0.0;21.566666666666666;518.8333333333334;540.7333333333333;8.76;4.0;21.0;4.611111111111112;0.0;20.38888888888889;530.2111111111111;551.8888888888889;7.073333333333334;4.0;21.0;4.644444444444445;0.0;20.899999999999995;533.5777777777778;555.5888888888888;8.055;4.0;22.0;2.3555555555555556;0.022222222222222216;11.6;183.64444444444442;191.74444444444444;7.726666666666667;4.0;22.0;1.0;0.022222222222222216;8.066666666666666;1.0;2.2777777777777772;9.516666666666666;4.0;23.0;3.844444444444445;0.0;16.477777777777778;384.5666666666666;404.3333333333333;9.971666666666668;4.0;23.0;11.611111111111112;0.0;40.25555555555555;1259.2777777777776;1303.0444444444445;11.331666666666665;5.0;0.0;6.51111111111111;0.0;26.64285714285714;795.0555555555557;829.6555555555557;5.903333333333333;5.0;0.0;5.977777777777778;0.0;24.900000000000002;683.0666666666667;716.2444444444444;9.853333333333332;5.0;1.0;11.444444444444445;0.0;39.29999999999999;1273.8333333333337;1323.8111111111111;9.018333333333333;5.0;1.0;1.0
4.611111111111112;0.0;20.38888888888889;530.2111111111111;551.8888888888889;7.073333333333334;4.0;21.0;4.644444444444445;0.0;20.899999999999995;533.5777777777778;555.5888888888888;8.055;4.0;22.0;2.3555555555555556;0.022222222222222216;11.6;183.64444444444442;191.74444444444444;7.726666666666667;4.0;22.0;1.0;0.022222222222222216;8.066666666666666;1.0;2.2777777777777772;9.516666666666666;4.0;23.0;3.844444444444445;0.0;16.477777777777778;384.5666666666666;404.3333333333333;9.971666666666668;4.0;23.0;11.611111111111112;0.0;40.25555555555555;1259.2777777777776;1303.0444444444445;11.331666666666665;5.0;0.0;6.51111111111111;0.0;26.64285714285714;795.0555555555557;829.6555555555557;5.903333333333333;5.0;0.0;5.977777777777778;0.0;24.900000000000002;683.0666666666667;716.2444444444444;9.853333333333332;5.0;1.0;11.444444444444445;0.0;39.29999999999999;1273.8333333333337;1323.8111111111111;9.018333333333333;5.0;1.0;11.466666666666669;0.0;39.74444444444444;1269.9222222222222;1319.711111111111;9.17;5.0;2.0;1.0
4.644444444444445;0.0;20.899999999999995;533.5777777777778;555.5888888888888;8.055;4.0;22.0;2.3555555555555556;0.022222222222222216;11.6;183.64444444444442;191.74444444444444;7.726666666666667;4.0;22.0;1.0;0.022222222222222216;8.066666666666666;1.0;2.2777777777777772;9.516666666666666;4.0;23.0;3.844444444444445;0.0;16.477777777777778;384.5666666666666;404.3333333333333;9.971666666666668;4.0;23.0;11.611111111111112;0.0;40.25555555555555;1259.2777777777776;1303.0444444444445;11.331666666666665;5.0;0.0;6.51111111111111;0.0;26.64285714285714;795.0555555555557;829.6555555555557;5.903333333333333;5.0;0.0;5.977777777777778;0.0;24.900000000000002;683.0666666666667;716.2444444444444;9.853333333333332;5.0;1.0;11.444444444444445;0.0;39.29999999999999;1273.8333333333337;1323.8111111111111;9.018333333333333;5.0;1.0;11.466666666666669;0.0;39.74444444444444;1269.9222222222222;1319.711111111111;9.17;5.0;2.0;11.433333333333335;0.08888888888888889;38.82222222222223;1264.7444444444443;1314.1666666666667;8.27;5.0;2.0;0.0
2.3555555555555556;0.022222222222222216;11.6;183.64444444444442;191.74444444444444;7.726666666666667;4.0;22.0;1.0;0.022222222222222216;8.066666666666666;1.0;2.2777777777777772;9.516666666666666;4.0;23.0;3.844444444444445;0.0;16.477777777777778;384.5666666666666;404.3333333333333;9.971666666666668;4.0;23.0;11.611111111111112;0.0;40.25555555555555;1259.2777777777776;1303.0444444444445;11.331666666666665;5.0;0.0;6.51111111111111;0.0;26.64285714285714;795.0555555555557;829.6555555555557;5.903333333333333;5.0;0.0;5.977777777777778;0.0;24.900000000000002;683.0666666666667;716.2444444444444;9.853333333333332;5.0;1.0;11.444444444444445;0.0;39.29999999999999;1273.8333333333337;1323.8111111111111;9.018333333333333;5.0;1.0;11.466666666666669;0.0;39.74444444444444;1269.9222222222222;1319.711111111111;9.17;5.0;2.0;11.433333333333335;0.08888888888888889;38.82222222222223;1264.7444444444443;1314.1666666666667;8.27;5.0;2.0;5.322222222222222;18.777777777777782;52.12222222222221;381.06666666666666;399.5111111111112;14.435;5.0;3.0;0.0
1.0;0.022222222222222216;8.066666666666666;1.0;2.2777777777777772;9.516666666666666;4.0;23.0;3.844444444444445;0.0;16.477777777777778;384.5666666666666;404.3333333333333;9.971666666666668;4.0;23.0;11.611111111111112;0.0;40.25555555555555;1259.2777777777776;1303.0444444444445;11.331666666666665;5.0;0.0;6.51111111111111;0.0;26.64285714285714;795.0555555555557;829.6555555555557;5.903333333333333;5.0;0.0;5.977777777777778;0.0;24.900000000000002;683.0666666666667;716.2444444444444;9.853333333333332;5.0;1.0;11.444444444444445;0.0;39.29999999999999;1273.8333333333337;1323.8111111111111;9.018333333333333;5.0;1.0;11.466666666666669;0.0;39.74444444444444;1269.9222222222222;1319.711111111111;9.17;5.0;2.0;11.433333333333335;0.08888888888888889;38.82222222222223;1264.7444444444443;1314.1666666666667;8.27;5.0;2.0;5.322222222222222;18.777777777777782;52.12222222222221;381.06666666666666;399.5111111111112;14.435;5.0;3.0;1.0;0.0;7.2;1.0;2.3333333333333326;5.546666666666667;5.0;3.0;0.0
3.844444444444445;0.0;16.477777777777778;384.5666666666666;404.3333333333333;9.971666666666668;4.0;23.0;11.611111111111112;0.0;40.25555555555555;1259.2777777777776;1303.0444444444445;11.331666666666665;5.0;0.0;6.51111111111111;0.0;26.64285714285714;795.0555555555557;829.6555555555557;5.903333333333333;5.0;0.0;5.977777777777778;0.0;24.900000000000002;683.0666666666667;716.2444444444444;9.853333333333332;5.0;1.0;11.444444444444445;0.0;39.29999999999999;1273.8333333333337;1323.8111111111111;9.018333333333333;5.0;1.0;11.466666666666669;0.0;39.74444444444444;1269.9222222222222;1319.711111111111;9.17;5.0;2.0;11.433333333333335;0.08888888888888889;38.82222222222223;1264.7444444444443;1314.1666666666667;8.27;5.0;2.0;5.322222222222222;18.777777777777782;52.12222222222221;381.06666666666666;399.5111111111112;14.435;5.0;3.0;1.0;0.0;7.2;1.0;2.3333333333333326;5.546666666666667;5.0;3.0;1.0333333333333334;0.0;8.233333333333333;1.011111111111111;2.3444444444444437;6.455000000000001;5.0;4.0;0.0
11.611111111111112;0.0;40.25555555555555;1259.2777777777776;1303.0444444444445;11.331666666666665;5.0;0.0;6.51111111111111;0.0;26.64285714285714;795.0555555555557;829.6555555555557;5.903333333333333;5.0;0.0;5.977777777777778;0.0;24.900000000000002;683.0666666666667;716.2444444444444;9.853333333333332;5.0;1.0;11.444444444444445;0.0;39.29999999999999;1273.8333333333337;1323.8111111111111;9.018333333333333;5.0;1.0;11.466666666666669;0.0;39.74444444444444;1269.9222222222222;1319.711111111111;9.17;5.0;2.0;11.433333333333335;0.08888888888888889;38.82222222222223;1264.7444444444443;1314.1666666666667;8.27;5.0;2.0;5.322222222222222;18.777777777777782;52.12222222222221;381.06666666666666;399.5111111111112;14.435;5.0;3.0;1.0;0.0;7.2;1.0;2.3333333333333326;5.546666666666667;5.0;3.0;1.0333333333333334;0.0;8.233333333333333;1.011111111111111;2.3444444444444437;6.455000000000001;5.0;4.0;1.0;0.0;7.333333333333333;1.0;2.3666666666666667;8.348333333333334;5.0;4.0;0.0
6.51111111111111;0.0;26.64285714285714;795.0555555555557;829.6555555555557;5.903333333333333;5.0;0.0;5.977777777777778;0.0;24.900000000000002;683.0666666666667;716.2444444444444;9.853333333333332;5.0;1.0;11.444444444444445;0.0;39.29999999999999;1273.8333333333337;1323.8111111111111;9.018333333333333;5.0;1.0;11.466666666666669;0.0;39.74444444444444;1269.9222222222222;1319.711111111111;9.17;5.0;2.0;11.433333333333335;0.08888888888888889;38.82222222222223;1264.7444444444443;1314.1666666666667;8.27;5.0;2.0;5.322222222222222;18.777777777777782;52.12222222222221;381.06666666666666;399.5111111111112;14.435;5.0;3.0;1.0;0.0;7.2;1.0;2.3333333333333326;5.546666666666667;5.0;3.0;1.0333333333333334;0.0;8.233333333333333;1.011111111111111;2.3444444444444437;6.455000000000001;5.0;4.0;1.0;0.0;7.333333333333333;1.0;2.3666666666666667;8.348333333333334;5.0;4.0;1.0222222222222221;0.0;8.311111111111112;1.0;2.3444444444444437;7.493333333333333;5.0;5.0;0.0
5.977777777777778;0.0;24.900000000000002;683.0666666666667;716.2444444444444;9.853333333333332;5.0;1.0;11.444444444444445;0.0;39.29999999999999;1273.8333333333337;1323.8111111111111;9.018333333333333;5.0;1.0;11.466666666666669;0.0;39.74444444444444;1269.9222222222222;1319.711111111111;9.17;5.0;2.0;11.433333333333335;0.08888888888888889;38.82222222222223;1264.7444444444443;1314.1666666666667;8.27;5.0;2.0;5.322222222222222;18.777777777777782;52.12222222222221;381.06666666666666;399.5111111111112;14.435;5.0;3.0;1.0;0.0;7.2;1.0;2.3333333333333326;5.546666666666667;5.0;3.0;1.0333333333333334;0.0;8.233333333333333;1.011111111111111;2.3444444444444437;6.455000000000001;5.0;4.0;1.0;0.0;7.333333333333333;1.0;2.3666666666666667;8.348333333333334;5.0;4.0;1.0222222222222221;0.0;8.311111111111112;1.0;2.3444444444444437;7.493333333333333;5.0;5.0;1.0;0.0;7.3;1.0;2.3444444444444446;5.833333333333333;5.0;5.0;0.0
11.444444444444445;0.0;39.29999999999999;1273.8333333333337;1323.8111111111111;9.018333333333333;5.0;1.0;11.466666666666669;0.0;39.74444444444444;1269.9222222222222;1319.711111111111;9.17;5.0;2.0;11.433333333333335;0.08888888888888889;38.82222222222223;1264.7444444444443;1314.1666666666667;8.27;5.0;2.0;5.322222222222222;18.777777777777782;52.12222222222221;381.06666666666666;399.5111111111112;14.435;5.0;3.0;1.0;0.0;7.2;1.0;2.3333333333333326;5.546666666666667;5.0;3.0;1.0333333333333334;0.0;8.233333333333333;1.011111111111111;2.3444444444444437;6.455000000000001;5.0;4.0;1.0;0.0;7.333333333333333;1.0;2.3666666666666667;8.348333333333334;5.0;4.0;1.0222222222222221;0.0;8.311111111111112;1.0;2.3444444444444437;7.493333333333333;5.0;5.0;1.0;0.0;7.3;1.0;2.3444444444444446;5.833333333333333;5.0;5.0;1.0222222222222221;0.0;8.233333333333333;1.0;2.3444444444444437;6.09;5.0;6.0;0.0
11.466666666666669;0.0;39.74444444444444;1269.9222222222222;1319.711111111111;9.17;5.0;2.0;11.433333333333335;0.08888888888888889;38.82222222222223;1264.7444444444443;1314.1666666666667;8.27;5.0;2.0;5.322222222222222;18.777777777777782;52.12222222222221;381.06666666666666;399.5111111111112;14.435;5.0;3.0;1.0;0.0;7.2;1.0;2.3333333333333326;5.546666666666667;5.0;3.0;1.0333333333333334;0.0;8.233333333333333;1.011111111111111;2.3444444444444437;6.455000000000001;5.0;4.0;1.0;0.0;7.333333333333333;1.0;2.3666666666666667;8.348333333333334;5.0;4.0;1.0222222222222221;0.0;8.311111111111112;1.0;2.3444444444444437;7.493333333333333;5.0;5.0;1.0;0.0;7.3;1.0;2.3444444444444446;5.833333333333333;5.0;5.0;1.0222222222222221;0.0;8.233333333333333;1.0;2.3444444444444437;6.09;5.0;6.0;1.0;0.0;7.4111111111111105;1.0;2.3333333333333326;7.7250000000000005;5.0;6.0;0.0
11.433333333333335;0.08888888888888889;38.82222222222223;1264.7444444444443;1314.1666666666667;8.27;5.0;2.0;5.322222222222222;18.777777777777782;52.12222222222221;381.06666666666666;399.5111111111112;14.435;5.0;3.0;1.0;0.0;7.2;1.0;2.3333333333333326;5.546666666666667;5.0;3.0;1.0333333333333334;0.0;8.233333333333333;1.011111111111111;2.3444444444444437;6.455000000000001;5.0;4.0;1.0;0.0;7.333333333333333;1.0;2.3666666666666667;8.348333333333334;5.0;4.0;1.0222222222222221;0.0;8.311111111111112;1.0;2.3444444444444437;7.493333333333333;5.0;5.0;1.0;0.0;7.3;1.0;2.3444444444444446;5.833333333333333;5.0;5.0;1.0222222222222221;0.0;8.233333333333333;1.0;2.3444444444444437;6.09;5.0;6.0;1.0;0.0;7.4111111111111105;1.0;2.3333333333333326;7.7250000000000005;5.0;6.0;1.0333333333333334;0.0;8.466666666666667;1.0;2.3444444444444437;7.88;5.0;7.0;0.0
5.322222222222222;18.777777777777782;52.12222222222221;381.06666666666666;399.5111111111112;14.435;5.0;3.0;1.0;0.0;7.2;1.0;2.3333333333333326;5.546666666666667;5.0;3.0;1.0333333333333334;0.0;8.233333333333333;1.011111111111111;2.3444444444444437;6.455000000000001;5.0;4.0;1.0;0.0;7.333333333333333;1.0;2.3666666666666667;8.348333333333334;5.0;4.0;1.0222222222222221;0.0;8.311111111111112;1.0;2.3444444444444437;7.493333333333333;5.0;5.0;1.0;0.0;7.3;1.0;2.3444444444444446;5.833333333333333;5.0;5.0;1.0222222222222221;0.0;8.233333333333333;1.0;2.3444444444444437;6.09;5.0;6.0;1.0;0.0;7.4111111111111105;1.0;2.3333333333333326;7.7250000000000005;5.0;6.0;1.0333333333333334;0.0;8.466666666666667;1.0;2.3444444444444437;7.88;5.0;7.0;1.0;0.0;7.3;1.0;2.3444444444444437;7.234999999999999;5.0;7.0;0.0
1.0;0.0;7.2;1.0;2.3333333333333326;5.546666666666667;5.0;3.0;1.0333333333333334;0.0;8.233333333333333;1.011111111111111;2.3444444444444437;6.455000000000001;5.0;4.0;1.0;0.0;7.333333333333333;1.0;2.3666666666666667;8.348333333333334;5.0;4.0;1.0222222222222221;0.0;8.311111111111112;1.0;2.3444444444444437;7.493333333333333;5.0;5.0;1.0;0.0;7.3;1.0;2.3444444444444446;5.833333333333333;5.0;5.0;1.0222222222222221;0.0;8.233333333333333;1.0;2.3444444444444437;6.09;5.0;6.0;1.0;0.0;7.4111111111111105;1.0;2.3333333333333326;7.7250000000000005;5.0;6.0;1.0333333333333334;0.0;8.466666666666667;1.0;2.3444444444444437;7.88;5.0;7.0;1.0;0.0;7.3;1.0;2.3444444444444437;7.234999999999999;5.0;7.0;1.0333333333333334;0.0;8.3;1.0;2.3666666666666667;6.718333333333334;5.0;8.0;0.0
1.0333333333333334;0.0;8.233333333333333;1.011111111111111;2.3444444444444437;6.455000000000001;5.0;4.0;1.0;0.0;7.333333333333333;1.0;2.3666666666666667;8.348333333333334;5.0;4.0;1.0222222222222221;0.0;8.311111111111112;1.0;2.3444444444444437;7.493333333333333;5.0;5.0;1.0;0.0;7.3;1.0;2.3444444444444446;5.833333333333333;5.0;5.0;1.0222222222222221;0.0;8.233333333333333;1.0;2.3444444444444437;6.09;5.0;6.0;1.0;0.0;7.4111111111111105;1.0;2.3333333333333326;7.7250000000000005;5.0;6.0;1.0333333333333334;0.0;8.466666666666667;1.0;2.3444444444444437;7.88;5.0;7.0;1.0;0.0;7.3;1.0;2.3444444444444437;7.234999999999999;5.0;7.0;1.0333333333333334;0.0;8.3;1.0;2.3666666666666667;6.718333333333334;5.0;8.0;1.0;0.0;6.866666666666667;1.0;2.3555555555555556;8.296666666666667;5.0;8.0;0.0
1.0;0.0;7.333333333333333;1.0;2.3666666666666667;8.348333333333334;5.0;4.0;1.0222222222222221;0.0;8.311111111111112;1.0;2.3444444444444437;7.493333333333333;5.0;5.0;1.0;0.0;7.3;1.0;2.3444444444444446;5.833333333333333;5.0;5.0;1.0222222222222221;0.0;8.233333333333333;1.0;2.3444444444444437;6.09;5.0;6.0;1.0;0.0;7.4111111111111105;1.0;2.3333333333333326;7.7250000000000005;5.0;6.0;1.0333333333333334;0.0;8.466666666666667;1.0;2.3444444444444437;7.88;5.0;7.0;1.0;0.0;7.3;1.0;2.3444444444444437;7.234999999999999;5.0;7.0;1.0333333333333334;0.0;8.3;1.0;2.3666666666666667;6.718333333333334;5.0;8.0;1.0;0.0;6.866666666666667;1.0;2.3555555555555556;8.296666666666667;5.0;8.0;1.0333333333333334;0.0;8.022222222222222;1.0;2.3555555555555556;6.56;5.0;9.0;0.0
1.0222222222222221;0.0;8.311111111111112;1.0;2.3444444444444437;7.493333333333333;5.0;5.0;1.0;0.0;7.3;1.0;2.3444444444444446;5.833333333333333;5.0;5.0;1.0222222222222221;0.0;8.233333333333333;1.0;2.3444444444444437;6.09;5.0;6.0;1.0;0.0;7.4111111111111105;1.0;2.3333333333333326;7.7250000000000005;5.0;6.0;1.0333333333333334;0.0;8.466666666666667;1.0;2.3444444444444437;7.88;5.0;7.0;1.0;0.0;7.3;1.0;2.3444444444444437;7.234999999999999;5.0;7.0;1.0333333333333334;0.0;8.3;1.0;2.3666666666666667;6.718333333333334;5.0;8.0;1.0;0.0;6.866666666666667;1.0;2.3555555555555556;8.296666666666667;5.0;8.0;1.0333333333333334;0.0;8.022222222222222;1.0;2.3555555555555556;6.56;5.0;9.0;1.0;0.0;6.988888888888888;1.1222222222222225;2.788888888888889;7.5200000000000005;5.0;9.0;0.0
1.0;0.0;7.3;1.0;2.3444444444444446;5.833333333333333;5.0;5.0;1.0222222222222221;0.0;8.233333333333333;1.0;2.3444444444444437;6.09;5.0;6.0;1.0;0.0;7.4111111111111105;1.0;2.3333333333333326;7.7250000000000005;5.0;6.0;1.0333333333333334;0.0;8.466666666666667;1.0;2.3444444444444437;7.88;5.0;7.0;1.0;0.0;7.3;1.0;2.3444444444444437;7.234999999999999;5.0;7.0;1.0333333333333334;0.0;8.3;1.0;2.3666666666666667;6.718333333333334;5.0;8.0;1.0;0.0;6.866666666666667;1.0;2.3555555555555556;8.296666666666667;5.0;8.0;1.0333333333333334;0.0;8.022222222222222;1.0;2.3555555555555556;6.56;5.0;9.0;1.0;0.0;6.988888888888888;1.1222222222222225;2.788888888888889;7.5200000000000005;5.0;9.0;1.0333333333333334;0.0;7.711111111111111;1.011111111111111;2.322222222222222;8.063333333333333;5.0;10.0;0.0
1.0222222222222221;0.0;8.233333333333333;1.0;2.3444444444444437;6.09;5.0;6.0;1.0;0.0;7.4111111111111105;1.0;2.3333333333333326;7.7250000000000005;5.0;6.0;1.0333333333333334;0.0;8.466666666666667;1.0;2.3444444444444437;7.88;5.0;7.0;1.0;0.0;7.3;1.0;2.3444444444444437;7.234999999999999;5.0;7.0;1.0333333333333334;0.0;8.3;1.0;2.3666666666666667;6.718333333333334;5.0;8.0;1.0;0.0;6.866666666666667;1.0;2.3555555555555556;8.296666666666667;5.0;8.0;1.0333333333333334;0.0;8.022222222222222;1.0;2.3555555555555556;6.56;5.0;9.0;1.0;0.0;6.988888888888888;1.1222222222222225;2.788888888888889;7.5200000000000005;5.0;9.0;1.0333333333333334;0.0;7.711111111111111;1.011111111111111;2.322222222222222;8.063333333333333;5.0;10.0;2.211111111111111;1.0555555555555556;9.71111111111111;166.37777777777777;192.6;6.816666666666666;5.0;10.0;1.0
1.0;0.0;7.4111111111111105;1.0;2.3333333333333326;7.7250000000000005;5.0;6.0;1.0333333333333334;0.0;8.466666666666667;1.0;2.3444444444444437;7.88;5.0;7.0;1.0;0.0;7.3;1.0;2.3444444444444437;7.234999999999999;5.0;7.0;1.0333333333333334;0.0;8.3;1.0;2.3666666666666667;6.718333333333334;5.0;8.0;1.0;0.0;6.866666666666667;1.0;2.3555555555555556;8.296666666666667;5.0;8.0;1.0333333333333334;0.0;8.022222222222222;1.0;2.3555555555555556;6.56;5.0;9.0;1.0;0.0;6.988888888888888;1.1222222222222225;2.788888888888889;7.5200000000000005;5.0;9.0;1.0333333333333334;0.0;7.711111111111111;1.011111111111111;2.322222222222222;8.063333333333333;5.0;10.0;2.211111111111111;1.0555555555555556;9.71111111111111;166.37777777777777;192.6;6.816666666666666;5.0;10.0;13.266666666666666;0.0;30.422222222222217;1298.9444444444443;1498.0111111111112;8.450000000000001;5.0;11.0;1.0
1.0333333333333334;0.0;8.466666666666667;1.0;2.3444444444444437;7.88;5.0;7.0;1.0;0.0;7.3;1.0;2.3444444444444437;7.234999999999999;5.0;7.0;1.0333333333333334;0.0;8.3;1.0;2.3666666666666667;6.718333333333334;5.0;8.0;1.0;0.0;6.866666666666667;1.0;2.3555555555555556;8.296666666666667;5.0;8.0;1.0333333333333334;0.0;8.022222222222222;1.0;2.3555555555555556;6.56;5.0;9.0;1.0;0.0;6.988888888888888;1.1222222222222225;2.788888888888889;7.5200000000000005;5.0;9.0;1.0333333333333334;0.0;7.711111111111111;1.011111111111111;2.322222222222222;8.063333333333333;5.0;10.0;2.211111111111111;1.0555555555555556;9.71111111111111;166.37777777777777;192.6;6.816666666666666;5.0;10.0;13.266666666666666;0.0;30.422222222222217;1298.9444444444443;1498.0111111111112;8.450000000000001;5.0;11.0;13.188888888888888;0.0;29.555555555555554;1294.6333333333334;1490.4222222222222;7.544999999999999;5.0;11.0;1.0
1.0;0.0;7.3;1.0;2.3444444444444437;7.234999999999999;5.0;7.0;1.0333333333333334;0.0;8.3;1.0;2.3666666666666667;6.718333333333334;5.0;8.0;1.0;0.0;6.866666666666667;1.0;2.3555555555555556;8.296666666666667;5.0;8.0;1.0333333333333334;0.0;8.022222222222222;1.0;2.3555555555555556;6.56;5.0;9.0;1.0;0.0;6.988888888888888;1.1222222222222225;2.788888888888889;7.5200000000000005;5.0;9.0;1.0333333333333334;0.0;7.711111111111111;1.011111111111111;2.322222222222222;8.063333333333333;5.0;10.0;2.211111111111111;1.0555555555555556;9.71111111111111;166.37777777777777;192.6;6.816666666666666;5.0;10.0;13.266666666666666;0.0;30.422222222222217;1298.9444444444443;1498.0111111111112;8.450000000000001;5.0;11.0;13.188888888888888;0.0;29.555555555555554;1294.6333333333334;1490.4222222222222;7.544999999999999;5.0;11.0;13.37777777777778;0.0;30.477777777777774;1282.8777777777777;1477.211111111111;8.321666666666667;5.0;12.0;1.0
1.0333333333333334;0.0;8.3;1.0;2.3666666666666667;6.718333333333334;5.0;8.0;1.0;0.0;6.866666666666667;1.0;2.3555555555555556;8.296666666666667;5.0;8.0;1.0333333333333334;0.0;8.022222222222222;1.0;2.3555555555555556;6.56;5.0;9.0;1.0;0.0;6.988888888888888;1.1222222222222225;2.788888888888889;7.5200000000000005;5.0;9.0;1.0333333333333334;0.0;7.711111111111111;1.011111111111111;2.322222222222222;8.063333333333333;5.0;10.0;2.211111111111111;1.0555555555555556;9.71111111111111;166.37777777777777;192.6;6.816666666666666;5.0;10.0;13.266666666666666;0.0;30.422222222222217;1298.9444444444443;1498.0111111111112;8.450000000000001;5.0;11.0;13.188888888888888;0.0;29.555555555555554;1294.6333333333334;1490.4222222222222;7.544999999999999;5.0;11.0;13.37777777777778;0.0;30.477777777777774;1282.8777777777777;1477.211111111111;8.321666666666667;5.0;12.0;13.277777777777779;0.0;29.933333333333334;1284.1666666666667;1477.5444444444445;7.723333333333333;5.0;12.0;1.0
1.0;0.0;6.866666666666667;1.0;2.3555555555555556;8.296666666666667;5.0;8.0;1.0333333333333334;0.0;8.022222222222222;1.0;2.3555555555555556;6.56;5.0;9.0;1.0;0.0;6.988888888888888;1.1222222222222225;2.788888888888889;7.5200000000000005;5.0;9.0;1.0333333333333334;0.0;7.711111111111111;1.011111111111111;2.322222222222222;8.063333333333333;5.0;10.0;2.211111111111111;1.0555555555555556;9.71111111111111;166.37777777777777;192.6;6.816666666666666;5.0;10.0;13.266666666666666;0.0;30.422222222222217;1298.9444444444443;1498.0111111111112;8.450000000000001;5.0;11.0;13.188888888888888;0.0;29.555555555555554;1294.6333333333334;1490.4222222222222;7.544999999999999;5.0;11.0;13.37777777777778;0.0;30.477777777777774;1282.8777777777777;1477.211111111111;8.321666666666667;5.0;12.0;13.277777777777779;0.0;29.933333333333334;1284.1666666666667;1477.5444444444445;7.723333333333333;5.0;12.0;13.211111111111114;0.0;30.07777777777778;1268.622222222222;1462.722222222222;7.784999999999999;5.0;13.0;1.0
1.0333333333333334;0.0;8.022222222222222;1.0;2.3555555555555556;6.56;5.0;9.0;1.0;0.0;6.988888888888888;1.1222222222222225;2.788888888888889;7.5200000000000005;5.0;9.0;1.0333333333333334;0.0;7.711111111111111;1.011111111111111;2.322222222222222;8.063333333333333;5.0;10.0;2.211111111111111;1.0555555555555556;9.71111111111111;166.37777777777777;192.6;6.816666666666666;5.0;10.0;13.266666666666666;0.0;30.422222222222217;1298.9444444444443;1498.0111111111112;8.450000000000001;5.0;11.0;13.188888888888888;0.0;29.555555555555554;1294.6333333333334;1490.4222222222222;7.544999999999999;5.0;11.0;13.37777777777778;0.0;30.477777777777774;1282.8777777777777;1477.211111111111;8.321666666666667;5.0;12.0;13.277777777777779;0.0;29.933333333333334;1284.1666666666667;1477.5444444444445;7.723333333333333;5.0;12.0;13.211111111111114;0.0;30.07777777777778;1268.622222222222;1462.722222222222;7.784999999999999;5.0;13.0;13.122222222222222;0.0;29.066666666666666;1263.6555555555558;1455.5555555555557;6.526666666666667;5.0;13.0;1.0
1.0;0.0;6.988888888888888;1.1222222222222225;2.788888888888889;7.5200000000000005;5.0;9.0;1.0333333333333334;0.0;7.711111111111111;1.011111111111111;2.322222222222222;8.063333333333333;5.0;10.0;2.211111111111111;1.0555555555555556;9.71111111111111;166.37777777777777;192.6;6.816666666666666;5.0;10.0;13.266666666666666;0.0;30.422222222222217;1298.9444444444443;1498.0111111111112;8.450000000000001;5.0;11.0;13.188888888888888;0.0;29.555555555555554;1294.6333333333334;1490.4222222222222;7.544999999999999;5.0;11.0;13.37777777777778;0.0;30.477777777777774;1282.8777777777777;1477.211111111111;8.321666666666667;5.0;12.0;13.277777777777779;0.0;29.933333333333334;1284.1666666666667;1477.5444444444445;7.723333333333333;5.0;12.0;13.211111111111114;0.0;30.07777777777778;1268.622222222222;1462.722222222222;7.784999999999999;5.0;13.0;13.122222222222222;0.0;29.066666666666666;1263.6555555555558;1455.5555555555557;6.526666666666667;5.0;13.0;13.177777777777779;0.0;29.666666666666668;1269.088888888889;1460.9777777777779;6.883333333333333;5.0;14.0;1.0
1.0333333333333334;0.0;7.711111111111111;1.011111111111111;2.322222222222222;8.063333333333333;5.0;10.0;2.211111111111111;1.0555555555555556;9.71111111111111;166.37777777777777;192.6;6.816666666666666;5.0;10.0;13.266666666666666;0.0;30.422222222222217;1298.9444444444443;1498.0111111111112;8.450000000000001;5.0;11.0;13.188888888888888;0.0;29.555555555555554;1294.6333333333334;1490.4222222222222;7.544999999999999;5.0;11.0;13.37777777777778;0.0;30.477777777777774;1282.8777777777777;1477.211111111111;8.321666666666667;5.0;12.0;13.277777777777779;0.0;29.933333333333334;1284.1666666666667;1477.5444444444445;7.723333333333333;5.0;12.0;13.211111111111114;0.0;30.07777777777778;1268.622222222222;1462.722222222222;7.784999999999999;5.0;13.0;13.122222222222222;0.0;29.066666666666666;1263.6555555555558;1455.5555555555557;6.526666666666667;5.0;13.0;13.177777777777779;0.0;29.666666666666668;1269.088888888889;1460.9777777777779;6.883333333333333;5.0;14.0;11.044444444444444;0.0;24.955555555555552;1030.6666666666665;1188.5555555555557;7.583333333333333;5.0;14.0;0.0
2.211111111111111;1.0555555555555556;9.71111111111111;166.37777777777777;192.6;6.816666666666666;5.0;10.0;13.266666666666666;0.0;30.422222222222217;1298.9444444444443;1498.0111111111112;8.450000000000001;5.0;11.0;13.188888888888888;0.0;29.555555555555554;1294.6333333333334;1490.4222222222222;7.544999999999999;5.0;11.0;13.37777777777778;0.0;30.477777777777774;1282.8777777777777;1477.211111111111;8.321666666666667;5.0;12.0;13.277777777777779;0.0;29.933333333333334;1284.1666666666667;1477.5444444444445;7.723333333333333;5.0;12.0;13.211111111111114;0.0;30.07777777777778;1268.622222222222;1462.722222222222;7.784999999999999;5.0;13.0;13.122222222222222;0.0;29.066666666666666;1263.6555555555558;1455.5555555555557;6.526666666666667;5.0;13.0;13.177777777777779;0.0;29.666666666666668;1269.088888888889;1460.9777777777779;6.883333333333333;5.0;14.0;11.044444444444444;0.0;24.955555555555552;1030.6666666666665;1188.5555555555557;7.583333333333333;5.0;14.0;1.0;0.0;7.5;1.011111111111111;2.3444444444444437;5.84;5.0;15.0;0.0
13.266666666666666;0.0;30.422222222222217;1298.9444444444443;1498.0111111111112;8.450000000000001;5.0;11.0;13.188888888888888;0.0;29.555555555555554;1294.6333333333334;1490.4222222222222;7.544999999999999;5.0;11.0;13.37777777777778;0.0;30.477777777777774;1282.8777777777777;1477.211111111111;8.321666666666667;5.0;12.0;13.277777777777779;0.0;29.933333333333334;1284.1666666666667;1477.5444444444445;7.723333333333333;5.0;12.0;13.211111111111114;0.0;30.07777777777778;1268.622222222222;1462.722222222222;7.784999999999999;5.0;13.0;13.122222222222222;0.0;29.066666666666666;1263.6555555555558;1455.5555555555557;6.526666666666667;5.0;13.0;13.177777777777779;0.0;29.666666666666668;1269.088888888889;1460.9777777777779;6.883333333333333;5.0;14.0;11.044444444444444;0.0;24.955555555555552;1030.6666666666665;1188.5555555555557;7.583333333333333;5.0;14.0;1.0;0.0;7.5;1.011111111111111;2.3444444444444437;5.84;5.0;15.0;1.0;0.0;6.622222222222223;1.0;2.3333333333333326;7.811666666666667;5.0;15.0;0.0
13.188888888888888;0.0;29.555555555555554;1294.6333333333334;1490.4222222222222;7.544999999999999;5.0;11.0;13.37777777777778;0.0;30.477777777777774;1282.8777777777777;1477.211111111111;8.321666666666667;5.0;12.0;13.277777777777779;0.0;29.933333333333334;1284.1666666666667;1477.5444444444445;7.723333333333333;5.0;12.0;13.211111111111114;0.0;30.07777777777778;1268.622222222222;1462.722222222222;7.784999999999999;5.0;13.0;13.122222222222222;0.0;29.066666666666666;1263.6555555555558;1455.5555555555557;6.526666666666667;5.0;13.0;13.177777777777779;0.0;29.666666666666668;1269.088888888889;1460.9777777777779;6.883333333333333;5.0;14.0;11.044444444444444;0.0;24.955555555555552;1030.6666666666665;1188.5555555555557;7.583333333333333;5.0;14.0;1.0;0.0;7.5;1.011111111111111;2.3444444444444437;5.84;5.0;15.0;1.0;0.0;6.622222222222223;1.0;2.3333333333333326;7.811666666666667;5.0;15.0;1.0333333333333334;0.0;7.355555555555555;1.0;2.3444444444444437;7.221666666666667;5.0;16.0;0.0
13.37777777777778;0.0;30.477777777777774;1282.8777777777777;1477.211111111111;8.321666666666667;5.0;12.0;13.277777777777779;0.0;29.933333333333334;1284.1666666666667;1477.5444444444445;7.723333333333333;5.0;12.0;13.211111111111114;0.0;30.07777777777778;1268.622222222222;1462.722222222222;7.784999999999999;5.0;13.0;13.122222222222222;0.0;29.066666666666666;1263.6555555555558;1455.5555555555557;6.526666666666667;5.0;13.0;13.177777777777779;0.0;29.666666666666668;1269.088888888889;1460.9777777777779;6.883333333333333;5.0;14.0;11.044444444444444;0.0;24.955555555555552;1030.6666666666665;1188.5555555555557;7.583333333333333;5.0;14.0;1.0;0.0;7.5;1.011111111111111;2.3444444444444437;5.84;5.0;15.0;1.0;0.0;6.622222222222223;1.0;2.3333333333333326;7.811666666666667;5.0;15.0;1.0333333333333334;0.0;7.355555555555555;1.0;2.3444444444444437;7.221666666666667;5.0;16.0;1.0;0.0;6.444444444444444;1.0;2.3444444444444446;6.805;5.0;16.0;0.0
13.277777777777779;0.0;29.933333333333334;1284.1666666666667;1477.5444444444445;7.723333333333333;5.0;12.0;13.211111111111114;0.0;30.07777777777778;1268.622222222222;1462.722222222222;7.784999999999999;5.0;13.0;13.122222222222222;0.0;29.066666666666666;1263.6555555555558;1455.5555555555557;6.526666666666667;5.0;13.0;13.177777777777779;0.0;29.666666666666668;1269.088888888889;1460.9777777777779;6.883333333333333;5.0;14.0;11.044444444444444;0.0;24.955555555555552;1030.6666666666665;1188.5555555555557;7.583333333333333;5.0;14.0;1.0;0.0;7.5;1.011111111111111;2.3444444444444437;5.84;5.0;15.0;1.0;0.0;6.622222222222223;1.0;2.3333333333333326;7.811666666666667;5.0;15.0;1.0333333333333334;0.0;7.355555555555555;1.0;2.3444444444444437;7.221666666666667;5.0;16.0;1.0;0.0;6.444444444444444;1.0;2.3444444444444446;6.805;5.0;16.0;1.0;0.0;7.722222222222222;1.011111111111111;2.3666666666666667;7.511666666666667;5.0;17.0;0.0
13.211111111111114;0.0;30.07777777777778;1268.622222222222;1462.722222222222;7.784999999999999;5.0;13.0;13.122222222222222;0.0;29.066666666666666;1263.6555555555558;1455.5555555555557;6.526666666666667;5.0;13.0;13.177777777777779;0.0;29.666666666666668;1269.088888888889;1460.9777777777779;6.883333333333333;5.0;14.0;11.044444444444444;0.0;24.955555555555552;1030.6666666666665;1188.5555555555557;7.583333333333333;5.0;14.0;1.0;0.0;7.5;1.011111111111111;2.3444444444444437;5.84;5.0;15.0;1.0;0.0;6.622222222222223;1.0;2.3333333333333326;7.811666666666667;5.0;15.0;1.0333333333333334;0.0;7.355555555555555;1.0;2.3444444444444437;7.221666666666667;5.0;16.0;1.0;0.0;6.444444444444444;1.0;2.3444444444444446;6.805;5.0;16.0;1.0;0.0;7.722222222222222;1.011111111111111;2.3666666666666667;7.511666666666667;5.0;17.0;1.0;0.0;6.677777777777777;1.0;2.3333333333333326;5.580000000000001;5.0;17.0;0.0
13.122222222222222;0.0;29.066666666666666;1263.6555555555558;1455.5555555555557;6.526666666666667;5.0;13.0;13.177777777777779;0.0;29.666666666666668;1269.088888888889;1460.9777777777779;6.883333333333333;5.0;14.0;11.044444444444444;0.0;24.955555555555552;1030.6666666666665;1188.5555555555557;7.583333333333333;5.0;14.0;1.0;0.0;7.5;1.011111111111111;2.3444444444444437;5.84;5.0;15.0;1.0;0.0;6.622222222222223;1.0;2.3333333333333326;7.811666666666667;5.0;15.0;1.0333333333333334;0.0;7.355555555555555;1.0;2.3444444444444437;7.221666666666667;5.0;16.0;1.0;0.0;6.444444444444444;1.0;2.3444444444444446;6.805;5.0;16.0;1.0;0.0;7.722222222222222;1.011111111111111;2.3666666666666667;7.511666666666667;5.0;17.0;1.0;0.0;6.677777777777777;1.0;2.3333333333333326;5.580000000000001;5.0;17.0;1.0;0.0;7.633333333333333;1.0;2.3111111111111104;7.331666666666667;5.0;18.0;0.0
13.177777777777779;0.0;29.666666666666668;1269.088888888889;1460.9777777777779;6.883333333333333;5.0;14.0;11.044444444444444;0.0;24.955555555555552;1030.6666666666665;1188.5555555555557;7.583333333333333;5.0;14.0;1.0;0.0;7.5;1.011111111111111;2.3444444444444437;5.84;5.0;15.0;1.0;0.0;6.622222222222223;1.0;2.3333333333333326;7.811666666666667;5.0;15.0;1.0333333333333334;0.0;7.355555555555555;1.0;2.3444444444444437;7.221666666666667;5.0;16.0;1.0;0.0;6.444444444444444;1.0;2.3444444444444446;6.805;5.0;16.0;1.0;0.0;7.722222222222222;1.011111111111111;2.3666666666666667;7.511666666666667;5.0;17.0;1.0;0.0;6.677777777777777;1.0;2.3333333333333326;5.580000000000001;5.0;17.0;1.0;0.0;7.633333333333333;1.0;2.3111111111111104;7.331666666666667;5.0;18.0;1.0;0.0;6.699999999999999;1.0;2.3222222222222215;7.303333333333334;5.0;18.0;0.0
11.044444444444444;0.0;24.955555555555552;1030.6666666666665;1188.5555555555557;7.583333333333333;5.0;14.0;1.0;0.0;7.5;1.011111111111111;2.3444444444444437;5.84;5.0;15.0;1.0;0.0;6.622222222222223;1.0;2.3333333333333326;7.811666666666667;5.0;15.0;1.0333333333333334;0.0;7.355555555555555;1.0;2.3444444444444437;7.221666666666667;5.0;16.0;1.0;0.0;6.444444444444444;1.0;2.3444444444444446;6.805;5.0;16.0;1.0;0.0;7.722222222222222;1.011111111111111;2.3666666666666667;7.511666666666667;5.0;17.0;1.0;0.0;6.677777777777777;1.0;2.3333333333333326;5.580000000000001;5.0;17.0;1.0;0.0;7.633333333333333;1.0;2.3111111111111104;7.331666666666667;5.0;18.0;1.0;0.0;6.699999999999999;1.0;2.3222222222222215;7.303333333333334;5.0;18.0;1.0;0.0;7.2;1.011111111111111;2.3555555555555547;7.159999999999999;5.0;19.0;0.0
1.0;0.0;7.5;1.011111111111111;2.3444444444444437;5.84;5.0;15.0;1.0;0.0;6.622222222222223;1.0;2.3333333333333326;7.811666666666667;5.0;15.0;1.0333333333333334;0.0;7.355555555555555;1.0;2.3444444444444437;7.221666666666667;5.0;16.0;1.0;0.0;6.444444444444444;1.0;2.3444444444444446;6.805;5.0;16.0;1.0;0.0;7.722222222222222;1.011111111111111;2.3666666666666667;7.511666666666667;5.0;17.0;1.0;0.0;6.677777777777777;1.0;2.3333333333333326;5.580000000000001;5.0;17.0;1.0;0.0;7.633333333333333;1.0;2.3111111111111104;7.331666666666667;5.0;18.0;1.0;0.0;6.699999999999999;1.0;2.3222222222222215;7.303333333333334;5.0;18.0;1.0;0.0;7.2;1.011111111111111;2.3555555555555547;7.159999999999999;5.0;19.0;1.0;0.0;6.544444444444445;1.0;2.3333333333333326;5.543333333333333;5.0;19.0;0.0
1.0;0.0;6.622222222222223;1.0;2.3333333333333326;7.811666666666667;5.0;15.0;1.0333333333333334;0.0;7.355555555555555;1.0;2.3444444444444437;7.221666666666667;5.0;16.0;1.0;0.0;6.444444444444444;1.0;2.3444444444444446;6.805;5.0;16.0;1.0;0.0;7.722222222222222;1.011111111111111;2.3666666666666667;7.511666666666667;5.0;17.0;1.0;0.0;6.677777777777777;1.0;2.3333333333333326;5.580000000000001;5.0;17.0;1.0;0.0;7.633333333333333;1.0;2.3111111111111104;7.331666666666667;5.0;18.0;1.0;0.0;6.699999999999999;1.0;2.3222222222222215;7.303333333333334;5.0;18.0;1.0;0.0;7.2;1.011111111111111;2.3555555555555547;7.159999999999999;5.0;19.0;1.0;0.0;6.544444444444445;1.0;2.3333333333333326;5.543333333333333;5.0;19.0;1.0;0.0;7.411111111111111;1.011111111111111;2.3111111111111104;6.156666666666667;5.0;20.0;0.0
1.0333333333333334;0.0;7.355555555555555;1.0;2.3444444444444437;7.221666666666667;5.0;16.0;1.0;0.0;6.444444444444444;1.0;2.3444444444444446;6.805;5.0;16.0;1.0;0.0;7.722222222222222;1.011111111111111;2.3666666666666667;7.511666666666667;5.0;17.0;1.0;0.0;6.677777777777777;1.0;2.3333333333333326;5.580000000000001;5.0;17.0;1.0;0.0;7.633333333333333;1.0;2.3111111111111104;7.331666666666667;5.0;18.0;1.0;0.0;6.699999999999999;1.0;2.3222222222222215;7.303333333333334;5.0;18.0;1.0;0.0;7.2;1.011111111111111;2.3555555555555547;7.159999999999999;5.0;19.0;1.0;0.0;6.544444444444445;1.0;2.3333333333333326;5.543333333333333;5.0;19.0;1.0;0.0;7.411111111111111;1.011111111111111;2.3111111111111104;6.156666666666667;5.0;20.0;1.0;0.0;6.366666666666667;1.0;2.3222222222222215;5.330000000000001;5.0;20.0;0.0
1.0;0.0;6.444444444444444;1.0;2.3444444444444446;6.805;5.0;16.0;1.0;0.0;7.722222222222222;1.011111111111111;2.3666666666666667;7.511666666666667;5.0;17.0;1.0;0.0;6.677777777777777;1.0;2.3333333333333326;5.580000000000001;5.0;17.0;1.0;0.0;7.633333333333333;1.0;2.3111111111111104;7.331666666666667;5.0;18.0;1.0;0.0;6.699999999999999;1.0;2.3222222222222215;7.303333333333334;5.0;18.0;1.0;0.0;7.2;1.011111111111111;2.3555555555555547;7.159999999999999;5.0;19.0;1.0;0.0;6.544444444444445;1.0;2.3333333333333326;5.543333333333333;5.0;19.0;1.0;0.0;7.411111111111111;1.011111111111111;2.3111111111111104;6.156666666666667;5.0;20.0;1.0;0.0;6.366666666666667;1.0;2.3222222222222215;5.330000000000001;5.0;20.0;1.0;0.0;7.277777777777778;1.011111111111111;2.2999999999999994;6.433333333333333;5.0;21.0;0.0
1.0;0.0;7.722222222222222;1.011111111111111;2.3666666666666667;7.511666666666667;5.0;17.0;1.0;0.0;6.677777777777777;1.0;2.3333333333333326;5.580000000000001;5.0;17.0;1.0;0.0;7.633333333333333;1.0;2.3111111111111104;7.331666666666667;5.0;18.0;1.0;0.0;6.699999999999999;1.0;2.3222222222222215;7.303333333333334;5.0;18.0;1.0;0.0;7.2;1.011111111111111;2.3555555555555547;7.159999999999999;5.0;19.0;1.0;0.0;6.544444444444445;1.0;2.3333333333333326;5.543333333333333;5.0;19.0;1.0;0.0;7.411111111111111;1.011111111111111;2.3111111111111104;6.156666666666667;5.0;20.0;1.0;0.0;6.366666666666667;1.0;2.3222222222222215;5.330000000000001;5.0;20.0;1.0;0.0;7.277777777777778;1.011111111111111;2.2999999999999994;6.433333333333333;5.0;21.0;1.0;0.0;6.4444444444444455;1.0;2.255555555555555;6.423333333333333;5.0;21.0;0.0
1.0;0.0;6.677777777777777;1.0;2.3333333333333326;5.580000000000001;5.0;17.0;1.0;0.0;7.633333333333333;1.0;2.3111111111111104;7.331666666666667;5.0;18.0;1.0;0.0;6.699999999999999;1.0;2.3222222222222215;7.303333333333334;5.0;18.0;1.0;0.0;7.2;1.011111111111111;2.3555555555555547;7.159999999999999;5.0;19.0;1.0;0.0;6.544444444444445;1.0;2.3333333333333326;5.543333333333333;5.0;19.0;1.0;0.0;7.411111111111111;1.011111111111111;2.3111111111111104;6.156666666666667;5.0;20.0;1.0;0.0;6.366666666666667;1.0;2.3222222222222215;5.330000000000001;5.0;20.0;1.0;0.0;7.277777777777778;1.011111111111111;2.2999999999999994;6.433333333333333;5.0;21.0;1.0;0.0;6.4444444444444455;1.0;2.255555555555555;6.423333333333333;5.0;21.0;1.0;0.0;7.466666666666668;1.011111111111111;2.266666666666666;5.346666666666667;5.0;22.0;0.0
1.0;0.0;7.633333333333333;1.0;2.3111111111111104;7.331666666666667;5.0;18.0;1.0;0.0;6.699999999999999;1.0;2.3222222222222215;7.303333333333334;5.0;18.0;1.0;0.0;7.2;1.011111111111111;2.3555555555555547;7.159999999999999;5.0;19.0;1.0;0.0;6.544444444444445;1.0;2.3333333333333326;5.543333333333333;5.0;19.0;1.0;0.0;7.411111111111111;1.011111111111111;2.3111111111111104;6.156666666666667;5.0;20.0;1.0;0.0;6.366666666666667;1.0;2.3222222222222215;5.330000000000001;5.0;20.0;1.0;0.0;7.277777777777778;1.011111111111111;2.2999999999999994;6.433333333333333;5.0;21.0;1.0;0.0;6.4444444444444455;1.0;2.255555555555555;6.423333333333333;5.0;21.0;1.0;0.0;7.466666666666668;1.011111111111111;2.266666666666666;5.346666666666667;5.0;22.0;1.0;0.0;6.822222222222222;1.0;2.266666666666666;5.261666666666667;5.0;22.0;0.0
1.0;0.0;6.699999999999999;1.0;2.3222222222222215;7.303333333333334;5.0;18.0;1.0;0.0;7.2;1.011111111111111;2.3555555555555547;7.159999999999999;5.0;19.0;1.0;0.0;6.544444444444445;1.0;2.3333333333333326;5.543333333333333;5.0;19.0;1.0;0.0;7.411111111111111;1.011111111111111;2.3111111111111104;6.156666666666667;5.0;20.0;1.0;0.0;6.366666666666667;1.0;2.3222222222222215;5.330000000000001;5.0;20.0;1.0;0.0;7.277777777777778;1.011111111111111;2.2999999999999994;6.433333333333333;5.0;21.0;1.0;0.0;6.4444444444444455;1.0;2.255555555555555;6.423333333333333;5.0;21.0;1.0;0.0;7.466666666666668;1.011111111111111;2.266666666666666;5.346666666666667;5.0;22.0;1.0;0.0;6.822222222222222;1.0;2.266666666666666;5.261666666666667;5.0;22.0;1.0222222222222221;0.0;7.677777777777778;1.011111111111111;2.222222222222222;5.760000000000001;5.0;23.0;0.0
1.0;0.0;7.2;1.011111111111111;2.3555555555555547;7.159999999999999;5.0;19.0;1.0;0.0;6.544444444444445;1.0;2.3333333333333326;5.543333333333333;5.0;19.0;1.0;0.0;7.411111111111111;1.011111111111111;2.3111111111111104;6.156666666666667;5.0;20.0;1.0;0.0;6.366666666666667;1.0;2.3222222222222215;5.330000000000001;5.0;20.0;1.0;0.0;7.277777777777778;1.011111111111111;2.2999999999999994;6.433333333333333;5.0;21.0;1.0;0.0;6.4444444444444455;1.0;2.255555555555555;6.423333333333333;5.0;21.0;1.0;0.0;7.466666666666668;1.011111111111111;2.266666666666666;5.346666666666667;5.0;22.0;1.0;0.0;6.822222222222222;1.0;2.266666666666666;5.261666666666667;5.0;22.0;1.0222222222222221;0.0;7.677777777777778;1.011111111111111;2.222222222222222;5.760000000000001;5.0;23.0;1.0;0.0;6.48888888888889;1.0;2.233333333333333;5.281666666666667;5.0;23.0;0.0
1.0;0.0;6.544444444444445;1.0;2.3333333333333326;5.543333333333333;5.0;19.0;1.0;0.0;7.411111111111111;1.011111111111111;2.3111111111111104;6.156666666666667;5.0;20.0;1.0;0.0;6.366666666666667;1.0;2.3222222222222215;5.330000000000001;5.0;20.0;1.0;0.0;7.277777777777778;1.011111111111111;2.2999999999999994;6.433333333333333;5.0;21.0;1.0;0.0;6.4444444444444455;1.0;2.255555555555555;6.423333333333333;5.0;21.0;1.0;0.0;7.466666666666668;1.011111111111111;2.266666666666666;5.346666666666667;5.0;22.0;1.0;0.0;6.822222222222222;1.0;2.266666666666666;5.261666666666667;5.0;22.0;1.0222222222222221;0.0;7.677777777777778;1.011111111111111;2.222222222222222;5.760000000000001;5.0;23.0;1.0;0.0;6.48888888888889;1.0;2.233333333333333;5.281666666666667;5.0;23.0;1.0;0.0;7.422222222222222;1.011111111111111;2.233333333333333;5.430000000000001;6.0;0.0;0.0
1.0;0.0;7.411111111111111;1.011111111111111;2.3111111111111104;6.156666666666667;5.0;20.0;1.0;0.0;6.366666666666667;1.0;2.3222222222222215;5.330000000000001;5.0;20.0;1.0;0.0;7.277777777777778;1.011111111111111;2.2999999999999994;6.433333333333333;5.0;21.0;1.0;0.0;6.4444444444444455;1.0;2.255555555555555;6.423333333333333;5.0;21.0;1.0;0.0;7.466666666666668;1.011111111111111;2.266666666666666;5.346666666666667;5.0;22.0;1.0;0.0;6.822222222222222;1.0;2.266666666666666;5.261666666666667;5.0;22.0;1.0222222222222221;0.0;7.677777777777778;1.011111111111111;2.222222222222222;5.760000000000001;5.0;23.0;1.0;0.0;6.48888888888889;1.0;2.233333333333333;5.281666666666667;5.0;23.0;1.0;0.0;7.422222222222222;1.011111111111111;2.233333333333333;5.430000000000001;6.0;0.0;1.0333333333333334;0.0;6.635897435897436;1.0;2.266666666666666;4.513333333333334;6.0;0.0;0.0
1.0;0.0;6.366666666666667;1.0;2.3222222222222215;5.330000000000001;5.0;20.0;1.0;0.0;7.277777777777778;1.011111111111111;2.2999999999999994;6.433333333333333;5.0;21.0;1.0;0.0;6.4444444444444455;1.0;2.255555555555555;6.423333333333333;5.0;21.0;1.0;0.0;7.466666666666668;1.011111111111111;2.266666666666666;5.346666666666667;5.0;22.0;1.0;0.0;6.822222222222222;1.0;2.266666666666666;5.261666666666667;5.0;22.0;1.0222222222222221;0.0;7.677777777777778;1.011111111111111;2.222222222222222;5.760000000000001;5.0;23.0;1.0;0.0;6.48888888888889;1.0;2.233333333333333;5.281666666666667;5.0;23.0;1.0;0.0;7.422222222222222;1.011111111111111;2.233333333333333;5.430000000000001;6.0;0.0;1.0333333333333334;0.0;6.635897435897436;1.0;2.266666666666666;4.513333333333334;6.0;0.0;1.0;0.0;7.400000000000001;1.011111111111111;2.233333333333333;6.4750000000000005;6.0;1.0;0.0
1.0;0.0;7.277777777777778;1.011111111111111;2.2999999999999994;6.433333333333333;5.0;21.0;1.0;0.0;6.4444444444444455;1.0;2.255555555555555;6.423333333333333;5.0;21.0;1.0;0.0;7.466666666666668;1.011111111111111;2.266666666666666;5.346666666666667;5.0;22.0;1.0;0.0;6.822222222222222;1.0;2.266666666666666;5.261666666666667;5.0;22.0;1.0222222222222221;0.0;7.677777777777778;1.011111111111111;2.222222222222222;5.760000000000001;5.0;23.0;1.0;0.0;6.48888888888889;1.0;2.233333333333333;5.281666666666667;5.0;23.0;1.0;0.0;7.422222222222222;1.011111111111111;2.233333333333333;5.430000000000001;6.0;0.0;1.0333333333333334;0.0;6.635897435897436;1.0;2.266666666666666;4.513333333333334;6.0;0.0;1.0;0.0;7.400000000000001;1.011111111111111;2.233333333333333;6.4750000000000005;6.0;1.0;1.0;0.0;6.5;1.0;2.244444444444444;5.848333333333334;6.0;1.0;0.0
1.0;0.0;6.4444444444444455;1.0;2.255555555555555;6.423333333333333;5.0;21.0;1.0;0.0;7.466666666666668;1.011111111111111;2.266666666666666;5.346666666666667;5.0;22.0;1.0;0.0;6.822222222222222;1.0;2.266666666666666;5.261666666666667;5.0;22.0;1.0222222222222221;0.0;7.677777777777778;1.011111111111111;2.222222222222222;5.760000000000001;5.0;23.0;1.0;0.0;6.48888888888889;1.0;2.233333333333333;5.281666666666667;5.0;23.0;1.0;0.0;7.422222222222222;1.011111111111111;2.233333333333333;5.430000000000001;6.0;0.0;1.0333333333333334;0.0;6.635897435897436;1.0;2.266666666666666;4.513333333333334;6.0;0.0;1.0;0.0;7.400000000000001;1.011111111111111;2.233333333333333;6.4750000000000005;6.0;1.0;1.0;0.0;6.5;1.0;2.244444444444444;5.848333333333334;6.0;1.0;1.7;0.0;48.31111111111111;5.333333333333333;2.3666666666666667;8.950000000000001;6.0;2.0;0.0
1.0;0.0;7.466666666666668;1.011111111111111;2.266666666666666;5.346666666666667;5.0;22.0;1.0;0.0;6.822222222222222;1.0;2.266666666666666;5.261666666666667;5.0;22.0;1.0222222222222221;0.0;7.677777777777778;1.011111111111111;2.222222222222222;5.760000000000001;5.0;23.0;1.0;0.0;6.48888888888889;1.0;2.233333333333333;5.281666666666667;5.0;23.0;1.0;0.0;7.422222222222222;1.011111111111111;2.233333333333333;5.430000000000001;6.0;0.0;1.0333333333333334;0.0;6.635897435897436;1.0;2.266666666666666;4.513333333333334;6.0;0.0;1.0;0.0;7.400000000000001;1.011111111111111;2.233333333333333;6.4750000000000005;6.0;1.0;1.0;0.0;6.5;1.0;2.244444444444444;5.848333333333334;6.0;1.0;1.7;0.0;48.31111111111111;5.333333333333333;2.3666666666666667;8.950000000000001;6.0;2.0;1.0;0.0;6.777777777777778;1.0;2.1333333333333333;2.5083333333333333;6.0;2.0;0.0
1.0;0.0;6.822222222222222;1.0;2.266666666666666;5.261666666666667;5.0;22.0;1.0222222222222221;0.0;7.677777777777778;1.011111111111111;2.222222222222222;5.760000000000001;5.0;23.0;1.0;0.0;6.48888888888889;1.0;2.233333333333333;5.281666666666667;5.0;23.0;1.0;0.0;7.422222222222222;1.011111111111111;2.233333333333333;5.430000000000001;6.0;0.0;1.0333333333333334;0.0;6.635897435897436;1.0;2.266666666666666;4.513333333333334;6.0;0.0;1.0;0.0;7.400000000000001;1.011111111111111;2.233333333333333;6.4750000000000005;6.0;1.0;1.0;0.0;6.5;1.0;2.244444444444444;5.848333333333334;6.0;1.0;1.7;0.0;48.31111111111111;5.333333333333333;2.3666666666666667;8.950000000000001;6.0;2.0;1.0;0.0;6.777777777777778;1.0;2.1333333333333333;2.5083333333333333;6.0;2.0;1.0;0.0;7.111111111111111;1.011111111111111;2.111111111111111;3.123333333333333;6.0;3.0;0.0
1.0222222222222221;0.0;7.677777777777778;1.011111111111111;2.222222222222222;5.760000000000001;5.0;23.0;1.0;0.0;6.48888888888889;1.0;2.233333333333333;5.281666666666667;5.0;23.0;1.0;0.0;7.422222222222222;1.011111111111111;2.233333333333333;5.430000000000001;6.0;0.0;1.0333333333333334;0.0;6.635897435897436;1.0;2.266666666666666;4.513333333333334;6.0;0.0;1.0;0.0;7.400000000000001;1.011111111111111;2.233333333333333;6.4750000000000005;6.0;1.0;1.0;0.0;6.5;1.0;2.244444444444444;5.848333333333334;6.0;1.0;1.7;0.0;48.31111111111111;5.333333333333333;2.3666666666666667;8.950000000000001;6.0;2.0;1.0;0.0;6.777777777777778;1.0;2.1333333333333333;2.5083333333333333;6.0;2.0;1.0;0.0;7.111111111111111;1.011111111111111;2.111111111111111;3.123333333333333;6.0;3.0;1.0;0.0;6.455555555555556;1.0;2.088888888888889;2.9099999999999997;6.0;3.0;0.0
1.0;0.0;6.48888888888889;1.0;2.233333333333333;5.281666666666667;5.0;23.0;1.0;0.0;7.422222222222222;1.011111111111111;2.233333333333333;5.430000000000001;6.0;0.0;1.0333333333333334;0.0;6.635897435897436;1.0;2.266666666666666;4.513333333333334;6.0;0.0;1.0;0.0;7.400000000000001;1.011111111111111;2.233333333333333;6.4750000000000005;6.0;1.0;1.0;0.0;6.5;1.0;2.244444444444444;5.848333333333334;6.0;1.0;1.7;0.0;48.31111111111111;5.333333333333333;2.3666666666666667;8.950000000000001;6.0;2.0;1.0;0.0;6.777777777777778;1.0;2.1333333333333333;2.5083333333333333;6.0;2.0;1.0;0.0;7.111111111111111;1.011111111111111;2.111111111111111;3.123333333333333;6.0;3.0;1.0;0.0;6.455555555555556;1.0;2.088888888888889;2.9099999999999997;6.0;3.0;1.0;0.0;7.655555555555556;1.0;2.088888888888889;2.61;6.0;4.0;0.0
1.0;0.0;7.422222222222222;1.011111111111111;2.233333333333333;5.430000000000001;6.0;0.0;1.0333333333333334;0.0;6.635897435897436;1.0;2.266666666666666;4.513333333333334;6.0;0.0;1.0;0.0;7.400000000000001;1.011111111111111;2.233333333333333;6.4750000000000005;6.0;1.0;1.0;0.0;6.5;1.0;2.244444444444444;5.848333333333334;6.0;1.0;1.7;0.0;48.31111111111111;5.333333333333333;2.3666666666666667;8.950000000000001;6.0;2.0;1.0;0.0;6.777777777777778;1.0;2.1333333333333333;2.5083333333333333;6.0;2.0;1.0;0.0;7.111111111111111;1.011111111111111;2.111111111111111;3.123333333333333;6.0;3.0;1.0;0.0;6.455555555555556;1.0;2.088888888888889;2.9099999999999997;6.0;3.0;1.0;0.0;7.655555555555556;1.0;2.088888888888889;2.61;6.0;4.0;1.0;0.0;6.48888888888889;1.0;2.0555555555555554;3.03;6.0;4.0;0.0
1.0333333333333334;0.0;6.635897435897436;1.0;2.266666666666666;4.513333333333334;6.0;0.0;1.0;0.0;7.400000000000001;1.011111111111111;2.233333333333333;6.4750000000000005;6.0;1.0;1.0;0.0;6.5;1.0;2.244444444444444;5.848333333333334;6.0;1.0;1.7;0.0;48.31111111111111;5.333333333333333;2.3666666666666667;8.950000000000001;6.0;2.0;1.0;0.0;6.777777777777778;1.0;2.1333333333333333;2.5083333333333333;6.0;2.0;1.0;0.0;7.111111111111111;1.011111111111111;2.111111111111111;3.123333333333333;6.0;3.0;1.0;0.0;6.455555555555556;1.0;2.088888888888889;2.9099999999999997;6.0;3.0;1.0;0.0;7.655555555555556;1.0;2.088888888888889;2.61;6.0;4.0;1.0;0.0;6.48888888888889;1.0;2.0555555555555554;3.03;6.0;4.0;1.0;0.0;7.466666666666668;1.0;2.077777777777778;3.6950000000000003;6.0;5.0;0.0
1.0;0.0;7.400000000000001;1.011111111111111;2.233333333333333;6.4750000000000005;6.0;1.0;1.0;0.0;6.5;1.0;2.244444444444444;5.848333333333334;6.0;1.0;1.7;0.0;48.31111111111111;5.333333333333333;2.3666666666666667;8.950000000000001;6.0;2.0;1.0;0.0;6.777777777777778;1.0;2.1333333333333333;2.5083333333333333;6.0;2.0;1.0;0.0;7.111111111111111;1.011111111111111;2.111111111111111;3.123333333333333;6.0;3.0;1.0;0.0;6.455555555555556;1.0;2.088888888888889;2.9099999999999997;6.0;3.0;1.0;0.0;7.655555555555556;1.0;2.088888888888889;2.61;6.0;4.0;1.0;0.0;6.48888888888889;1.0;2.0555555555555554;3.03;6.0;4.0;1.0;0.0;7.466666666666668;1.0;2.077777777777778;3.6950000000000003;6.0;5.0;1.0;0.0;6.388888888888889;1.0;2.088888888888889;3.0483333333333333;6.0;5.0;0.0
1.0;0.0;6.5;1.0;2.244444444444444;5.848333333333334;6.0;1.0;1.7;0.0;48.31111111111111;5.333333333333333;2.3666666666666667;8.950000000000001;6.0;2.0;1.0;0.0;6.777777777777778;1.0;2.1333333333333333;2.5083333333333333;6.0;2.0;1.0;0.0;7.111111111111111;1.011111111111111;2.111111111111111;3.123333333333333;6.0;3.0;1.0;0.0;6.455555555555556;1.0;2.088888888888889;2.9099999999999997;6.0;3.0;1.0;0.0;7.655555555555556;1.0;2.088888888888889;2.61;6.0;4.0;1.0;0.0;6.48888888888889;1.0;2.0555555555555554;3.03;6.0;4.0;1.0;0.0;7.466666666666668;1.0;2.077777777777778;3.6950000000000003;6.0;5.0;1.0;0.0;6.388888888888889;1.0;2.088888888888889;3.0483333333333333;6.0;5.0;1.0;0.0;7.433333333333334;1.011111111111111;2.0444444444444443;3.2049999999999996;6.0;6.0;0.0
1.7;0.0;48.31111111111111;5.333333333333333;2.3666666666666667;8.950000000000001;6.0;2.0;1.0;0.0;6.777777777777778;1.0;2.1333333333333333;2.5083333333333333;6.0;2.0;1.0;0.0;7.111111111111111;1.011111111111111;2.111111111111111;3.123333333333333;6.0;3.0;1.0;0.0;6.455555555555556;1.0;2.088888888888889;2.9099999999999997;6.0;3.0;1.0;0.0;7.655555555555556;1.0;2.088888888888889;2.61;6.0;4.0;1.0;0.0;6.48888888888889;1.0;2.0555555555555554;3.03;6.0;4.0;1.0;0.0;7.466666666666668;1.0;2.077777777777778;3.6950000000000003;6.0;5.0;1.0;0.0;6.388888888888889;1.0;2.088888888888889;3.0483333333333333;6.0;5.0;1.0;0.0;7.433333333333334;1.011111111111111;2.0444444444444443;3.2049999999999996;6.0;6.0;1.0;0.0;6.51111111111111;1.0;2.088888888888889;3.8216666666666668;6.0;6.0;0.0
1.0;0.0;6.777777777777778;1.0;2.1333333333333333;2.5083333333333333;6.0;2.0;1.0;0.0;7.111111111111111;1.011111111111111;2.111111111111111;3.123333333333333;6.0;3.0;1.0;0.0;6.455555555555556;1.0;2.088888888888889;2.9099999999999997;6.0;3.0;1.0;0.0;7.655555555555556;1.0;2.088888888888889;2.61;6.0;4.0;1.0;0.0;6.48888888888889;1.0;2.0555555555555554;3.03;6.0;4.0;1.0;0.0;7.466666666666668;1.0;2.077777777777778;3.6950000000000003;6.0;5.0;1.0;0.0;6.388888888888889;1.0;2.088888888888889;3.0483333333333333;6.0;5.0;1.0;0.0;7.433333333333334;1.011111111111111;2.0444444444444443;3.2049999999999996;6.0;6.0;1.0;0.0;6.51111111111111;1.0;2.088888888888889;3.8216666666666668;6.0;6.0;1.0;0.0;7.688888888888889;1.011111111111111;2.1333333333333333;3.0500000000000003;6.0;7.0;0.0
1.0;0.0;7.111111111111111;1.011111111111111;2.111111111111111;3.123333333333333;6.0;3.0;1.0;0.0;6.455555555555556;1.0;2.088888888888889;2.9099999999999997;6.0;3.0;1.0;0.0;7.655555555555556;1.0;2.088888888888889;2.61;6.0;4.0;1.0;0.0;6.48888888888889;1.0;2.0555555555555554;3.03;6.0;4.0;1.0;0.0;7.466666666666668;1.0;2.077777777777778;3.6950000000000003;6.0;5.0;1.0;0.0;6.388888888888889;1.0;2.088888888888889;3.0483333333333333;6.0;5.0;1.0;0.0;7.433333333333334;1.011111111111111;2.0444444444444443;3.2049999999999996;6.0;6.0;1.0;0.0;6.51111111111111;1.0;2.088888888888889;3.8216666666666668;6.0;6.0;1.0;0.0;7.688888888888889;1.011111111111111;2.1333333333333333;3.0500000000000003;6.0;7.0;1.0;0.0;6.5555555555555545;1.0;2.0666666666666664;3.31;6.0;7.0;0.0
1.0;0.0;6.455555555555556;1.0;2.088888888888889;2.9099999999999997;6.0;3.0;1.0;0.0;7.655555555555556;1.0;2.088888888888889;2.61;6.0;4.0;1.0;0.0;6.48888888888889;1.0;2.0555555555555554;3.03;6.0;4.0;1.0;0.0;7.466666666666668;1.0;2.077777777777778;3.6950000000000003;6.0;5.0;1.0;0.0;6.388888888888889;1.0;2.088888888888889;3.0483333333333333;6.0;5.0;1.0;0.0;7.433333333333334;1.011111111111111;2.0444444444444443;3.2049999999999996;6.0;6.0;1.0;0.0;6.51111111111111;1.0;2.088888888888889;3.8216666666666668;6.0;6.0;1.0;0.0;7.688888888888889;1.011111111111111;2.1333333333333333;3.0500000000000003;6.0;7.0;1.0;0.0;6.5555555555555545;1.0;2.0666666666666664;3.31;6.0;7.0;1.0;0.0;8.155555555555555;0.7111111111111109;2.111111111111111;3.7466666666666666;6.0;8.0;0.0
1.0;0.0;7.655555555555556;1.0;2.088888888888889;2.61;6.0;4.0;1.0;0.0;6.48888888888889;1.0;2.0555555555555554;3.03;6.0;4.0;1.0;0.0;7.466666666666668;1.0;2.077777777777778;3.6950000000000003;6.0;5.0;1.0;0.0;6.388888888888889;1.0;2.088888888888889;3.0483333333333333;6.0;5.0;1.0;0.0;7.433333333333334;1.011111111111111;2.0444444444444443;3.2049999999999996;6.0;6.0;1.0;0.0;6.51111111111111;1.0;2.088888888888889;3.8216666666666668;6.0;6.0;1.0;0.0;7.688888888888889;1.011111111111111;2.1333333333333333;3.0500000000000003;6.0;7.0;1.0;0.0;6.5555555555555545;1.0;2.0666666666666664;3.31;6.0;7.0;1.0;0.0;8.155555555555555;0.7111111111111109;2.111111111111111;3.7466666666666666;6.0;8.0;1.0;0.0;6.688888888888889;0.0666666666666666;2.066666666666667;4.01;6.0;8.0;0.0
1.0;0.0;6.48888888888889;1.0;2.0555555555555554;3.03;6.0;4.0;1.0;0.0;7.466666666666668;1.0;2.077777777777778;3.6950000000000003;6.0;5.0;1.0;0.0;6.388888888888889;1.0;2.088888888888889;3.0483333333333333;6.0;5.0;1.0;0.0;7.433333333333334;1.011111111111111;2.0444444444444443;3.2049999999999996;6.0;6.0;1.0;0.0;6.51111111111111;1.0;2.088888888888889;3.8216666666666668;6.0;6.0;1.0;0.0;7.688888888888889;1.011111111111111;2.1333333333333333;3.0500000000000003;6.0;7.0;1.0;0.0;6.5555555555555545;1.0;2.0666666666666664;3.31;6.0;7.0;1.0;0.0;8.155555555555555;0.7111111111111109;2.111111111111111;3.7466666666666666;6.0;8.0;1.0;0.0;6.688888888888889;0.0666666666666666;2.066666666666667;4.01;6.0;8.0;1.0;0.0;7.766666666666666;0.08888888888888884;2.088888888888889;2.9416666666666664;6.0;9.0;0.0
1.0;0.0;7.466666666666668;1.0;2.077777777777778;3.6950000000000003;6.0;5.0;1.0;0.0;6.388888888888889;1.0;2.088888888888889;3.0483333333333333;6.0;5.0;1.0;0.0;7.433333333333334;1.011111111111111;2.0444444444444443;3.2049999999999996;6.0;6.0;1.0;0.0;6.51111111111111;1.0;2.088888888888889;3.8216666666666668;6.0;6.0;1.0;0.0;7.688888888888889;1.011111111111111;2.1333333333333333;3.0500000000000003;6.0;7.0;1.0;0.0;6.5555555555555545;1.0;2.0666666666666664;3.31;6.0;7.0;1.0;0.0;8.155555555555555;0.7111111111111109;2.111111111111111;3.7466666666666666;6.0;8.0;1.0;0.0;6.688888888888889;0.0666666666666666;2.066666666666667;4.01;6.0;8.0;1.0;0.0;7.766666666666666;0.08888888888888884;2.088888888888889;2.9416666666666664;6.0;9.0;1.0;0.0;6.666666666666667;0.0666666666666666;2.0555555555555554;3.5383333333333327;6.0;9.0;0.0
1.0;0.0;6.388888888888889;1.0;2.088888888888889;3.0483333333333333;6.0;5.0;1.0;0.0;7.433333333333334;1.011111111111111;2.0444444444444443;3.2049999999999996;6.0;6.0;1.0;0.0;6.51111111111111;1.0;2.088888888888889;3.8216666666666668;6.0;6.0;1.0;0.0;7.688888888888889;1.011111111111111;2.1333333333333333;3.0500000000000003;6.0;7.0;1.0;0.0;6.5555555555555545;1.0;2.0666666666666664;3.31;6.0;7.0;1.0;0.0;8.155555555555555;0.7111111111111109;2.111111111111111;3.7466666666666666;6.0;8.0;1.0;0.0;6.688888888888889;0.0666666666666666;2.066666666666667;4.01;6.0;8.0;1.0;0.0;7.766666666666666;0.08888888888888884;2.088888888888889;2.9416666666666664;6.0;9.0;1.0;0.0;6.666666666666667;0.0666666666666666;2.0555555555555554;3.5383333333333327;6.0;9.0;1.0;0.0;7.433333333333333;0.08888888888888884;2.088888888888889;3.608333333333334;6.0;10.0;0.0
1.0;0.0;7.433333333333334;1.011111111111111;2.0444444444444443;3.2049999999999996;6.0;6.0;1.0;0.0;6.51111111111111;1.0;2.088888888888889;3.8216666666666668;6.0;6.0;1.0;0.0;7.688888888888889;1.011111111111111;2.1333333333333333;3.0500000000000003;6.0;7.0;1.0;0.0;6.5555555555555545;1.0;2.0666666666666664;3.31;6.0;7.0;1.0;0.0;8.155555555555555;0.7111111111111109;2.111111111111111;3.7466666666666666;6.0;8.0;1.0;0.0;6.688888888888889;0.0666666666666666;2.066666666666667;4.01;6.0;8.0;1.0;0.0;7.766666666666666;0.08888888888888884;2.088888888888889;2.9416666666666664;6.0;9.0;1.0;0.0;6.666666666666667;0.0666666666666666;2.0555555555555554;3.5383333333333327;6.0;9.0;1.0;0.0;7.433333333333333;0.08888888888888884;2.088888888888889;3.608333333333334;6.0;10.0;1.0;0.0;6.8;0.07777777777777771;2.066666666666667;3.778333333333333;6.0;10.0;0.0
1.0;0.0;6.51111111111111;1.0;2.088888888888889;3.8216666666666668;6.0;6.0;1.0;0.0;7.688888888888889;1.011111111111111;2.1333333333333333;3.0500000000000003;6.0;7.0;1.0;0.0;6.5555555555555545;1.0;2.0666666666666664;3.31;6.0;7.0;1.0;0.0;8.155555555555555;0.7111111111111109;2.111111111111111;3.7466666666666666;6.0;8.0;1.0;0.0;6.688888888888889;0.0666666666666666;2.066666666666667;4.01;6.0;8.0;1.0;0.0;7.766666666666666;0.08888888888888884;2.088888888888889;2.9416666666666664;6.0;9.0;1.0;0.0;6.666666666666667;0.0666666666666666;2.0555555555555554;3.5383333333333327;6.0;9.0;1.0;0.0;7.433333333333333;0.08888888888888884;2.088888888888889;3.608333333333334;6.0;10.0;1.0;0.0;6.8;0.07777777777777771;2.066666666666667;3.778333333333333;6.0;10.0;1.0;0.0;7.677777777777777;0.09999999999999994;2.1;3.0416666666666665;6.0;11.0;0.0
1.0;0.0;7.688888888888889;1.011111111111111;2.1333333333333333;3.0500000000000003;6.0;7.0;1.0;0.0;6.5555555555555545;1.0;2.0666666666666664;3.31;6.0;7.0;1.0;0.0;8.155555555555555;0.7111111111111109;2.111111111111111;3.7466666666666666;6.0;8.0;1.0;0.0;6.688888888888889;0.0666666666666666;2.066666666666667;4.01;6.0;8.0;1.0;0.0;7.766666666666666;0.08888888888888884;2.088888888888889;2.9416666666666664;6.0;9.0;1.0;0.0;6.666666666666667;0.0666666666666666;2.0555555555555554;3.5383333333333327;6.0;9.0;1.0;0.0;7.433333333333333;0.08888888888888884;2.088888888888889;3.608333333333334;6.0;10.0;1.0;0.0;6.8;0.07777777777777771;2.066666666666667;3.778333333333333;6.0;10.0;1.0;0.0;7.677777777777777;0.09999999999999994;2.1;3.0416666666666665;6.0;11.0;1.0;0.0;6.388888888888889;0.07777777777777771;2.1;4.618333333333333;6.0;11.0;0.0
1.0;0.0;6.5555555555555545;1.0;2.0666666666666664;3.31;6.0;7.0;1.0;0.0;8.155555555555555;0.7111111111111109;2.111111111111111;3.7466666666666666;6.0;8.0;1.0;0.0;6.688888888888889;0.0666666666666666;2.066666666666667;4.01;6.0;8.0;1.0;0.0;7.766666666666666;0.08888888888888884;2.088888888888889;2.9416666666666664;6.0;9.0;1.0;0.0;6.666666666666667;0.0666666666666666;2.0555555555555554;3.5383333333333327;6.0;9.0;1.0;0.0;7.433333333333333;0.08888888888888884;2.088888888888889;3.608333333333334;6.0;10.0;1.0;0.0;6.8;0.07777777777777771;2.066666666666667;3.778333333333333;6.0;10.0;1.0;0.0;7.677777777777777;0.09999999999999994;2.1;3.0416666666666665;6.0;11.0;1.0;0.0;6.388888888888889;0.07777777777777771;2.1;4.618333333333333;6.0;11.0;1.0;0.0;7.866666666666666;0.07777777777777771;2.077777777777778;3.479999999999999;6.0;12.0;0.0
1.0;0.0;8.155555555555555;0.7111111111111109;2.111111111111111;3.7466666666666666;6.0;8.0;1.0;0.0;6.688888888888889;0.0666666666666666;2.066666666666667;4.01;6.0;8.0;1.0;0.0;7.766666666666666;0.08888888888888884;2.088888888888889;2.9416666666666664;6.0;9.0;1.0;0.0;6.666666666666667;0.0666666666666666;2.0555555555555554;3.5383333333333327;6.0;9.0;1.0;0.0;7.433333333333333;0.08888888888888884;2.088888888888889;3.608333333333334;6.0;10.0;1.0;0.0;6.8;0.07777777777777771;2.066666666666667;3.778333333333333;6.0;10.0;1.0;0.0;7.677777777777777;0.09999999999999994;2.1;3.0416666666666665;6.0;11.0;1.0;0.0;6.388888888888889;0.07777777777777771;2.1;4.618333333333333;6.0;11.0;1.0;0.0;7.866666666666666;0.07777777777777771;2.077777777777778;3.479999999999999;6.0;12.0;1.0;0.0;6.666666666666667;0.07777777777777771;2.1;4.073333333333333;6.0;12.0;0.0
1.0;0.0;6.688888888888889;0.0666666666666666;2.066666666666667;4.01;6.0;8.0;1.0;0.0;7.766666666666666;0.08888888888888884;2.088888888888889;2.9416666666666664;6.0;9.0;1.0;0.0;6.666666666666667;0.0666666666666666;2.0555555555555554;3.5383333333333327;6.0;9.0;1.0;0.0;7.433333333333333;0.08888888888888884;2.088888888888889;3.608333333333334;6.0;10.0;1.0;0.0;6.8;0.07777777777777771;2.066666666666667;3.778333333333333;6.0;10.0;1.0;0.0;7.677777777777777;0.09999999999999994;2.1;3.0416666666666665;6.0;11.0;1.0;0.0;6.388888888888889;0.07777777777777771;2.1;4.618333333333333;6.0;11.0;1.0;0.0;7.866666666666666;0.07777777777777771;2.077777777777778;3.479999999999999;6.0;12.0;1.0;0.0;6.666666666666667;0.07777777777777771;2.1;4.073333333333333;6.0;12.0;1.0;0.0;7.411111111111111;0.08888888888888884;2.088888888888889;4.163333333333333;6.0;13.0;0.0
1.0;0.0;7.766666666666666;0.08888888888888884;2.088888888888889;2.9416666666666664;6.0;9.0;1.0;0.0;6.666666666666667;0.0666666666666666;2.0555555555555554;3.5383333333333327;6.0;9.0;1.0;0.0;7.433333333333333;0.08888888888888884;2.088888888888889;3.608333333333334;6.0;10.0;1.0;0.0;6.8;0.07777777777777771;2.066666666666667;3.778333333333333;6.0;10.0;1.0;0.0;7.677777777777777;0.09999999999999994;2.1;3.0416666666666665;6.0;11.0;1.0;0.0;6.388888888888889;0.07777777777777771;2.1;4.618333333333333;6.0;11.0;1.0;0.0;7.866666666666666;0.07777777777777771;2.077777777777778;3.479999999999999;6.0;12.0;1.0;0.0;6.666666666666667;0.07777777777777771;2.1;4.073333333333333;6.0;12.0;1.0;0.0;7.411111111111111;0.08888888888888884;2.088888888888889;4.163333333333333;6.0;13.0;1.0;0.0;6.588888888888889;0.08888888888888884;2.077777777777778;3.41;6.0;13.0;0.0
1.0;0.0;6.666666666666667;0.0666666666666666;2.0555555555555554;3.5383333333333327;6.0;9.0;1.0;0.0;7.433333333333333;0.08888888888888884;2.088888888888889;3.608333333333334;6.0;10.0;1.0;0.0;6.8;0.07777777777777771;2.066666666666667;3.778333333333333;6.0;10.0;1.0;0.0;7.677777777777777;0.09999999999999994;2.1;3.0416666666666665;6.0;11.0;1.0;0.0;6.388888888888889;0.07777777777777771;2.1;4.618333333333333;6.0;11.0;1.0;0.0;7.866666666666666;0.07777777777777771;2.077777777777778;3.479999999999999;6.0;12.0;1.0;0.0;6.666666666666667;0.07777777777777771;2.1;4.073333333333333;6.0;12.0;1.0;0.0;7.411111111111111;0.08888888888888884;2.088888888888889;4.163333333333333;6.0;13.0;1.0;0.0;6.588888888888889;0.08888888888888884;2.077777777777778;3.41;6.0;13.0;1.0;0.0;7.522222222222221;0.07777777777777771;2.0555555555555554;3.8816666666666664;6.0;14.0;0.0
1.0;0.0;7.433333333333333;0.08888888888888884;2.088888888888889;3.608333333333334;6.0;10.0;1.0;0.0;6.8;0.07777777777777771;2.066666666666667;3.778333333333333;6.0;10.0;1.0;0.0;7.677777777777777;0.09999999999999994;2.1;3.0416666666666665;6.0;11.0;1.0;0.0;6.388888888888889;0.07777777777777771;2.1;4.618333333333333;6.0;11.0;1.0;0.0;7.866666666666666;0.07777777777777771;2.077777777777778;3.479999999999999;6.0;12.0;1.0;0.0;6.666666666666667;0.07777777777777771;2.1;4.073333333333333;6.0;12.0;1.0;0.0;7.411111111111111;0.08888888888888884;2.088888888888889;4.163333333333333;6.0;13.0;1.0;0.0;6.588888888888889;0.08888888888888884;2.077777777777778;3.41;6.0;13.0;1.0;0.0;7.522222222222221;0.07777777777777771;2.0555555555555554;3.8816666666666664;6.0;14.0;1.0;0.0;6.544444444444445;0.09999999999999994;2.1333333333333333;3.445;6.0;14.0;0.0
1.0;0.0;6.8;0.07777777777777771;2.066666666666667;3.778333333333333;6.0;10.0;1.0;0.0;7.677777777777777;0.09999999999999994;2.1;3.0416666666666665;6.0;11.0;1.0;0.0;6.388888888888889;0.07777777777777771;2.1;4.618333333333333;6.0;11.0;1.0;0.0;7.866666666666666;0.07777777777777771;2.077777777777778;3.479999999999999;6.0;12.0;1.0;0.0;6.666666666666667;0.07777777777777771;2.1;4.073333333333333;6.0;12.0;1.0;0.0;7.411111111111111;0.08888888888888884;2.088888888888889;4.163333333333333;6.0;13.0;1.0;0.0;6.588888888888889;0.08888888888888884;2.077777777777778;3.41;6.0;13.0;1.0;0.0;7.522222222222221;0.07777777777777771;2.0555555555555554;3.8816666666666664;6.0;14.0;1.0;0.0;6.544444444444445;0.09999999999999994;2.1333333333333333;3.445;6.0;14.0;1.0;0.0;8.066666666666668;0.08888888888888884;2.088888888888889;3.7599999999999993;6.0;15.0;0.0
1.0;0.0;7.677777777777777;0.09999999999999994;2.1;3.0416666666666665;6.0;11.0;1.0;0.0;6.388888888888889;0.07777777777777771;2.1;4.618333333333333;6.0;11.0;1.0;0.0;7.866666666666666;0.07777777777777771;2.077777777777778;3.479999999999999;6.0;12.0;1.0;0.0;6.666666666666667;0.07777777777777771;2.1;4.073333333333333;6.0;12.0;1.0;0.0;7.411111111111111;0.08888888888888884;2.088888888888889;4.163333333333333;6.0;13.0;1.0;0.0;6.588888888888889;0.08888888888888884;2.077777777777778;3.41;6.0;13.0;1.0;0.0;7.522222222222221;0.07777777777777771;2.0555555555555554;3.8816666666666664;6.0;14.0;1.0;0.0;6.544444444444445;0.09999999999999994;2.1333333333333333;3.445;6.0;14.0;1.0;0.0;8.066666666666668;0.08888888888888884;2.088888888888889;3.7599999999999993;6.0;15.0;1.0;0.0;6.544444444444444;0.0666666666666666;2.066666666666667;3.918333333333333;6.0;15.0;0.0
1.0;0.0;6.388888888888889;0.07777777777777771;2.1;4.618333333333333;6.0;11.0;1.0;0.0;7.866666666666666;0.07777777777777771;2.077777777777778;3.479999999999999;6.0;12.0;1.0;0.0;6.666666666666667;0.07777777777777771;2.1;4.073333333333333;6.0;12.0;1.0;0.0;7.411111111111111;0.08888888888888884;2.088888888888889;4.163333333333333;6.0;13.0;1.0;0.0;6.588888888888889;0.08888888888888884;2.077777777777778;3.41;6.0;13.0;1.0;0.0;7.522222222222221;0.07777777777777771;2.0555555555555554;3.8816666666666664;6.0;14.0;1.0;0.0;6.544444444444445;0.09999999999999994;2.1333333333333333;3.445;6.0;14.0;1.0;0.0;8.066666666666668;0.08888888888888884;2.088888888888889;3.7599999999999993;6.0;15.0;1.0;0.0;6.544444444444444;0.0666666666666666;2.066666666666667;3.918333333333333;6.0;15.0;1.0;0.0;7.7444444444444445;0.08888888888888884;2.0777777777777775;5.108333333333333;6.0;16.0;0.0
1.0;0.0;7.866666666666666;0.07777777777777771;2.077777777777778;3.479999999999999;6.0;12.0;1.0;0.0;6.666666666666667;0.07777777777777771;2.1;4.073333333333333;6.0;12.0;1.0;0.0;7.411111111111111;0.08888888888888884;2.088888888888889;4.163333333333333;6.0;13.0;1.0;0.0;6.588888888888889;0.08888888888888884;2.077777777777778;3.41;6.0;13.0;1.0;0.0;7.522222222222221;0.07777777777777771;2.0555555555555554;3.8816666666666664;6.0;14.0;1.0;0.0;6.544444444444445;0.09999999999999994;2.1333333333333333;3.445;6.0;14.0;1.0;0.0;8.066666666666668;0.08888888888888884;2.088888888888889;3.7599999999999993;6.0;15.0;1.0;0.0;6.544444444444444;0.0666666666666666;2.066666666666667;3.918333333333333;6.0;15.0;1.0;0.0;7.7444444444444445;0.08888888888888884;2.0777777777777775;5.108333333333333;6.0;16.0;1.0;0.0;6.800000000000001;0.0666666666666666;2.1;5.003333333333333;6.0;16.0;0.0
1.0;0.0;6.666666666666667;0.07777777777777771;2.1;4.073333333333333;6.0;12.0;1.0;0.0;7.411111111111111;0.08888888888888884;2.088888888888889;4.163333333333333;6.0;13.0;1.0;0.0;6.588888888888889;0.08888888888888884;2.077777777777778;3.41;6.0;13.0;1.0;0.0;7.522222222222221;0.07777777777777771;2.0555555555555554;3.8816666666666664;6.0;14.0;1.0;0.0;6.544444444444445;0.09999999999999994;2.1333333333333333;3.445;6.0;14.0;1.0;0.0;8.066666666666668;0.08888888888888884;2.088888888888889;3.7599999999999993;6.0;15.0;1.0;0.0;6.544444444444444;0.0666666666666666;2.066666666666667;3.918333333333333;6.0;15.0;1.0;0.0;7.7444444444444445;0.08888888888888884;2.0777777777777775;5.108333333333333;6.0;16.0;1.0;0.0;6.800000000000001;0.0666666666666666;2.1;5.003333333333333;6.0;16.0;1.0;0.0;7.722222222222221;0.09999999999999994;2.088888888888889;4.161666666666667;6.0;17.0;0.0
1.0;0.0;7.411111111111111;0.08888888888888884;2.088888888888889;4.163333333333333;6.0;13.0;1.0;0.0;6.588888888888889;0.08888888888888884;2.077777777777778;3.41;6.0;13.0;1.0;0.0;7.522222222222221;0.07777777777777771;2.0555555555555554;3.8816666666666664;6.0;14.0;1.0;0.0;6.544444444444445;0.09999999999999994;2.1333333333333333;3.445;6.0;14.0;1.0;0.0;8.066666666666668;0.08888888888888884;2.088888888888889;3.7599999999999993;6.0;15.0;1.0;0.0;6.544444444444444;0.0666666666666666;2.066666666666667;3.918333333333333;6.0;15.0;1.0;0.0;7.7444444444444445;0.08888888888888884;2.0777777777777775;5.108333333333333;6.0;16.0;1.0;0.0;6.800000000000001;0.0666666666666666;2.1;5.003333333333333;6.0;16.0;1.0;0.0;7.722222222222221;0.09999999999999994;2.088888888888889;4.161666666666667;6.0;17.0;1.0;0.0;6.48888888888889;0.0666666666666666;2.033333333333333;3.5666666666666664;6.0;17.0;0.0
1.0;0.0;6.588888888888889;0.08888888888888884;2.077777777777778;3.41;6.0;13.0;1.0;0.0;7.522222222222221;0.07777777777777771;2.0555555555555554;3.8816666666666664;6.0;14.0;1.0;0.0;6.544444444444445;0.09999999999999994;2.1333333333333333;3.445;6.0;14.0;1.0;0.0;8.066666666666668;0.08888888888888884;2.088888888888889;3.7599999999999993;6.0;15.0;1.0;0.0;6.544444444444444;0.0666666666666666;2.066666666666667;3.918333333333333;6.0;15.0;1.0;0.0;7.7444444444444445;0.08888888888888884;2.0777777777777775;5.108333333333333;6.0;16.0;1.0;0.0;6.800000000000001;0.0666666666666666;2.1;5.003333333333333;6.0;16.0;1.0;0.0;7.722222222222221;0.09999999999999994;2.088888888888889;4.161666666666667;6.0;17.0;1.0;0.0;6.48888888888889;0.0666666666666666;2.033333333333333;3.5666666666666664;6.0;17.0;1.0;0.0;7.599999999999999;0.08888888888888884;2.0555555555555554;3.9183333333333334;6.0;18.0;0.0
1.0;0.0;7.522222222222221;0.07777777777777771;2.0555555555555554;3.8816666666666664;6.0;14.0;1.0;0.0;6.544444444444445;0.09999999999999994;2.1333333333333333;3.445;6.0;14.0;1.0;0.0;8.066666666666668;0.08888888888888884;2.088888888888889;3.7599999999999993;6.0;15.0;1.0;0.0;6.544444444444444;0.0666666666666666;2.066666666666667;3.918333333333333;6.0;15.0;1.0;0.0;7.7444444444444445;0.08888888888888884;2.0777777777777775;5.108333333333333;6.0;16.0;1.0;0.0;6.800000000000001;0.0666666666666666;2.1;5.003333333333333;6.0;16.0;1.0;0.0;7.722222222222221;0.09999999999999994;2.088888888888889;4.161666666666667;6.0;17.0;1.0;0.0;6.48888888888889;0.0666666666666666;2.033333333333333;3.5666666666666664;6.0;17.0;1.0;0.0;7.599999999999999;0.08888888888888884;2.0555555555555554;3.9183333333333334;6.0;18.0;1.0;0.0;6.48888888888889;0.0666666666666666;2.0444444444444447;4.5633333333333335;6.0;18.0;0.0
1.0;0.0;6.544444444444445;0.09999999999999994;2.1333333333333333;3.445;6.0;14.0;1.0;0.0;8.066666666666668;0.08888888888888884;2.088888888888889;3.7599999999999993;6.0;15.0;1.0;0.0;6.544444444444444;0.0666666666666666;2.066666666666667;3.918333333333333;6.0;15.0;1.0;0.0;7.7444444444444445;0.08888888888888884;2.0777777777777775;5.108333333333333;6.0;16.0;1.0;0.0;6.800000000000001;0.0666666666666666;2.1;5.003333333333333;6.0;16.0;1.0;0.0;7.722222222222221;0.09999999999999994;2.088888888888889;4.161666666666667;6.0;17.0;1.0;0.0;6.48888888888889;0.0666666666666666;2.033333333333333;3.5666666666666664;6.0;17.0;1.0;0.0;7.599999999999999;0.08888888888888884;2.0555555555555554;3.9183333333333334;6.0;18.0;1.0;0.0;6.48888888888889;0.0666666666666666;2.0444444444444447;4.5633333333333335;6.0;18.0;1.0;0.0;7.588888888888889;0.07777777777777771;2.077777777777778;4.581666666666667;6.0;19.0;0.0
1.0;0.0;8.066666666666668;0.08888888888888884;2.088888888888889;3.7599999999999993;6.0;15.0;1.0;0.0;6.544444444444444;0.0666666666666666;2.066666666666667;3.918333333333333;6.0;15.0;1.0;0.0;7.7444444444444445;0.08888888888888884;2.0777777777777775;5.108333333333333;6.0;16.0;1.0;0.0;6.800000000000001;0.0666666666666666;2.1;5.003333333333333;6.0;16.0;1.0;0.0;7.722222222222221;0.09999999999999994;2.088888888888889;4.161666666666667;6.0;17.0;1.0;0.0;6.48888888888889;0.0666666666666666;2.033333333333333;3.5666666666666664;6.0;17.0;1.0;0.0;7.599999999999999;0.08888888888888884;2.0555555555555554;3.9183333333333334;6.0;18.0;1.0;0.0;6.48888888888889;0.0666666666666666;2.0444444444444447;4.5633333333333335;6.0;18.0;1.0;0.0;7.588888888888889;0.07777777777777771;2.077777777777778;4.581666666666667;6.0;19.0;1.0;0.0;6.744444444444444;0.0666666666666666;2.0444444444444443;3.81;6.0;19.0;0.0
1.0;0.0;6.544444444444444;0.0666666666666666;2.066666666666667;3.918333333333333;6.0;15.0;1.0;0.0;7.7444444444444445;0.08888888888888884;2.0777777777777775;5.108333333333333;6.0;16.0;1.0;0.0;6.800000000000001;0.0666666666666666;2.1;5.003333333333333;6.0;16.0;1.0;0.0;7.722222222222221;0.09999999999999994;2.088888888888889;4.161666666666667;6.0;17.0;1.0;0.0;6.48888888888889;0.0666666666666666;2.033333333333333;3.5666666666666664;6.0;17.0;1.0;0.0;7.599999999999999;0.08888888888888884;2.0555555555555554;3.9183333333333334;6.0;18.0;1.0;0.0;6.48888888888889;0.0666666666666666;2.0444444444444447;4.5633333333333335;6.0;18.0;1.0;0.0;7.588888888888889;0.07777777777777771;2.077777777777778;4.581666666666667;6.0;19.0;1.0;0.0;6.744444444444444;0.0666666666666666;2.0444444444444443;3.81;6.0;19.0;1.0;0.0;7.833333333333333;0.07777777777777771;2.088888888888889;4.546666666666667;6.0;20.0;0.0
1.0;0.0;7.7444444444444445;0.08888888888888884;2.0777777777777775;5.108333333333333;6.0;16.0;1.0;0.0;6.800000000000001;0.0666666666666666;2.1;5.003333333333333;6.0;16.0;1.0;0.0;7.722222222222221;0.09999999999999994;2.088888888888889;4.161666666666667;6.0;17.0;1.0;0.0;6.48888888888889;0.0666666666666666;2.033333333333333;3.5666666666666664;6.0;17.0;1.0;0.0;7.599999999999999;0.08888888888888884;2.0555555555555554;3.9183333333333334;6.0;18.0;1.0;0.0;6.48888888888889;0.0666666666666666;2.0444444444444447;4.5633333333333335;6.0;18.0;1.0;0.0;7.588888888888889;0.07777777777777771;2.077777777777778;4.581666666666667;6.0;19.0;1.0;0.0;6.744444444444444;0.0666666666666666;2.0444444444444443;3.81;6.0;19.0;1.0;0.0;7.833333333333333;0.07777777777777771;2.088888888888889;4.546666666666667;6.0;20.0;1.0;0.0;6.555555555555556;0.0666666666666666;2.033333333333333;4.006666666666667;6.0;20.0;0.0
1.0;0.0;6.800000000000001;0.0666666666666666;2.1;5.003333333333333;6.0;16.0;1.0;0.0;7.722222222222221;0.09999999999999994;2.088888888888889;4.161666666666667;6.0;17.0;1.0;0.0;6.48888888888889;0.0666666666666666;2.033333333333333;3.5666666666666664;6.0;17.0;1.0;0.0;7.599999999999999;0.08888888888888884;2.0555555555555554;3.9183333333333334;6.0;18.0;1.0;0.0;6.48888888888889;0.0666666666666666;2.0444444444444447;4.5633333333333335;6.0;18.0;1.0;0.0;7.588888888888889;0.07777777777777771;2.077777777777778;4.581666666666667;6.0;19.0;1.0;0.0;6.744444444444444;0.0666666666666666;2.0444444444444443;3.81;6.0;19.0;1.0;0.0;7.833333333333333;0.07777777777777771;2.088888888888889;4.546666666666667;6.0;20.0;1.0;0.0;6.555555555555556;0.0666666666666666;2.033333333333333;4.006666666666667;6.0;20.0;1.0;0.0;7.422222222222222;0.07777777777777771;2.077777777777778;3.4450000000000003;6.0;21.0;0.0
1.0;0.0;7.722222222222221;0.09999999999999994;2.088888888888889;4.161666666666667;6.0;17.0;1.0;0.0;6.48888888888889;0.0666666666666666;2.033333333333333;3.5666666666666664;6.0;17.0;1.0;0.0;7.599999999999999;0.08888888888888884;2.0555555555555554;3.9183333333333334;6.0;18.0;1.0;0.0;6.48888888888889;0.0666666666666666;2.0444444444444447;4.5633333333333335;6.0;18.0;1.0;0.0;7.588888888888889;0.07777777777777771;2.077777777777778;4.581666666666667;6.0;19.0;1.0;0.0;6.744444444444444;0.0666666666666666;2.0444444444444443;3.81;6.0;19.0;1.0;0.0;7.833333333333333;0.07777777777777771;2.088888888888889;4.546666666666667;6.0;20.0;1.0;0.0;6.555555555555556;0.0666666666666666;2.033333333333333;4.006666666666667;6.0;20.0;1.0;0.0;7.422222222222222;0.07777777777777771;2.077777777777778;3.4450000000000003;6.0;21.0;1.0;0.0;6.466666666666668;0.0666666666666666;2.055555555555556;2.36;6.0;21.0;0.0
1.0;0.0;6.48888888888889;0.0666666666666666;2.033333333333333;3.5666666666666664;6.0;17.0;1.0;0.0;7.599999999999999;0.08888888888888884;2.0555555555555554;3.9183333333333334;6.0;18.0;1.0;0.0;6.48888888888889;0.0666666666666666;2.0444444444444447;4.5633333333333335;6.0;18.0;1.0;0.0;7.588888888888889;0.07777777777777771;2.077777777777778;4.581666666666667;6.0;19.0;1.0;0.0;6.744444444444444;0.0666666666666666;2.0444444444444443;3.81;6.0;19.0;1.0;0.0;7.833333333333333;0.07777777777777771;2.088888888888889;4.546666666666667;6.0;20.0;1.0;0.0;6.555555555555556;0.0666666666666666;2.033333333333333;4.006666666666667;6.0;20.0;1.0;0.0;7.422222222222222;0.07777777777777771;2.077777777777778;3.4450000000000003;6.0;21.0;1.0;0.0;6.466666666666668;0.0666666666666666;2.055555555555556;2.36;6.0;21.0;1.9222222222222223;0.2222222222222222;8.6;31.666666666666668;37.15555555555556;4.056666666666666;6.0;22.0;0.0
1.0;0.0;7.599999999999999;0.08888888888888884;2.0555555555555554;3.9183333333333334;6.0;18.0;1.0;0.0;6.48888888888889;0.0666666666666666;2.0444444444444447;4.5633333333333335;6.0;18.0;1.0;0.0;7.588888888888889;0.07777777777777771;2.077777777777778;4.581666666666667;6.0;19.0;1.0;0.0;6.744444444444444;0.0666666666666666;2.0444444444444443;3.81;6.0;19.0;1.0;0.0;7.833333333333333;0.07777777777777771;2.088888888888889;4.546666666666667;6.0;20.0;1.0;0.0;6.555555555555556;0.0666666666666666;2.033333333333333;4.006666666666667;6.0;20.0;1.0;0.0;7.422222222222222;0.07777777777777771;2.077777777777778;3.4450000000000003;6.0;21.0;1.0;0.0;6.466666666666668;0.0666666666666666;2.055555555555556;2.36;6.0;21.0;1.9222222222222223;0.2222222222222222;8.6;31.666666666666668;37.15555555555556;4.056666666666666;6.0;22.0;1.0;0.0;7.122222222222223;0.0666666666666666;2.3333333333333326;4.493333333333334;6.0;22.0;0.0
1.0;0.0;6.48888888888889;0.0666666666666666;2.0444444444444447;4.5633333333333335;6.0;18.0;1.0;0.0;7.588888888888889;0.07777777777777771;2.077777777777778;4.581666666666667;6.0;19.0;1.0;0.0;6.744444444444444;0.0666666666666666;2.0444444444444443;3.81;6.0;19.0;1.0;0.0;7.833333333333333;0.07777777777777771;2.088888888888889;4.546666666666667;6.0;20.0;1.0;0.0;6.555555555555556;0.0666666666666666;2.033333333333333;4.006666666666667;6.0;20.0;1.0;0.0;7.422222222222222;0.07777777777777771;2.077777777777778;3.4450000000000003;6.0;21.0;1.0;0.0;6.466666666666668;0.0666666666666666;2.055555555555556;2.36;6.0;21.0;1.9222222222222223;0.2222222222222222;8.6;31.666666666666668;37.15555555555556;4.056666666666666;6.0;22.0;1.0;0.0;7.122222222222223;0.0666666666666666;2.3333333333333326;4.493333333333334;6.0;22.0;1.0;0.0;7.722222222222221;0.07777777777777771;2.3444444444444437;4.755;6.0;23.0;0.0
1.0;0.0;7.588888888888889;0.07777777777777771;2.077777777777778;4.581666666666667;6.0;19.0;1.0;0.0;6.744444444444444;0.0666666666666666;2.0444444444444443;3.81;6.0;19.0;1.0;0.0;7.833333333333333;0.07777777777777771;2.088888888888889;4.546666666666667;6.0;20.0;1.0;0.0;6.555555555555556;0.0666666666666666;2.033333333333333;4.006666666666667;6.0;20.0;1.0;0.0;7.422222222222222;0.07777777777777771;2.077777777777778;3.4450000000000003;6.0;21.0;1.0;0.0;6.466666666666668;0.0666666666666666;2.055555555555556;2.36;6.0;21.0;1.9222222222222223;0.2222222222222222;8.6;31.666666666666668;37.15555555555556;4.056666666666666;6.0;22.0;1.0;0.0;7.122222222222223;0.0666666666666666;2.3333333333333326;4.493333333333334;6.0;22.0;1.0;0.0;7.722222222222221;0.07777777777777771;2.3444444444444437;4.755;6.0;23.0;1.0;0.0;6.866666666666667;0.0666666666666666;2.3333333333333326;3.83;6.0;23.0;0.0
1.0;0.0;6.744444444444444;0.0666666666666666;2.0444444444444443;3.81;6.0;19.0;1.0;0.0;7.833333333333333;0.07777777777777771;2.088888888888889;4.546666666666667;6.0;20.0;1.0;0.0;6.555555555555556;0.0666666666666666;2.033333333333333;4.006666666666667;6.0;20.0;1.0;0.0;7.422222222222222;0.07777777777777771;2.077777777777778;3.4450000000000003;6.0;21.0;1.0;0.0;6.466666666666668;0.0666666666666666;2.055555555555556;2.36;6.0;21.0;1.9222222222222223;0.2222222222222222;8.6;31.666666666666668;37.15555555555556;4.056666666666666;6.0;22.0;1.0;0.0;7.122222222222223;0.0666666666666666;2.3333333333333326;4.493333333333334;6.0;22.0;1.0;0.0;7.722222222222221;0.07777777777777771;2.3444444444444437;4.755;6.0;23.0;1.0;0.0;6.866666666666667;0.0666666666666666;2.3333333333333326;3.83;6.0;23.0;1.0;0.0;7.655555555555556;0.07777777777777771;2.355555555555555;4.09;0.0;0.0;0.0
1.0;0.0;7.833333333333333;0.07777777777777771;2.088888888888889;4.546666666666667;6.0;20.0;1.0;0.0;6.555555555555556;0.0666666666666666;2.033333333333333;4.006666666666667;6.0;20.0;1.0;0.0;7.422222222222222;0.07777777777777771;2.077777777777778;3.4450000000000003;6.0;21.0;1.0;0.0;6.466666666666668;0.0666666666666666;2.055555555555556;2.36;6.0;21.0;1.9222222222222223;0.2222222222222222;8.6;31.666666666666668;37.15555555555556;4.056666666666666;6.0;22.0;1.0;0.0;7.122222222222223;0.0666666666666666;2.3333333333333326;4.493333333333334;6.0;22.0;1.0;0.0;7.722222222222221;0.07777777777777771;2.3444444444444437;4.755;6.0;23.0;1.0;0.0;6.866666666666667;0.0666666666666666;2.3333333333333326;3.83;6.0;23.0;1.0;0.0;7.655555555555556;0.07777777777777771;2.355555555555555;4.09;0.0;0.0;1.0;0.0;6.881746031746033;0.07777777777777771;2.3333333333333326;3.1650000000000005;0.0;0.0;0.0
1.0;0.0;6.555555555555556;0.0666666666666666;2.033333333333333;4.006666666666667;6.0;20.0;1.0;0.0;7.422222222222222;0.07777777777777771;2.077777777777778;3.4450000000000003;6.0;21.0;1.0;0.0;6.466666666666668;0.0666666666666666;2.055555555555556;2.36;6.0;21.0;1.9222222222222223;0.2222222222222222;8.6;31.666666666666668;37.15555555555556;4.056666666666666;6.0;22.0;1.0;0.0;7.122222222222223;0.0666666666666666;2.3333333333333326;4.493333333333334;6.0;22.0;1.0;0.0;7.722222222222221;0.07777777777777771;2.3444444444444437;4.755;6.0;23.0;1.0;0.0;6.866666666666667;0.0666666666666666;2.3333333333333326;3.83;6.0;23.0;1.0;0.0;7.655555555555556;0.07777777777777771;2.355555555555555;4.09;0.0;0.0;1.0;0.0;6.881746031746033;0.07777777777777771;2.3333333333333326;3.1650000000000005;0.0;0.0;1.0;0.0;7.3;0.09999999999999994;2.3333333333333326;4.2299999999999995;0.0;1.0;0.0
1.0;0.0;7.422222222222222;0.07777777777777771;2.077777777777778;3.4450000000000003;6.0;21.0;1.0;0.0;6.466666666666668;0.0666666666666666;2.055555555555556;2.36;6.0;21.0;1.9222222222222223;0.2222222222222222;8.6;31.666666666666668;37.15555555555556;4.056666666666666;6.0;22.0;1.0;0.0;7.122222222222223;0.0666666666666666;2.3333333333333326;4.493333333333334;6.0;22.0;1.0;0.0;7.722222222222221;0.07777777777777771;2.3444444444444437;4.755;6.0;23.0;1.0;0.0;6.866666666666667;0.0666666666666666;2.3333333333333326;3.83;6.0;23.0;1.0;0.0;7.655555555555556;0.07777777777777771;2.355555555555555;4.09;0.0;0.0;1.0;0.0;6.881746031746033;0.07777777777777771;2.3333333333333326;3.1650000000000005;0.0;0.0;1.0;0.0;7.3;0.09999999999999994;2.3333333333333326;4.2299999999999995;0.0;1.0;1.0;0.0;6.333333333333333;0.0666666666666666;2.3222222222222215;3.6016666666666666;0.0;1.0;0.0
1.0;0.0;6.466666666666668;0.0666666666666666;2.055555555555556;2.36;6.0;21.0;1.9222222222222223;0.2222222222222222;8.6;31.666666666666668;37.15555555555556;4.056666666666666;6.0;22.0;1.0;0.0;7.122222222222223;0.0666666666666666;2.3333333333333326;4.493333333333334;6.0;22.0;1.0;0.0;7.722222222222221;0.07777777777777771;2.3444444444444437;4.755;6.0;23.0;1.0;0.0;6.866666666666667;0.0666666666666666;2.3333333333333326;3.83;6.0;23.0;1.0;0.0;7.655555555555556;0.07777777777777771;2.355555555555555;4.09;0.0;0.0;1.0;0.0;6.881746031746033;0.07777777777777771;2.3333333333333326;3.1650000000000005;0.0;0.0;1.0;0.0;7.3;0.09999999999999994;2.3333333333333326;4.2299999999999995;0.0;1.0;1.0;0.0;6.333333333333333;0.0666666666666666;2.3222222222222215;3.6016666666666666;0.0;1.0;1.0;0.0;7.722222222222221;0.08888888888888884;2.3111111111111104;3.5849999999999995;0.0;2.0;0.0
1.9222222222222223;0.2222222222222222;8.6;31.666666666666668;37.15555555555556;4.056666666666666;6.0;22.0;1.0;0.0;7.122222222222223;0.0666666666666666;2.3333333333333326;4.493333333333334;6.0;22.0;1.0;0.0;7.722222222222221;0.07777777777777771;2.3444444444444437;4.755;6.0;23.0;1.0;0.0;6.866666666666667;0.0666666666666666;2.3333333333333326;3.83;6.0;23.0;1.0;0.0;7.655555555555556;0.07777777777777771;2.355555555555555;4.09;0.0;0.0;1.0;0.0;6.881746031746033;0.07777777777777771;2.3333333333333326;3.1650000000000005;0.0;0.0;1.0;0.0;7.3;0.09999999999999994;2.3333333333333326;4.2299999999999995;0.0;1.0;1.0;0.0;6.333333333333333;0.0666666666666666;2.3222222222222215;3.6016666666666666;0.0;1.0;1.0;0.0;7.722222222222221;0.08888888888888884;2.3111111111111104;3.5849999999999995;0.0;2.0;1.277777777777778;27.766666666666666;27.366666666666664;4.844444444444444;2.2333333333333334;7.081666666666667;0.0;2.0;0.0
1.0;0.0;7.122222222222223;0.0666666666666666;2.3333333333333326;4.493333333333334;6.0;22.0;1.0;0.0;7.722222222222221;0.07777777777777771;2.3444444444444437;4.755;6.0;23.0;1.0;0.0;6.866666666666667;0.0666666666666666;2.3333333333333326;3.83;6.0;23.0;1.0;0.0;7.655555555555556;0.07777777777777771;2.355555555555555;4.09;0.0;0.0;1.0;0.0;6.881746031746033;0.07777777777777771;2.3333333333333326;3.1650000000000005;0.0;0.0;1.0;0.0;7.3;0.09999999999999994;2.3333333333333326;4.2299999999999995;0.0;1.0;1.0;0.0;6.333333333333333;0.0666666666666666;2.3222222222222215;3.6016666666666666;0.0;1.0;1.0;0.0;7.722222222222221;0.08888888888888884;2.3111111111111104;3.5849999999999995;0.0;2.0;1.277777777777778;27.766666666666666;27.366666666666664;4.844444444444444;2.2333333333333334;7.081666666666667;0.0;2.0;1.0;0.0;7.411111111111111;1.011111111111111;2.111111111111111;3.7766666666666673;0.0;3.0;0.0
1.0;0.0;7.722222222222221;0.07777777777777771;2.3444444444444437;4.755;6.0;23.0;1.0;0.0;6.866666666666667;0.0666666666666666;2.3333333333333326;3.83;6.0;23.0;1.0;0.0;7.655555555555556;0.07777777777777771;2.355555555555555;4.09;0.0;0.0;1.0;0.0;6.881746031746033;0.07777777777777771;2.3333333333333326;3.1650000000000005;0.0;0.0;1.0;0.0;7.3;0.09999999999999994;2.3333333333333326;4.2299999999999995;0.0;1.0;1.0;0.0;6.333333333333333;0.0666666666666666;2.3222222222222215;3.6016666666666666;0.0;1.0;1.0;0.0;7.722222222222221;0.08888888888888884;2.3111111111111104;3.5849999999999995;0.0;2.0;1.277777777777778;27.766666666666666;27.366666666666664;4.844444444444444;2.2333333333333334;7.081666666666667;0.0;2.0;1.0;0.0;7.411111111111111;1.011111111111111;2.111111111111111;3.7766666666666673;0.0;3.0;1.0;0.0;6.4444444444444455;1.0;2.077777777777778;3.948333333333333;0.0;3.0;0.0
1.0;0.0;6.866666666666667;0.0666666666666666;2.3333333333333326;3.83;6.0;23.0;1.0;0.0;7.655555555555556;0.07777777777777771;2.355555555555555;4.09;0.0;0.0;1.0;0.0;6.881746031746033;0.07777777777777771;2.3333333333333326;3.1650000000000005;0.0;0.0;1.0;0.0;7.3;0.09999999999999994;2.3333333333333326;4.2299999999999995;0.0;1.0;1.0;0.0;6.333333333333333;0.0666666666666666;2.3222222222222215;3.6016666666666666;0.0;1.0;1.0;0.0;7.722222222222221;0.08888888888888884;2.3111111111111104;3.5849999999999995;0.0;2.0;1.277777777777778;27.766666666666666;27.366666666666664;4.844444444444444;2.2333333333333334;7.081666666666667;0.0;2.0;1.0;0.0;7.411111111111111;1.011111111111111;2.111111111111111;3.7766666666666673;0.0;3.0;1.0;0.0;6.4444444444444455;1.0;2.077777777777778;3.948333333333333;0.0;3.0;1.0;0.0;7.122222222222224;1.011111111111111;2.088888888888889;4.073333333333333;0.0;4.0;0.0
1.0;0.0;7.655555555555556;0.07777777777777771;2.355555555555555;4.09;0.0;0.0;1.0;0.0;6.881746031746033;0.07777777777777771;2.3333333333333326;3.1650000000000005;0.0;0.0;1.0;0.0;7.3;0.09999999999999994;2.3333333333333326;4.2299999999999995;0.0;1.0;1.0;0.0;6.333333333333333;0.0666666666666666;2.3222222222222215;3.6016666666666666;0.0;1.0;1.0;0.0;7.722222222222221;0.08888888888888884;2.3111111111111104;3.5849999999999995;0.0;2.0;1.277777777777778;27.766666666666666;27.366666666666664;4.844444444444444;2.2333333333333334;7.081666666666667;0.0;2.0;1.0;0.0;7.411111111111111;1.011111111111111;2.111111111111111;3.7766666666666673;0.0;3.0;1.0;0.0;6.4444444444444455;1.0;2.077777777777778;3.948333333333333;0.0;3.0;1.0;0.0;7.122222222222224;1.011111111111111;2.088888888888889;4.073333333333333;0.0;4.0;1.0;0.0;6.477777777777778;1.0;2.0777777777777775;3.2533333333333334;0.0;4.0;0.0
1.0;0.0;6.881746031746033;0.07777777777777771;2.3333333333333326;3.1650000000000005;0.0;0.0;1.0;0.0;7.3;0.09999999999999994;2.3333333333333326;4.2299999999999995;0.0;1.0;1.0;0.0;6.333333333333333;0.0666666666666666;2.3222222222222215;3.6016666666666666;0.0;1.0;1.0;0.0;7.722222222222221;0.08888888888888884;2.3111111111111104;3.5849999999999995;0.0;2.0;1.277777777777778;27.766666666666666;27.366666666666664;4.844444444444444;2.2333333333333334;7.081666666666667;0.0;2.0;1.0;0.0;7.411111111111111;1.011111111111111;2.111111111111111;3.7766666666666673;0.0;3.0;1.0;0.0;6.4444444444444455;1.0;2.077777777777778;3.948333333333333;0.0;3.0;1.0;0.0;7.122222222222224;1.011111111111111;2.088888888888889;4.073333333333333;0.0;4.0;1.0;0.0;6.477777777777778;1.0;2.0777777777777775;3.2533333333333334;0.0;4.0;1.0;0.0;7.588888888888889;1.011111111111111;2.0777777777777775;4.3533333333333335;0.0;5.0;0.0
1.0;0.0;7.3;0.09999999999999994;2.3333333333333326;4.2299999999999995;0.0;1.0;1.0;0.0;6.333333333333333;0.0666666666666666;2.3222222222222215;3.6016666666666666;0.0;1.0;1.0;0.0;7.722222222222221;0.08888888888888884;2.3111111111111104;3.5849999999999995;0.0;2.0;1.277777777777778;27.766666666666666;27.366666666666664;4.844444444444444;2.2333333333333334;7.081666666666667;0.0;2.0;1.0;0.0;7.411111111111111;1.011111111111111;2.111111111111111;3.7766666666666673;0.0;3.0;1.0;0.0;6.4444444444444455;1.0;2.077777777777778;3.948333333333333;0.0;3.0;1.0;0.0;7.122222222222224;1.011111111111111;2.088888888888889;4.073333333333333;0.0;4.0;1.0;0.0;6.477777777777778;1.0;2.0777777777777775;3.2533333333333334;0.0;4.0;1.0;0.0;7.588888888888889;1.011111111111111;2.0777777777777775;4.3533333333333335;0.0;5.0;1.0;0.0;6.3;1.0;2.033333333333333;3.2183333333333337;0.0;5.0;0.0
1.0;0.0;6.333333333333333;0.0666666666666666;2.3222222222222215;3.6016666666666666;0.0;1.0;1.0;0.0;7.722222222222221;0.08888888888888884;2.3111111111111104;3.5849999999999995;0.0;2.0;1.277777777777778;27.766666666666666;27.366666666666664;4.844444444444444;2.2333333333333334;7.081666666666667;0.0;2.0;1.0;0.0;7.411111111111111;1.011111111111111;2.111111111111111;3.7766666666666673;0.0;3.0;1.0;0.0;6.4444444444444455;1.0;2.077777777777778;3.948333333333333;0.0;3.0;1.0;0.0;7.122222222222224;1.011111111111111;2.088888888888889;4.073333333333333;0.0;4.0;1.0;0.0;6.477777777777778;1.0;2.0777777777777775;3.2533333333333334;0.0;4.0;1.0;0.0;7.588888888888889;1.011111111111111;2.0777777777777775;4.3533333333333335;0.0;5.0;1.0;0.0;6.3;1.0;2.033333333333333;3.2183333333333337;0.0;5.0;1.0;0.0;7.511111111111112;1.011111111111111;2.066666666666667;3.513333333333333;0.0;6.0;0.0
1.0;0.0;7.722222222222221;0.08888888888888884;2.3111111111111104;3.5849999999999995;0.0;2.0;1.277777777777778;27.766666666666666;27.366666666666664;4.844444444444444;2.2333333333333334;7.081666666666667;0.0;2.0;1.0;0.0;7.411111111111111;1.011111111111111;2.111111111111111;3.7766666666666673;0.0;3.0;1.0;0.0;6.4444444444444455;1.0;2.077777777777778;3.948333333333333;0.0;3.0;1.0;0.0;7.122222222222224;1.011111111111111;2.088888888888889;4.073333333333333;0.0;4.0;1.0;0.0;6.477777777777778;1.0;2.0777777777777775;3.2533333333333334;0.0;4.0;1.0;0.0;7.588888888888889;1.011111111111111;2.0777777777777775;4.3533333333333335;0.0;5.0;1.0;0.0;6.3;1.0;2.033333333333333;3.2183333333333337;0.0;5.0;1.0;0.0;7.511111111111112;1.011111111111111;2.066666666666667;3.513333333333333;0.0;6.0;1.0;0.0;6.333333333333333;1.0;2.022222222222222;3.76;0.0;6.0;0.0
1.277777777777778;27.766666666666666;27.366666666666664;4.844444444444444;2.2333333333333334;7.081666666666667;0.0;2.0;1.0;0.0;7.411111111111111;1.011111111111111;2.111111111111111;3.7766666666666673;0.0;3.0;1.0;0.0;6.4444444444444455;1.0;2.077777777777778;3.948333333333333;0.0;3.0;1.0;0.0;7.122222222222224;1.011111111111111;2.088888888888889;4.073333333333333;0.0;4.0;1.0;0.0;6.477777777777778;1.0;2.0777777777777775;3.2533333333333334;0.0;4.0;1.0;0.0;7.588888888888889;1.011111111111111;2.0777777777777775;4.3533333333333335;0.0;5.0;1.0;0.0;6.3;1.0;2.033333333333333;3.2183333333333337;0.0;5.0;1.0;0.0;7.511111111111112;1.011111111111111;2.066666666666667;3.513333333333333;0.0;6.0;1.0;0.0;6.333333333333333;1.0;2.022222222222222;3.76;0.0;6.0;1.0;0.0;7.2555555555555555;1.011111111111111;2.022222222222222;3.3216666666666668;0.0;7.0;0.0
1.0;0.0;7.411111111111111;1.011111111111111;2.111111111111111;3.7766666666666673;0.0;3.0;1.0;0.0;6.4444444444444455;1.0;2.077777777777778;3.948333333333333;0.0;3.0;1.0;0.0;7.122222222222224;1.011111111111111;2.088888888888889;4.073333333333333;0.0;4.0;1.0;0.0;6.477777777777778;1.0;2.0777777777777775;3.2533333333333334;0.0;4.0;1.0;0.0;7.588888888888889;1.011111111111111;2.0777777777777775;4.3533333333333335;0.0;5.0;1.0;0.0;6.3;1.0;2.033333333333333;3.2183333333333337;0.0;5.0;1.0;0.0;7.511111111111112;1.011111111111111;2.066666666666667;3.513333333333333;0.0;6.0;1.0;0.0;6.333333333333333;1.0;2.022222222222222;3.76;0.0;6.0;1.0;0.0;7.2555555555555555;1.011111111111111;2.022222222222222;3.3216666666666668;0.0;7.0;1.0;0.0;6.366666666666667;1.0;2.055555555555556;3.865;0.0;7.0;0.0
1.0;0.0;6.4444444444444455;1.0;2.077777777777778;3.948333333333333;0.0;3.0;1.0;0.0;7.122222222222224;1.011111111111111;2.088888888888889;4.073333333333333;0.0;4.0;1.0;0.0;6.477777777777778;1.0;2.0777777777777775;3.2533333333333334;0.0;4.0;1.0;0.0;7.588888888888889;1.011111111111111;2.0777777777777775;4.3533333333333335;0.0;5.0;1.0;0.0;6.3;1.0;2.033333333333333;3.2183333333333337;0.0;5.0;1.0;0.0;7.511111111111112;1.011111111111111;2.066666666666667;3.513333333333333;0.0;6.0;1.0;0.0;6.333333333333333;1.0;2.022222222222222;3.76;0.0;6.0;1.0;0.0;7.2555555555555555;1.011111111111111;2.022222222222222;3.3216666666666668;0.0;7.0;1.0;0.0;6.366666666666667;1.0;2.055555555555556;3.865;0.0;7.0;1.0;0.0;7.711111111111111;1.0222222222222224;2.088888888888889;4.683333333333334;0.0;8.0;0.0
1.0;0.0;7.122222222222224;1.011111111111111;2.088888888888889;4.073333333333333;0.0;4.0;1.0;0.0;6.477777777777778;1.0;2.0777777777777775;3.2533333333333334;0.0;4.0;1.0;0.0;7.588888888888889;1.011111111111111;2.0777777777777775;4.3533333333333335;0.0;5.0;1.0;0.0;6.3;1.0;2.033333333333333;3.2183333333333337;0.0;5.0;1.0;0.0;7.511111111111112;1.011111111111111;2.066666666666667;3.513333333333333;0.0;6.0;1.0;0.0;6.333333333333333;1.0;2.022222222222222;3.76;0.0;6.0;1.0;0.0;7.2555555555555555;1.011111111111111;2.022222222222222;3.3216666666666668;0.0;7.0;1.0;0.0;6.366666666666667;1.0;2.055555555555556;3.865;0.0;7.0;1.0;0.0;7.711111111111111;1.0222222222222224;2.088888888888889;4.683333333333334;0.0;8.0;1.0;0.0;6.3999999999999995;1.0444444444444445;2.1999999999999997;4.6000000000000005;0.0;8.0;0.0
1.0;0.0;6.477777777777778;1.0;2.0777777777777775;3.2533333333333334;0.0;4.0;1.0;0.0;7.588888888888889;1.011111111111111;2.0777777777777775;4.3533333333333335;0.0;5.0;1.0;0.0;6.3;1.0;2.033333333333333;3.2183333333333337;0.0;5.0;1.0;0.0;7.511111111111112;1.011111111111111;2.066666666666667;3.513333333333333;0.0;6.0;1.0;0.0;6.333333333333333;1.0;2.022222222222222;3.76;0.0;6.0;1.0;0.0;7.2555555555555555;1.011111111111111;2.022222222222222;3.3216666666666668;0.0;7.0;1.0;0.0;6.366666666666667;1.0;2.055555555555556;3.865;0.0;7.0;1.0;0.0;7.711111111111111;1.0222222222222224;2.088888888888889;4.683333333333334;0.0;8.0;1.0;0.0;6.3999999999999995;1.0444444444444445;2.1999999999999997;4.6000000000000005;0.0;8.0;1.0;0.0;7.533333333333332;1.1333333333333333;2.1999999999999997;4.153333333333333;0.0;9.0;0.0
1.0;0.0;7.588888888888889;1.011111111111111;2.0777777777777775;4.3533333333333335;0.0;5.0;1.0;0.0;6.3;1.0;2.033333333333333;3.2183333333333337;0.0;5.0;1.0;0.0;7.511111111111112;1.011111111111111;2.066666666666667;3.513333333333333;0.0;6.0;1.0;0.0;6.333333333333333;1.0;2.022222222222222;3.76;0.0;6.0;1.0;0.0;7.2555555555555555;1.011111111111111;2.022222222222222;3.3216666666666668;0.0;7.0;1.0;0.0;6.366666666666667;1.0;2.055555555555556;3.865;0.0;7.0;1.0;0.0;7.711111111111111;1.0222222222222224;2.088888888888889;4.683333333333334;0.0;8.0;1.0;0.0;6.3999999999999995;1.0444444444444445;2.1999999999999997;4.6000000000000005;0.0;8.0;1.0;0.0;7.533333333333332;1.1333333333333333;2.1999999999999997;4.153333333333333;0.0;9.0;1.0;0.0;6.633333333333334;1.5333333333333332;2.9;3.736666666666667;0.0;9.0;0.0
1.0;0.0;6.3;1.0;2.033333333333333;3.2183333333333337;0.0;5.0;1.0;0.0;7.511111111111112;1.011111111111111;2.066666666666667;3.513333333333333;0.0;6.0;1.0;0.0;6.333333333333333;1.0;2.022222222222222;3.76;0.0;6.0;1.0;0.0;7.2555555555555555;1.011111111111111;2.022222222222222;3.3216666666666668;0.0;7.0;1.0;0.0;6.366666666666667;1.0;2.055555555555556;3.865;0.0;7.0;1.0;0.0;7.711111111111111;1.0222222222222224;2.088888888888889;4.683333333333334;0.0;8.0;1.0;0.0;6.3999999999999995;1.0444444444444445;2.1999999999999997;4.6000000000000005;0.0;8.0;1.0;0.0;7.533333333333332;1.1333333333333333;2.1999999999999997;4.153333333333333;0.0;9.0;1.0;0.0;6.633333333333334;1.5333333333333332;2.9;3.736666666666667;0.0;9.0;1.0;0.0;7.544444444444444;1.3333333333333333;2.6444444444444444;4.5649999999999995;0.0;10.0;0.0
1.0;0.0;7.511111111111112;1.011111111111111;2.066666666666667;3.513333333333333;0.0;6.0;1.0;0.0;6.333333333333333;1.0;2.022222222222222;3.76;0.0;6.0;1.0;0.0;7.2555555555555555;1.011111111111111;2.022222222222222;3.3216666666666668;0.0;7.0;1.0;0.0;6.366666666666667;1.0;2.055555555555556;3.865;0.0;7.0;1.0;0.0;7.711111111111111;1.0222222222222224;2.088888888888889;4.683333333333334;0.0;8.0;1.0;0.0;6.3999999999999995;1.0444444444444445;2.1999999999999997;4.6000000000000005;0.0;8.0;1.0;0.0;7.533333333333332;1.1333333333333333;2.1999999999999997;4.153333333333333;0.0;9.0;1.0;0.0;6.633333333333334;1.5333333333333332;2.9;3.736666666666667;0.0;9.0;1.0;0.0;7.544444444444444;1.3333333333333333;2.6444444444444444;4.5649999999999995;0.0;10.0;1.0;0.0;6.611111111111112;0.16666666666666663;2.222222222222222;4.63;0.0;10.0;0.0
1.0;0.0;6.333333333333333;1.0;2.022222222222222;3.76;0.0;6.0;1.0;0.0;7.2555555555555555;1.011111111111111;2.022222222222222;3.3216666666666668;0.0;7.0;1.0;0.0;6.366666666666667;1.0;2.055555555555556;3.865;0.0;7.0;1.0;0.0;7.711111111111111;1.0222222222222224;2.088888888888889;4.683333333333334;0.0;8.0;1.0;0.0;6.3999999999999995;1.0444444444444445;2.1999999999999997;4.6000000000000005;0.0;8.0;1.0;0.0;7.533333333333332;1.1333333333333333;2.1999999999999997;4.153333333333333;0.0;9.0;1.0;0.0;6.633333333333334;1.5333333333333332;2.9;3.736666666666667;0.0;9.0;1.0;0.0;7.544444444444444;1.3333333333333333;2.6444444444444444;4.5649999999999995;0.0;10.0;1.0;0.0;6.611111111111112;0.16666666666666663;2.222222222222222;4.63;0.0;10.0;1.0;0.0;7.144444444444445;0.07777777777777771;2.1666666666666665;3.8316666666666666;0.0;11.0;0.0
1.0;0.0;7.2555555555555555;1.011111111111111;2.022222222222222;3.3216666666666668;0.0;7.0;1.0;0.0;6.366666666666667;1.0;2.055555555555556;3.865;0.0;7.0;1.0;0.0;7.711111111111111;1.0222222222222224;2.088888888888889;4.683333333333334;0.0;8.0;1.0;0.0;6.3999999999999995;1.0444444444444445;2.1999999999999997;4.6000000000000005;0.0;8.0;1.0;0.0;7.533333333333332;1.1333333333333333;2.1999999999999997;4.153333333333333;0.0;9.0;1.0;0.0;6.633333333333334;1.5333333333333332;2.9;3.736666666666667;0.0;9.0;1.0;0.0;7.544444444444444;1.3333333333333333;2.6444444444444444;4.5649999999999995;0.0;10.0;1.0;0.0;6.611111111111112;0.16666666666666663;2.222222222222222;4.63;0.0;10.0;1.0;0.0;7.144444444444445;0.07777777777777771;2.1666666666666665;3.8316666666666666;0.0;11.0;1.0;0.0;6.622222222222223;0.0666666666666666;2.1444444444444444;3.6550000000000007;0.0;11.0;0.0
1.0;0.0;6.366666666666667;1.0;2.055555555555556;3.865;0.0;7.0;1.0;0.0;7.711111111111111;1.0222222222222224;2.088888888888889;4.683333333333334;0.0;8.0;1.0;0.0;6.3999999999999995;1.0444444444444445;2.1999999999999997;4.6000000000000005;0.0;8.0;1.0;0.0;7.533333333333332;1.1333333333333333;2.1999999999999997;4.153333333333333;0.0;9.0;1.0;0.0;6.633333333333334;1.5333333333333332;2.9;3.736666666666667;0.0;9.0;1.0;0.0;7.544444444444444;1.3333333333333333;2.6444444444444444;4.5649999999999995;0.0;10.0;1.0;0.0;6.611111111111112;0.16666666666666663;2.222222222222222;4.63;0.0;10.0;1.0;0.0;7.144444444444445;0.07777777777777771;2.1666666666666665;3.8316666666666666;0.0;11.0;1.0;0.0;6.622222222222223;0.0666666666666666;2.1444444444444444;3.6550000000000007;0.0;11.0;1.0;0.0;7.277777777777778;0.07777777777777771;2.1222222222222222;3.693333333333334;0.0;12.0;0.0
1.0;0.0;7.711111111111111;1.0222222222222224;2.088888888888889;4.683333333333334;0.0;8.0;1.0;0.0;6.3999999999999995;1.0444444444444445;2.1999999999999997;4.6000000000000005;0.0;8.0;1.0;0.0;7.533333333333332;1.1333333333333333;2.1999999999999997;4.153333333333333;0.0;9.0;1.0;0.0;6.633333333333334;1.5333333333333332;2.9;3.736666666666667;0.0;9.0;1.0;0.0;7.544444444444444;1.3333333333333333;2.6444444444444444;4.5649999999999995;0.0;10.0;1.0;0.0;6.611111111111112;0.16666666666666663;2.222222222222222;4.63;0.0;10.0;1.0;0.0;7.144444444444445;0.07777777777777771;2.1666666666666665;3.8316666666666666;0.0;11.0;1.0;0.0;6.622222222222223;0.0666666666666666;2.1444444444444444;3.6550000000000007;0.0;11.0;1.0;0.0;7.277777777777778;0.07777777777777771;2.1222222222222222;3.693333333333334;0.0;12.0;1.0;0.18888888888888888;6.655555555555555;0.09999999999999994;2.2;3.92;0.0;12.0;0.0
1.0;0.0;6.3999999999999995;1.0444444444444445;2.1999999999999997;4.6000000000000005;0.0;8.0;1.0;0.0;7.533333333333332;1.1333333333333333;2.1999999999999997;4.153333333333333;0.0;9.0;1.0;0.0;6.633333333333334;1.5333333333333332;2.9;3.736666666666667;0.0;9.0;1.0;0.0;7.544444444444444;1.3333333333333333;2.6444444444444444;4.5649999999999995;0.0;10.0;1.0;0.0;6.611111111111112;0.16666666666666663;2.222222222222222;4.63;0.0;10.0;1.0;0.0;7.144444444444445;0.07777777777777771;2.1666666666666665;3.8316666666666666;0.0;11.0;1.0;0.0;6.622222222222223;0.0666666666666666;2.1444444444444444;3.6550000000000007;0.0;11.0;1.0;0.0;7.277777777777778;0.07777777777777771;2.1222222222222222;3.693333333333334;0.0;12.0;1.0;0.18888888888888888;6.655555555555555;0.09999999999999994;2.2;3.92;0.0;12.0;1.0;0.07777777777777778;7.277777777777779;0.07777777777777771;2.211111111111111;4.423333333333333;0.0;13.0;0.0
1.0;0.0;7.533333333333332;1.1333333333333333;2.1999999999999997;4.153333333333333;0.0;9.0;1.0;0.0;6.633333333333334;1.5333333333333332;2.9;3.736666666666667;0.0;9.0;1.0;0.0;7.544444444444444;1.3333333333333333;2.6444444444444444;4.5649999999999995;0.0;10.0;1.0;0.0;6.611111111111112;0.16666666666666663;2.222222222222222;4.63;0.0;10.0;1.0;0.0;7.144444444444445;0.07777777777777771;2.1666666666666665;3.8316666666666666;0.0;11.0;1.0;0.0;6.622222222222223;0.0666666666666666;2.1444444444444444;3.6550000000000007;0.0;11.0;1.0;0.0;7.277777777777778;0.07777777777777771;2.1222222222222222;3.693333333333334;0.0;12.0;1.0;0.18888888888888888;6.655555555555555;0.09999999999999994;2.2;3.92;0.0;12.0;1.0;0.07777777777777778;7.277777777777779;0.07777777777777771;2.211111111111111;4.423333333333333;0.0;13.0;1.0;0.0;6.3999999999999995;0.4222222222222222;2.3666666666666667;4.275;0.0;13.0;0.0
1.0;0.0;6.633333333333334;1.5333333333333332;2.9;3.736666666666667;0.0;9.0;1.0;0.0;7.544444444444444;1.3333333333333333;2.6444444444444444;4.5649999999999995;0.0;10.0;1.0;0.0;6.611111111111112;0.16666666666666663;2.222222222222222;4.63;0.0;10.0;1.0;0.0;7.144444444444445;0.07777777777777771;2.1666666666666665;3.8316666666666666;0.0;11.0;1.0;0.0;6.622222222222223;0.0666666666666666;2.1444444444444444;3.6550000000000007;0.0;11.0;1.0;0.0;7.277777777777778;0.07777777777777771;2.1222222222222222;3.693333333333334;0.0;12.0;1.0;0.18888888888888888;6.655555555555555;0.09999999999999994;2.2;3.92;0.0;12.0;1.0;0.07777777777777778;7.277777777777779;0.07777777777777771;2.211111111111111;4.423333333333333;0.0;13.0;1.0;0.0;6.3999999999999995;0.4222222222222222;2.3666666666666667;4.275;0.0;13.0;1.0;0.0;7.588888888888889;0.07777777777777771;2.222222222222222;3.5533333333333332;0.0;14.0;0.0
1.0;0.0;7.544444444444444;1.3333333333333333;2.6444444444444444;4.5649999999999995;0.0;10.0;1.0;0.0;6.611111111111112;0.16666666666666663;2.222222222222222;4.63;0.0;10.0;1.0;0.0;7.144444444444445;0.07777777777777771;2.1666666666666665;3.8316666666666666;0.0;11.0;1.0;0.0;6.622222222222223;0.0666666666666666;2.1444444444444444;3.6550000000000007;0.0;11.0;1.0;0.0;7.277777777777778;0.07777777777777771;2.1222222222222222;3.693333333333334;0.0;12.0;1.0;0.18888888888888888;6.655555555555555;0.09999999999999994;2.2;3.92;0.0;12.0;1.0;0.07777777777777778;7.277777777777779;0.07777777777777771;2.211111111111111;4.423333333333333;0.0;13.0;1.0;0.0;6.3999999999999995;0.4222222222222222;2.3666666666666667;4.275;0.0;13.0;1.0;0.0;7.588888888888889;0.07777777777777771;2.222222222222222;3.5533333333333332;0.0;14.0;1.0;0.0;6.511111111111112;0.0666666666666666;2.1777777777777776;3.991666666666667;0.0;14.0;0.0
1.0;0.0;6.611111111111112;0.16666666666666663;2.222222222222222;4.63;0.0;10.0;1.0;0.0;7.144444444444445;0.07777777777777771;2.1666666666666665;3.8316666666666666;0.0;11.0;1.0;0.0;6.622222222222223;0.0666666666666666;2.1444444444444444;3.6550000000000007;0.0;11.0;1.0;0.0;7.277777777777778;0.07777777777777771;2.1222222222222222;3.693333333333334;0.0;12.0;1.0;0.18888888888888888;6.655555555555555;0.09999999999999994;2.2;3.92;0.0;12.0;1.0;0.07777777777777778;7.277777777777779;0.07777777777777771;2.211111111111111;4.423333333333333;0.0;13.0;1.0;0.0;6.3999999999999995;0.4222222222222222;2.3666666666666667;4.275;0.0;13.0;1.0;0.0;7.588888888888889;0.07777777777777771;2.222222222222222;3.5533333333333332;0.0;14.0;1.0;0.0;6.511111111111112;0.0666666666666666;2.1777777777777776;3.991666666666667;0.0;14.0;1.9111111111111112;0.0111111111111111;8.677777777777777;31.666666666666668;35.922222222222224;3.3033333333333332;0.0;15.0;0.0
1.0;0.0;7.144444444444445;0.07777777777777771;2.1666666666666665;3.8316666666666666;0.0;11.0;1.0;0.0;6.622222222222223;0.0666666666666666;2.1444444444444444;3.6550000000000007;0.0;11.0;1.0;0.0;7.277777777777778;0.07777777777777771;2.1222222222222222;3.693333333333334;0.0;12.0;1.0;0.18888888888888888;6.655555555555555;0.09999999999999994;2.2;3.92;0.0;12.0;1.0;0.07777777777777778;7.277777777777779;0.07777777777777771;2.211111111111111;4.423333333333333;0.0;13.0;1.0;0.0;6.3999999999999995;0.4222222222222222;2.3666666666666667;4.275;0.0;13.0;1.0;0.0;7.588888888888889;0.07777777777777771;2.222222222222222;3.5533333333333332;0.0;14.0;1.0;0.0;6.511111111111112;0.0666666666666666;2.1777777777777776;3.991666666666667;0.0;14.0;1.9111111111111112;0.0111111111111111;8.677777777777777;31.666666666666668;35.922222222222224;3.3033333333333332;0.0;15.0;1.0;0.0;6.800000000000001;0.11111111111111109;2.3333333333333326;4.626666666666666;0.0;15.0;0.0
1.0;0.0;6.622222222222223;0.0666666666666666;2.1444444444444444;3.6550000000000007;0.0;11.0;1.0;0.0;7.277777777777778;0.07777777777777771;2.1222222222222222;3.693333333333334;0.0;12.0;1.0;0.18888888888888888;6.655555555555555;0.09999999999999994;2.2;3.92;0.0;12.0;1.0;0.07777777777777778;7.277777777777779;0.07777777777777771;2.211111111111111;4.423333333333333;0.0;13.0;1.0;0.0;6.3999999999999995;0.4222222222222222;2.3666666666666667;4.275;0.0;13.0;1.0;0.0;7.588888888888889;0.07777777777777771;2.222222222222222;3.5533333333333332;0.0;14.0;1.0;0.0;6.511111111111112;0.0666666666666666;2.1777777777777776;3.991666666666667;0.0;14.0;1.9111111111111112;0.0111111111111111;8.677777777777777;31.666666666666668;35.922222222222224;3.3033333333333332;0.0;15.0;1.0;0.0;6.800000000000001;0.11111111111111109;2.3333333333333326;4.626666666666666;0.0;15.0;1.0;0.0;7.400000000000001;0.5222222222222223;2.3444444444444437;4.206666666666668;0.0;16.0;0.0
1.0;0.0;7.277777777777778;0.07777777777777771;2.1222222222222222;3.693333333333334;0.0;12.0;1.0;0.18888888888888888;6.655555555555555;0.09999999999999994;2.2;3.92;0.0;12.0;1.0;0.07777777777777778;7.277777777777779;0.07777777777777771;2.211111111111111;4.423333333333333;0.0;13.0;1.0;0.0;6.3999999999999995;0.4222222222222222;2.3666666666666667;4.275;0.0;13.0;1.0;0.0;7.588888888888889;0.07777777777777771;2.222222222222222;3.5533333333333332;0.0;14.0;1.0;0.0;6.511111111111112;0.0666666666666666;2.1777777777777776;3.991666666666667;0.0;14.0;1.9111111111111112;0.0111111111111111;8.677777777777777;31.666666666666668;35.922222222222224;3.3033333333333332;0.0;15.0;1.0;0.0;6.800000000000001;0.11111111111111109;2.3333333333333326;4.626666666666666;0.0;15.0;1.0;0.0;7.400000000000001;0.5222222222222223;2.3444444444444437;4.206666666666668;0.0;16.0;1.0;0.0;6.755555555555556;1.0;2.3444444444444437;3.4849999999999994;0.0;16.0;0.0
1.0;0.18888888888888888;6.655555555555555;0.09999999999999994;2.2;3.92;0.0;12.0;1.0;0.07777777777777778;7.277777777777779;0.07777777777777771;2.211111111111111;4.423333333333333;0.0;13.0;1.0;0.0;6.3999999999999995;0.4222222222222222;2.3666666666666667;4.275;0.0;13.0;1.0;0.0;7.588888888888889;0.07777777777777771;2.222222222222222;3.5533333333333332;0.0;14.0;1.0;0.0;6.511111111111112;0.0666666666666666;2.1777777777777776;3.991666666666667;0.0;14.0;1.9111111111111112;0.0111111111111111;8.677777777777777;31.666666666666668;35.922222222222224;3.3033333333333332;0.0;15.0;1.0;0.0;6.800000000000001;0.11111111111111109;2.3333333333333326;4.626666666666666;0.0;15.0;1.0;0.0;7.400000000000001;0.5222222222222223;2.3444444444444437;4.206666666666668;0.0;16.0;1.0;0.0;6.755555555555556;1.0;2.3444444444444437;3.4849999999999994;0.0;16.0;1.0;0.0;7.477777777777778;1.011111111111111;2.3444444444444437;4.776666666666667;0.0;17.0;0.0
1.0;0.07777777777777778;7.277777777777779;0.07777777777777771;2.211111111111111;4.423333333333333;0.0;13.0;1.0;0.0;6.3999999999999995;0.4222222222222222;2.3666666666666667;4.275;0.0;13.0;1.0;0.0;7.588888888888889;0.07777777777777771;2.222222222222222;3.5533333333333332;0.0;14.0;1.0;0.0;6.511111111111112;0.0666666666666666;2.1777777777777776;3.991666666666667;0.0;14.0;1.9111111111111112;0.0111111111111111;8.677777777777777;31.666666666666668;35.922222222222224;3.3033333333333332;0.0;15.0;1.0;0.0;6.800000000000001;0.11111111111111109;2.3333333333333326;4.626666666666666;0.0;15.0;1.0;0.0;7.400000000000001;0.5222222222222223;2.3444444444444437;4.206666666666668;0.0;16.0;1.0;0.0;6.755555555555556;1.0;2.3444444444444437;3.4849999999999994;0.0;16.0;1.0;0.0;7.477777777777778;1.011111111111111;2.3444444444444437;4.776666666666667;0.0;17.0;1.0;0.0;6.766666666666667;1.0;2.3333333333333326;3.268333333333333;0.0;17.0;0.0
1.0;0.0;6.3999999999999995;0.4222222222222222;2.3666666666666667;4.275;0.0;13.0;1.0;0.0;7.588888888888889;0.07777777777777771;2.222222222222222;3.5533333333333332;0.0;14.0;1.0;0.0;6.511111111111112;0.0666666666666666;2.1777777777777776;3.991666666666667;0.0;14.0;1.9111111111111112;0.0111111111111111;8.677777777777777;31.666666666666668;35.922222222222224;3.3033333333333332;0.0;15.0;1.0;0.0;6.800000000000001;0.11111111111111109;2.3333333333333326;4.626666666666666;0.0;15.0;1.0;0.0;7.400000000000001;0.5222222222222223;2.3444444444444437;4.206666666666668;0.0;16.0;1.0;0.0;6.755555555555556;1.0;2.3444444444444437;3.4849999999999994;0.0;16.0;1.0;0.0;7.477777777777778;1.011111111111111;2.3444444444444437;4.776666666666667;0.0;17.0;1.0;0.0;6.766666666666667;1.0;2.3333333333333326;3.268333333333333;0.0;17.0;1.0;0.0;7.777777777777778;1.011111111111111;2.3444444444444437;3.2516666666666665;0.0;18.0;0.0
1.0;0.0;7.588888888888889;0.07777777777777771;2.222222222222222;3.5533333333333332;0.0;14.0;1.0;0.0;6.511111111111112;0.0666666666666666;2.1777777777777776;3.991666666666667;0.0;14.0;1.9111111111111112;0.0111111111111111;8.677777777777777;31.666666666666668;35.922222222222224;3.3033333333333332;0.0;15.0;1.0;0.0;6.800000000000001;0.11111111111111109;2.3333333333333326;4.626666666666666;0.0;15.0;1.0;0.0;7.400000000000001;0.5222222222222223;2.3444444444444437;4.206666666666668;0.0;16.0;1.0;0.0;6.755555555555556;1.0;2.3444444444444437;3.4849999999999994;0.0;16.0;1.0;0.0;7.477777777777778;1.011111111111111;2.3444444444444437;4.776666666666667;0.0;17.0;1.0;0.0;6.766666666666667;1.0;2.3333333333333326;3.268333333333333;0.0;17.0;1.0;0.0;7.777777777777778;1.011111111111111;2.3444444444444437;3.2516666666666665;0.0;18.0;1.0;0.0;6.800000000000001;1.0;2.3333333333333326;4.055;0.0;18.0;0.0
1.0;0.0;6.511111111111112;0.0666666666666666;2.1777777777777776;3.991666666666667;0.0;14.0;1.9111111111111112;0.0111111111111111;8.677777777777777;31.666666666666668;35.922222222222224;3.3033333333333332;0.0;15.0;1.0;0.0;6.800000000000001;0.11111111111111109;2.3333333333333326;4.626666666666666;0.0;15.0;1.0;0.0;7.400000000000001;0.5222222222222223;2.3444444444444437;4.206666666666668;0.0;16.0;1.0;0.0;6.755555555555556;1.0;2.3444444444444437;3.4849999999999994;0.0;16.0;1.0;0.0;7.477777777777778;1.011111111111111;2.3444444444444437;4.776666666666667;0.0;17.0;1.0;0.0;6.766666666666667;1.0;2.3333333333333326;3.268333333333333;0.0;17.0;1.0;0.0;7.777777777777778;1.011111111111111;2.3444444444444437;3.2516666666666665;0.0;18.0;1.0;0.0;6.800000000000001;1.0;2.3333333333333326;4.055;0.0;18.0;1.0;0.0;7.444444444444444;1.011111111111111;2.3444444444444437;4.273333333333333;0.0;19.0;0.0
1.9111111111111112;0.0111111111111111;8.677777777777777;31.666666666666668;35.922222222222224;3.3033333333333332;0.0;15.0;1.0;0.0;6.800000000000001;0.11111111111111109;2.3333333333333326;4.626666666666666;0.0;15.0;1.0;0.0;7.400000000000001;0.5222222222222223;2.3444444444444437;4.206666666666668;0.0;16.0;1.0;0.0;6.755555555555556;1.0;2.3444444444444437;3.4849999999999994;0.0;16.0;1.0;0.0;7.477777777777778;1.011111111111111;2.3444444444444437;4.776666666666667;0.0;17.0;1.0;0.0;6.766666666666667;1.0;2.3333333333333326;3.268333333333333;0.0;17.0;1.0;0.0;7.777777777777778;1.011111111111111;2.3444444444444437;3.2516666666666665;0.0;18.0;1.0;0.0;6.800000000000001;1.0;2.3333333333333326;4.055;0.0;18.0;1.0;0.0;7.444444444444444;1.011111111111111;2.3444444444444437;4.273333333333333;0.0;19.0;1.0;0.0;6.722222222222222;1.0;2.3333333333333326;3.6050000000000004;0.0;19.0;0.0
1.0;0.0;6.800000000000001;0.11111111111111109;2.3333333333333326;4.626666666666666;0.0;15.0;1.0;0.0;7.400000000000001;0.5222222222222223;2.3444444444444437;4.206666666666668;0.0;16.0;1.0;0.0;6.755555555555556;1.0;2.3444444444444437;3.4849999999999994;0.0;16.0;1.0;0.0;7.477777777777778;1.011111111111111;2.3444444444444437;4.776666666666667;0.0;17.0;1.0;0.0;6.766666666666667;1.0;2.3333333333333326;3.268333333333333;0.0;17.0;1.0;0.0;7.777777777777778;1.011111111111111;2.3444444444444437;3.2516666666666665;0.0;18.0;1.0;0.0;6.800000000000001;1.0;2.3333333333333326;4.055;0.0;18.0;1.0;0.0;7.444444444444444;1.011111111111111;2.3444444444444437;4.273333333333333;0.0;19.0;1.0;0.0;6.722222222222222;1.0;2.3333333333333326;3.6050000000000004;0.0;19.0;1.0;0.0;7.411111111111111;1.011111111111111;2.3444444444444437;3.47;0.0;20.0;0.0
1.0;0.0;7.400000000000001;0.5222222222222223;2.3444444444444437;4.206666666666668;0.0;16.0;1.0;0.0;6.755555555555556;1.0;2.3444444444444437;3.4849999999999994;0.0;16.0;1.0;0.0;7.477777777777778;1.011111111111111;2.3444444444444437;4.776666666666667;0.0;17.0;1.0;0.0;6.766666666666667;1.0;2.3333333333333326;3.268333333333333;0.0;17.0;1.0;0.0;7.777777777777778;1.011111111111111;2.3444444444444437;3.2516666666666665;0.0;18.0;1.0;0.0;6.800000000000001;1.0;2.3333333333333326;4.055;0.0;18.0;1.0;0.0;7.444444444444444;1.011111111111111;2.3444444444444437;4.273333333333333;0.0;19.0;1.0;0.0;6.722222222222222;1.0;2.3333333333333326;3.6050000000000004;0.0;19.0;1.0;0.0;7.411111111111111;1.011111111111111;2.3444444444444437;3.47;0.0;20.0;1.0;0.0;6.577777777777778;1.0;2.3333333333333326;4.208333333333333;0.0;20.0;0.0
1.0;0.0;6.755555555555556;1.0;2.3444444444444437;3.4849999999999994;0.0;16.0;1.0;0.0;7.477777777777778;1.011111111111111;2.3444444444444437;4.776666666666667;0.0;17.0;1.0;0.0;6.766666666666667;1.0;2.3333333333333326;3.268333333333333;0.0;17.0;1.0;0.0;7.777777777777778;1.011111111111111;2.3444444444444437;3.2516666666666665;0.0;18.0;1.0;0.0;6.800000000000001;1.0;2.3333333333333326;4.055;0.0;18.0;1.0;0.0;7.444444444444444;1.011111111111111;2.3444444444444437;4.273333333333333;0.0;19.0;1.0;0.0;6.722222222222222;1.0;2.3333333333333326;3.6050000000000004;0.0;19.0;1.0;0.0;7.411111111111111;1.011111111111111;2.3444444444444437;3.47;0.0;20.0;1.0;0.0;6.577777777777778;1.0;2.3333333333333326;4.208333333333333;0.0;20.0;1.0;0.0;7.488888888888888;1.011111111111111;2.3444444444444437;3.7166666666666663;0.0;21.0;0.0
1.0;0.0;7.477777777777778;1.011111111111111;2.3444444444444437;4.776666666666667;0.0;17.0;1.0;0.0;6.766666666666667;1.0;2.3333333333333326;3.268333333333333;0.0;17.0;1.0;0.0;7.777777777777778;1.011111111111111;2.3444444444444437;3.2516666666666665;0.0;18.0;1.0;0.0;6.800000000000001;1.0;2.3333333333333326;4.055;0.0;18.0;1.0;0.0;7.444444444444444;1.011111111111111;2.3444444444444437;4.273333333333333;0.0;19.0;1.0;0.0;6.722222222222222;1.0;2.3333333333333326;3.6050000000000004;0.0;19.0;1.0;0.0;7.411111111111111;1.011111111111111;2.3444444444444437;3.47;0.0;20.0;1.0;0.0;6.577777777777778;1.0;2.3333333333333326;4.208333333333333;0.0;20.0;1.0;0.0;7.488888888888888;1.011111111111111;2.3444444444444437;3.7166666666666663;0.0;21.0;1.0;0.0;6.5;1.0;2.3333333333333326;4.711666666666667;0.0;21.0;0.0
1.0;0.0;6.766666666666667;1.0;2.3333333333333326;3.268333333333333;0.0;17.0;1.0;0.0;7.777777777777778;1.011111111111111;2.3444444444444437;3.2516666666666665;0.0;18.0;1.0;0.0;6.800000000000001;1.0;2.3333333333333326;4.055;0.0;18.0;1.0;0.0;7.444444444444444;1.011111111111111;2.3444444444444437;4.273333333333333;0.0;19.0;1.0;0.0;6.722222222222222;1.0;2.3333333333333326;3.6050000000000004;0.0;19.0;1.0;0.0;7.411111111111111;1.011111111111111;2.3444444444444437;3.47;0.0;20.0;1.0;0.0;6.577777777777778;1.0;2.3333333333333326;4.208333333333333;0.0;20.0;1.0;0.0;7.488888888888888;1.011111111111111;2.3444444444444437;3.7166666666666663;0.0;21.0;1.0;0.0;6.5;1.0;2.3333333333333326;4.711666666666667;0.0;21.0;1.0;0.0;7.433333333333333;1.011111111111111;2.3444444444444437;4.176666666666666;0.0;22.0;0.0
1.0;0.0;7.777777777777778;1.011111111111111;2.3444444444444437;3.2516666666666665;0.0;18.0;1.0;0.0;6.800000000000001;1.0;2.3333333333333326;4.055;0.0;18.0;1.0;0.0;7.444444444444444;1.011111111111111;2.3444444444444437;4.273333333333333;0.0;19.0;1.0;0.0;6.722222222222222;1.0;2.3333333333333326;3.6050000000000004;0.0;19.0;1.0;0.0;7.411111111111111;1.011111111111111;2.3444444444444437;3.47;0.0;20.0;1.0;0.0;6.577777777777778;1.0;2.3333333333333326;4.208333333333333;0.0;20.0;1.0;0.0;7.488888888888888;1.011111111111111;2.3444444444444437;3.7166666666666663;0.0;21.0;1.0;0.0;6.5;1.0;2.3333333333333326;4.711666666666667;0.0;21.0;1.0;0.0;7.433333333333333;1.011111111111111;2.3444444444444437;4.176666666666666;0.0;22.0;1.0;0.0;6.733333333333333;1.0;2.3222222222222215;3.4966666666666666;0.0;22.0;0.0
1.0;0.0;6.800000000000001;1.0;2.3333333333333326;4.055;0.0;18.0;1.0;0.0;7.444444444444444;1.011111111111111;2.3444444444444437;4.273333333333333;0.0;19.0;1.0;0.0;6.722222222222222;1.0;2.3333333333333326;3.6050000000000004;0.0;19.0;1.0;0.0;7.411111111111111;1.011111111111111;2.3444444444444437;3.47;0.0;20.0;1.0;0.0;6.577777777777778;1.0;2.3333333333333326;4.208333333333333;0.0;20.0;1.0;0.0;7.488888888888888;1.011111111111111;2.3444444444444437;3.7166666666666663;0.0;21.0;1.0;0.0;6.5;1.0;2.3333333333333326;4.711666666666667;0.0;21.0;1.0;0.0;7.433333333333333;1.011111111111111;2.3444444444444437;4.176666666666666;0.0;22.0;1.0;0.0;6.733333333333333;1.0;2.3222222222222215;3.4966666666666666;0.0;22.0;1.0;0.0;7.5;1.011111111111111;2.3555555555555556;4.738333333333333;0.0;23.0;0.0
1.0;0.0;7.444444444444444;1.011111111111111;2.3444444444444437;4.273333333333333;0.0;19.0;1.0;0.0;6.722222222222222;1.0;2.3333333333333326;3.6050000000000004;0.0;19.0;1.0;0.0;7.411111111111111;1.011111111111111;2.3444444444444437;3.47;0.0;20.0;1.0;0.0;6.577777777777778;1.0;2.3333333333333326;4.208333333333333;0.0;20.0;1.0;0.0;7.488888888888888;1.011111111111111;2.3444444444444437;3.7166666666666663;0.0;21.0;1.0;0.0;6.5;1.0;2.3333333333333326;4.711666666666667;0.0;21.0;1.0;0.0;7.433333333333333;1.011111111111111;2.3444444444444437;4.176666666666666;0.0;22.0;1.0;0.0;6.733333333333333;1.0;2.3222222222222215;3.4966666666666666;0.0;22.0;1.0;0.0;7.5;1.011111111111111;2.3555555555555556;4.738333333333333;0.0;23.0;1.0;0.0;6.711111111111111;1.0;2.3333333333333326;3.8649999999999998;0.0;23.0;0.0
1.0;0.0;6.722222222222222;1.0;2.3333333333333326;3.6050000000000004;0.0;19.0;1.0;0.0;7.411111111111111;1.011111111111111;2.3444444444444437;3.47;0.0;20.0;1.0;0.0;6.577777777777778;1.0;2.3333333333333326;4.208333333333333;0.0;20.0;1.0;0.0;7.488888888888888;1.011111111111111;2.3444444444444437;3.7166666666666663;0.0;21.0;1.0;0.0;6.5;1.0;2.3333333333333326;4.711666666666667;0.0;21.0;1.0;0.0;7.433333333333333;1.011111111111111;2.3444444444444437;4.176666666666666;0.0;22.0;1.0;0.0;6.733333333333333;1.0;2.3222222222222215;3.4966666666666666;0.0;22.0;1.0;0.0;7.5;1.011111111111111;2.3555555555555556;4.738333333333333;0.0;23.0;1.0;0.0;6.711111111111111;1.0;2.3333333333333326;3.8649999999999998;0.0;23.0;1.0;0.0;7.955555555555556;1.011111111111111;2.3555555555555547;4.45;1.0;0.0;0.0
1.0;0.0;7.411111111111111;1.011111111111111;2.3444444444444437;3.47;0.0;20.0;1.0;0.0;6.577777777777778;1.0;2.3333333333333326;4.208333333333333;0.0;20.0;1.0;0.0;7.488888888888888;1.011111111111111;2.3444444444444437;3.7166666666666663;0.0;21.0;1.0;0.0;6.5;1.0;2.3333333333333326;4.711666666666667;0.0;21.0;1.0;0.0;7.433333333333333;1.011111111111111;2.3444444444444437;4.176666666666666;0.0;22.0;1.0;0.0;6.733333333333333;1.0;2.3222222222222215;3.4966666666666666;0.0;22.0;1.0;0.0;7.5;1.011111111111111;2.3555555555555556;4.738333333333333;0.0;23.0;1.0;0.0;6.711111111111111;1.0;2.3333333333333326;3.8649999999999998;0.0;23.0;1.0;0.0;7.955555555555556;1.011111111111111;2.3555555555555547;4.45;1.0;0.0;1.0333333333333334;0.0;6.795238095238095;1.0;2.3333333333333326;4.25;1.0;0.0;0.0
1.0;0.0;6.577777777777778;1.0;2.3333333333333326;4.208333333333333;0.0;20.0;1.0;0.0;7.488888888888888;1.011111111111111;2.3444444444444437;3.7166666666666663;0.0;21.0;1.0;0.0;6.5;1.0;2.3333333333333326;4.711666666666667;0.0;21.0;1.0;0.0;7.433333333333333;1.011111111111111;2.3444444444444437;4.176666666666666;0.0;22.0;1.0;0.0;6.733333333333333;1.0;2.3222222222222215;3.4966666666666666;0.0;22.0;1.0;0.0;7.5;1.011111111111111;2.3555555555555556;4.738333333333333;0.0;23.0;1.0;0.0;6.711111111111111;1.0;2.3333333333333326;3.8649999999999998;0.0;23.0;1.0;0.0;7.955555555555556;1.011111111111111;2.3555555555555547;4.45;1.0;0.0;1.0333333333333334;0.0;6.795238095238095;1.0;2.3333333333333326;4.25;1.0;0.0;1.0;0.0;7.444444444444444;1.011111111111111;2.3444444444444437;3.2216666666666662;1.0;1.0;0.0
1.0;0.0;7.488888888888888;1.011111111111111;2.3444444444444437;3.7166666666666663;0.0;21.0;1.0;0.0;6.5;1.0;2.3333333333333326;4.711666666666667;0.0;21.0;1.0;0.0;7.433333333333333;1.011111111111111;2.3444444444444437;4.176666666666666;0.0;22.0;1.0;0.0;6.733333333333333;1.0;2.3222222222222215;3.4966666666666666;0.0;22.0;1.0;0.0;7.5;1.011111111111111;2.3555555555555556;4.738333333333333;0.0;23.0;1.0;0.0;6.711111111111111;1.0;2.3333333333333326;3.8649999999999998;0.0;23.0;1.0;0.0;7.955555555555556;1.011111111111111;2.3555555555555547;4.45;1.0;0.0;1.0333333333333334;0.0;6.795238095238095;1.0;2.3333333333333326;4.25;1.0;0.0;1.0;0.0;7.444444444444444;1.011111111111111;2.3444444444444437;3.2216666666666662;1.0;1.0;1.0;0.0;6.544444444444444;1.011111111111111;2.344444444444444;3.776666666666666;1.0;1.0;0.0
1.0;0.0;6.5;1.0;2.3333333333333326;4.711666666666667;0.0;21.0;1.0;0.0;7.433333333333333;1.011111111111111;2.3444444444444437;4.176666666666666;0.0;22.0;1.0;0.0;6.733333333333333;1.0;2.3222222222222215;3.4966666666666666;0.0;22.0;1.0;0.0;7.5;1.011111111111111;2.3555555555555556;4.738333333333333;0.0;23.0;1.0;0.0;6.711111111111111;1.0;2.3333333333333326;3.8649999999999998;0.0;23.0;1.0;0.0;7.955555555555556;1.011111111111111;2.3555555555555547;4.45;1.0;0.0;1.0333333333333334;0.0;6.795238095238095;1.0;2.3333333333333326;4.25;1.0;0.0;1.0;0.0;7.444444444444444;1.011111111111111;2.3444444444444437;3.2216666666666662;1.0;1.0;1.0;0.0;6.544444444444444;1.011111111111111;2.344444444444444;3.776666666666666;1.0;1.0;1.0;0.0;7.788888888888889;1.011111111111111;2.3444444444444446;3.9483333333333337;1.0;2.0;0.0
1.0;0.0;7.433333333333333;1.011111111111111;2.3444444444444437;4.176666666666666;0.0;22.0;1.0;0.0;6.733333333333333;1.0;2.3222222222222215;3.4966666666666666;0.0;22.0;1.0;0.0;7.5;1.011111111111111;2.3555555555555556;4.738333333333333;0.0;23.0;1.0;0.0;6.711111111111111;1.0;2.3333333333333326;3.8649999999999998;0.0;23.0;1.0;0.0;7.955555555555556;1.011111111111111;2.3555555555555547;4.45;1.0;0.0;1.0333333333333334;0.0;6.795238095238095;1.0;2.3333333333333326;4.25;1.0;0.0;1.0;0.0;7.444444444444444;1.011111111111111;2.3444444444444437;3.2216666666666662;1.0;1.0;1.0;0.0;6.544444444444444;1.011111111111111;2.344444444444444;3.776666666666666;1.0;1.0;1.0;0.0;7.788888888888889;1.011111111111111;2.3444444444444446;3.9483333333333337;1.0;2.0;1.2444444444444445;0.0;27.511111111111116;5.322222222222222;2.4;5.375;1.0;2.0;0.0
1.0;0.0;6.733333333333333;1.0;2.3222222222222215;3.4966666666666666;0.0;22.0;1.0;0.0;7.5;1.011111111111111;2.3555555555555556;4.738333333333333;0.0;23.0;1.0;0.0;6.711111111111111;1.0;2.3333333333333326;3.8649999999999998;0.0;23.0;1.0;0.0;7.955555555555556;1.011111111111111;2.3555555555555547;4.45;1.0;0.0;1.0333333333333334;0.0;6.795238095238095;1.0;2.3333333333333326;4.25;1.0;0.0;1.0;0.0;7.444444444444444;1.011111111111111;2.3444444444444437;3.2216666666666662;1.0;1.0;1.0;0.0;6.544444444444444;1.011111111111111;2.344444444444444;3.776666666666666;1.0;1.0;1.0;0.0;7.788888888888889;1.011111111111111;2.3444444444444446;3.9483333333333337;1.0;2.0;1.2444444444444445;0.0;27.511111111111116;5.322222222222222;2.4;5.375;1.0;2.0;1.0;0.0;7.5;1.011111111111111;2.088888888888889;3.9150000000000005;1.0;3.0;0.0
1.0;0.0;7.5;1.011111111111111;2.3555555555555556;4.738333333333333;0.0;23.0;1.0;0.0;6.711111111111111;1.0;2.3333333333333326;3.8649999999999998;0.0;23.0;1.0;0.0;7.955555555555556;1.011111111111111;2.3555555555555547;4.45;1.0;0.0;1.0333333333333334;0.0;6.795238095238095;1.0;2.3333333333333326;4.25;1.0;0.0;1.0;0.0;7.444444444444444;1.011111111111111;2.3444444444444437;3.2216666666666662;1.0;1.0;1.0;0.0;6.544444444444444;1.011111111111111;2.344444444444444;3.776666666666666;1.0;1.0;1.0;0.0;7.788888888888889;1.011111111111111;2.3444444444444446;3.9483333333333337;1.0;2.0;1.2444444444444445;0.0;27.511111111111116;5.322222222222222;2.4;5.375;1.0;2.0;1.0;0.0;7.5;1.011111111111111;2.088888888888889;3.9150000000000005;1.0;3.0;1.0;0.0;7.277777777777779;1.0;2.1;3.106666666666666;1.0;3.0;0.0
1.0;0.0;6.711111111111111;1.0;2.3333333333333326;3.8649999999999998;0.0;23.0;1.0;0.0;7.955555555555556;1.011111111111111;2.3555555555555547;4.45;1.0;0.0;1.0333333333333334;0.0;6.795238095238095;1.0;2.3333333333333326;4.25;1.0;0.0;1.0;0.0;7.444444444444444;1.011111111111111;2.3444444444444437;3.2216666666666662;1.0;1.0;1.0;0.0;6.544444444444444;1.011111111111111;2.344444444444444;3.776666666666666;1.0;1.0;1.0;0.0;7.788888888888889;1.011111111111111;2.3444444444444446;3.9483333333333337;1.0;2.0;1.2444444444444445;0.0;27.511111111111116;5.322222222222222;2.4;5.375;1.0;2.0;1.0;0.0;7.5;1.011111111111111;2.088888888888889;3.9150000000000005;1.0;3.0;1.0;0.0;7.277777777777779;1.0;2.1;3.106666666666666;1.0;3.0;1.0;0.0;7.100000000000001;1.011111111111111;2.1;2.848333333333333;1.0;4.0;0.0
1.0;0.0;7.955555555555556;1.011111111111111;2.3555555555555547;4.45;1.0;0.0;1.0333333333333334;0.0;6.795238095238095;1.0;2.3333333333333326;4.25;1.0;0.0;1.0;0.0;7.444444444444444;1.011111111111111;2.3444444444444437;3.2216666666666662;1.0;1.0;1.0;0.0;6.544444444444444;1.011111111111111;2.344444444444444;3.776666666666666;1.0;1.0;1.0;0.0;7.788888888888889;1.011111111111111;2.3444444444444446;3.9483333333333337;1.0;2.0;1.2444444444444445;0.0;27.511111111111116;5.322222222222222;2.4;5.375;1.0;2.0;1.0;0.0;7.5;1.011111111111111;2.088888888888889;3.9150000000000005;1.0;3.0;1.0;0.0;7.277777777777779;1.0;2.1;3.106666666666666;1.0;3.0;1.0;0.0;7.100000000000001;1.011111111111111;2.1;2.848333333333333;1.0;4.0;1.0;0.0;6.222222222222222;1.0;2.0777777777777775;3.4299999999999997;1.0;4.0;0.0
1.0333333333333334;0.0;6.795238095238095;1.0;2.3333333333333326;4.25;1.0;0.0;1.0;0.0;7.444444444444444;1.011111111111111;2.3444444444444437;3.2216666666666662;1.0;1.0;1.0;0.0;6.544444444444444;1.011111111111111;2.344444444444444;3.776666666666666;1.0;1.0;1.0;0.0;7.788888888888889;1.011111111111111;2.3444444444444446;3.9483333333333337;1.0;2.0;1.2444444444444445;0.0;27.511111111111116;5.322222222222222;2.4;5.375;1.0;2.0;1.0;0.0;7.5;1.011111111111111;2.088888888888889;3.9150000000000005;1.0;3.0;1.0;0.0;7.277777777777779;1.0;2.1;3.106666666666666;1.0;3.0;1.0;0.0;7.100000000000001;1.011111111111111;2.1;2.848333333333333;1.0;4.0;1.0;0.0;6.222222222222222;1.0;2.0777777777777775;3.4299999999999997;1.0;4.0;1.0;0.0;7.888888888888888;1.011111111111111;2.1222222222222222;3.965;1.0;5.0;0.0
1.0;0.0;7.444444444444444;1.011111111111111;2.3444444444444437;3.2216666666666662;1.0;1.0;1.0;0.0;6.544444444444444;1.011111111111111;2.344444444444444;3.776666666666666;1.0;1.0;1.0;0.0;7.788888888888889;1.011111111111111;2.3444444444444446;3.9483333333333337;1.0;2.0;1.2444444444444445;0.0;27.511111111111116;5.322222222222222;2.4;5.375;1.0;2.0;1.0;0.0;7.5;1.011111111111111;2.088888888888889;3.9150000000000005;1.0;3.0;1.0;0.0;7.277777777777779;1.0;2.1;3.106666666666666;1.0;3.0;1.0;0.0;7.100000000000001;1.011111111111111;2.1;2.848333333333333;1.0;4.0;1.0;0.0;6.222222222222222;1.0;2.0777777777777775;3.4299999999999997;1.0;4.0;1.0;0.0;7.888888888888888;1.011111111111111;2.1222222222222222;3.965;1.0;5.0;1.0;0.0;6.544444444444444;1.0;2.088888888888889;3.0583333333333336;1.0;5.0;0.0
1.0;0.0;6.544444444444444;1.011111111111111;2.344444444444444;3.776666666666666;1.0;1.0;1.0;0.0;7.788888888888889;1.011111111111111;2.3444444444444446;3.9483333333333337;1.0;2.0;1.2444444444444445;0.0;27.511111111111116;5.322222222222222;2.4;5.375;1.0;2.0;1.0;0.0;7.5;1.011111111111111;2.088888888888889;3.9150000000000005;1.0;3.0;1.0;0.0;7.277777777777779;1.0;2.1;3.106666666666666;1.0;3.0;1.0;0.0;7.100000000000001;1.011111111111111;2.1;2.848333333333333;1.0;4.0;1.0;0.0;6.222222222222222;1.0;2.0777777777777775;3.4299999999999997;1.0;4.0;1.0;0.0;7.888888888888888;1.011111111111111;2.1222222222222222;3.965;1.0;5.0;1.0;0.0;6.544444444444444;1.0;2.088888888888889;3.0583333333333336;1.0;5.0;1.0;0.0;7.2;1.011111111111111;2.111111111111111;3.396666666666667;1.0;6.0;0.0
1.0;0.0;7.788888888888889;1.011111111111111;2.3444444444444446;3.9483333333333337;1.0;2.0;1.2444444444444445;0.0;27.511111111111116;5.322222222222222;2.4;5.375;1.0;2.0;1.0;0.0;7.5;1.011111111111111;2.088888888888889;3.9150000000000005;1.0;3.0;1.0;0.0;7.277777777777779;1.0;2.1;3.106666666666666;1.0;3.0;1.0;0.0;7.100000000000001;1.011111111111111;2.1;2.848333333333333;1.0;4.0;1.0;0.0;6.222222222222222;1.0;2.0777777777777775;3.4299999999999997;1.0;4.0;1.0;0.0;7.888888888888888;1.011111111111111;2.1222222222222222;3.965;1.0;5.0;1.0;0.0;6.544444444444444;1.0;2.088888888888889;3.0583333333333336;1.0;5.0;1.0;0.0;7.2;1.011111111111111;2.111111111111111;3.396666666666667;1.0;6.0;1.0;0.0;7.155555555555556;1.0;2.111111111111111;3.3966666666666665;1.0;6.0;0.0
1.2444444444444445;0.0;27.511111111111116;5.322222222222222;2.4;5.375;1.0;2.0;1.0;0.0;7.5;1.011111111111111;2.088888888888889;3.9150000000000005;1.0;3.0;1.0;0.0;7.277777777777779;1.0;2.1;3.106666666666666;1.0;3.0;1.0;0.0;7.100000000000001;1.011111111111111;2.1;2.848333333333333;1.0;4.0;1.0;0.0;6.222222222222222;1.0;2.0777777777777775;3.4299999999999997;1.0;4.0;1.0;0.0;7.888888888888888;1.011111111111111;2.1222222222222222;3.965;1.0;5.0;1.0;0.0;6.544444444444444;1.0;2.088888888888889;3.0583333333333336;1.0;5.0;1.0;0.0;7.2;1.011111111111111;2.111111111111111;3.396666666666667;1.0;6.0;1.0;0.0;7.155555555555556;1.0;2.111111111111111;3.3966666666666665;1.0;6.0;1.0;0.0;7.577777777777777;1.011111111111111;2.077777777777778;2.733333333333333;1.0;7.0;0.0
1.0;0.0;7.5;1.011111111111111;2.088888888888889;3.9150000000000005;1.0;3.0;1.0;0.0;7.277777777777779;1.0;2.1;3.106666666666666;1.0;3.0;1.0;0.0;7.100000000000001;1.011111111111111;2.1;2.848333333333333;1.0;4.0;1.0;0.0;6.222222222222222;1.0;2.0777777777777775;3.4299999999999997;1.0;4.0;1.0;0.0;7.888888888888888;1.011111111111111;2.1222222222222222;3.965;1.0;5.0;1.0;0.0;6.544444444444444;1.0;2.088888888888889;3.0583333333333336;1.0;5.0;1.0;0.0;7.2;1.011111111111111;2.111111111111111;3.396666666666667;1.0;6.0;1.0;0.0;7.155555555555556;1.0;2.111111111111111;3.3966666666666665;1.0;6.0;1.0;0.0;7.577777777777777;1.011111111111111;2.077777777777778;2.733333333333333;1.0;7.0;1.0;0.0;6.322222222222223;1.0;2.077777777777778;3.235;1.0;7.0;0.0
1.0;0.0;7.277777777777779;1.0;2.1;3.106666666666666;1.0;3.0;1.0;0.0;7.100000000000001;1.011111111111111;2.1;2.848333333333333;1.0;4.0;1.0;0.0;6.222222222222222;1.0;2.0777777777777775;3.4299999999999997;1.0;4.0;1.0;0.0;7.888888888888888;1.011111111111111;2.1222222222222222;3.965;1.0;5.0;1.0;0.0;6.544444444444444;1.0;2.088888888888889;3.0583333333333336;1.0;5.0;1.0;0.0;7.2;1.011111111111111;2.111111111111111;3.396666666666667;1.0;6.0;1.0;0.0;7.155555555555556;1.0;2.111111111111111;3.3966666666666665;1.0;6.0;1.0;0.0;7.577777777777777;1.011111111111111;2.077777777777778;2.733333333333333;1.0;7.0;1.0;0.0;6.322222222222223;1.0;2.077777777777778;3.235;1.0;7.0;1.0;0.0;7.4111111111111105;1.011111111111111;2.1222222222222222;2.8466666666666662;1.0;8.0;0.0
1.0;0.0;7.100000000000001;1.011111111111111;2.1;2.848333333333333;1.0;4.0;1.0;0.0;6.222222222222222;1.0;2.0777777777777775;3.4299999999999997;1.0;4.0;1.0;0.0;7.888888888888888;1.011111111111111;2.1222222222222222;3.965;1.0;5.0;1.0;0.0;6.544444444444444;1.0;2.088888888888889;3.0583333333333336;1.0;5.0;1.0;0.0;7.2;1.011111111111111;2.111111111111111;3.396666666666667;1.0;6.0;1.0;0.0;7.155555555555556;1.0;2.111111111111111;3.3966666666666665;1.0;6.0;1.0;0.0;7.577777777777777;1.011111111111111;2.077777777777778;2.733333333333333;1.0;7.0;1.0;0.0;6.322222222222223;1.0;2.077777777777778;3.235;1.0;7.0;1.0;0.0;7.4111111111111105;1.011111111111111;2.1222222222222222;2.8466666666666662;1.0;8.0;1.0;0.6666666666666666;6.688888888888889;1.0;2.111111111111111;3.608333333333333;1.0;8.0;0.0
1.0;0.0;6.222222222222222;1.0;2.0777777777777775;3.4299999999999997;1.0;4.0;1.0;0.0;7.888888888888888;1.011111111111111;2.1222222222222222;3.965;1.0;5.0;1.0;0.0;6.544444444444444;1.0;2.088888888888889;3.0583333333333336;1.0;5.0;1.0;0.0;7.2;1.011111111111111;2.111111111111111;3.396666666666667;1.0;6.0;1.0;0.0;7.155555555555556;1.0;2.111111111111111;3.3966666666666665;1.0;6.0;1.0;0.0;7.577777777777777;1.011111111111111;2.077777777777778;2.733333333333333;1.0;7.0;1.0;0.0;6.322222222222223;1.0;2.077777777777778;3.235;1.0;7.0;1.0;0.0;7.4111111111111105;1.011111111111111;2.1222222222222222;2.8466666666666662;1.0;8.0;1.0;0.6666666666666666;6.688888888888889;1.0;2.111111111111111;3.608333333333333;1.0;8.0;1.6555555555555557;0.0;10.488888888888889;1.1666666666666667;2.255555555555555;5.358333333333333;1.0;9.0;0.0
1.0;0.0;7.888888888888888;1.011111111111111;2.1222222222222222;3.965;1.0;5.0;1.0;0.0;6.544444444444444;1.0;2.088888888888889;3.0583333333333336;1.0;5.0;1.0;0.0;7.2;1.011111111111111;2.111111111111111;3.396666666666667;1.0;6.0;1.0;0.0;7.155555555555556;1.0;2.111111111111111;3.3966666666666665;1.0;6.0;1.0;0.0;7.577777777777777;1.011111111111111;2.077777777777778;2.733333333333333;1.0;7.0;1.0;0.0;6.322222222222223;1.0;2.077777777777778;3.235;1.0;7.0;1.0;0.0;7.4111111111111105;1.011111111111111;2.1222222222222222;2.8466666666666662;1.0;8.0;1.0;0.6666666666666666;6.688888888888889;1.0;2.111111111111111;3.608333333333333;1.0;8.0;1.6555555555555557;0.0;10.488888888888889;1.1666666666666667;2.255555555555555;5.358333333333333;1.0;9.0;1.0;0.0;6.677777777777778;1.0;2.088888888888889;3.9916666666666667;1.0;9.0;0.0
1.0;0.0;6.544444444444444;1.0;2.088888888888889;3.0583333333333336;1.0;5.0;1.0;0.0;7.2;1.011111111111111;2.111111111111111;3.396666666666667;1.0;6.0;1.0;0.0;7.155555555555556;1.0;2.111111111111111;3.3966666666666665;1.0;6.0;1.0;0.0;7.577777777777777;1.011111111111111;2.077777777777778;2.733333333333333;1.0;7.0;1.0;0.0;6.322222222222223;1.0;2.077777777777778;3.235;1.0;7.0;1.0;0.0;7.4111111111111105;1.011111111111111;2.1222222222222222;2.8466666666666662;1.0;8.0;1.0;0.6666666666666666;6.688888888888889;1.0;2.111111111111111;3.608333333333333;1.0;8.0;1.6555555555555557;0.0;10.488888888888889;1.1666666666666667;2.255555555555555;5.358333333333333;1.0;9.0;1.0;0.0;6.677777777777778;1.0;2.088888888888889;3.9916666666666667;1.0;9.0;1.0;0.0;8.1;1.0666666666666667;2.1;3.431666666666666;1.0;10.0;0.0
1.0;0.0;7.2;1.011111111111111;2.111111111111111;3.396666666666667;1.0;6.0;1.0;0.0;7.155555555555556;1.0;2.111111111111111;3.3966666666666665;1.0;6.0;1.0;0.0;7.577777777777777;1.011111111111111;2.077777777777778;2.733333333333333;1.0;7.0;1.0;0.0;6.322222222222223;1.0;2.077777777777778;3.235;1.0;7.0;1.0;0.0;7.4111111111111105;1.011111111111111;2.1222222222222222;2.8466666666666662;1.0;8.0;1.0;0.6666666666666666;6.688888888888889;1.0;2.111111111111111;3.608333333333333;1.0;8.0;1.6555555555555557;0.0;10.488888888888889;1.1666666666666667;2.255555555555555;5.358333333333333;1.0;9.0;1.0;0.0;6.677777777777778;1.0;2.088888888888889;3.9916666666666667;1.0;9.0;1.0;0.0;8.1;1.0666666666666667;2.1;3.431666666666666;1.0;10.0;1.0;0.0;6.633333333333333;1.0666666666666667;2.0666666666666664;3.8966666666666665;1.0;10.0;0.0
1.0;0.0;7.155555555555556;1.0;2.111111111111111;3.3966666666666665;1.0;6.0;1.0;0.0;7.577777777777777;1.011111111111111;2.077777777777778;2.733333333333333;1.0;7.0;1.0;0.0;6.322222222222223;1.0;2.077777777777778;3.235;1.0;7.0;1.0;0.0;7.4111111111111105;1.011111111111111;2.1222222222222222;2.8466666666666662;1.0;8.0;1.0;0.6666666666666666;6.688888888888889;1.0;2.111111111111111;3.608333333333333;1.0;8.0;1.6555555555555557;0.0;10.488888888888889;1.1666666666666667;2.255555555555555;5.358333333333333;1.0;9.0;1.0;0.0;6.677777777777778;1.0;2.088888888888889;3.9916666666666667;1.0;9.0;1.0;0.0;8.1;1.0666666666666667;2.1;3.431666666666666;1.0;10.0;1.0;0.0;6.633333333333333;1.0666666666666667;2.0666666666666664;3.8966666666666665;1.0;10.0;1.0;0.0;7.7;1.0777777777777777;2.111111111111111;4.023333333333333;1.0;11.0;0.0
1.0;0.0;7.577777777777777;1.011111111111111;2.077777777777778;2.733333333333333;1.0;7.0;1.0;0.0;6.322222222222223;1.0;2.077777777777778;3.235;1.0;7.0;1.0;0.0;7.4111111111111105;1.011111111111111;2.1222222222222222;2.8466666666666662;1.0;8.0;1.0;0.6666666666666666;6.688888888888889;1.0;2.111111111111111;3.608333333333333;1.0;8.0;1.6555555555555557;0.0;10.488888888888889;1.1666666666666667;2.255555555555555;5.358333333333333;1.0;9.0;1.0;0.0;6.677777777777778;1.0;2.088888888888889;3.9916666666666667;1.0;9.0;1.0;0.0;8.1;1.0666666666666667;2.1;3.431666666666666;1.0;10.0;1.0;0.0;6.633333333333333;1.0666666666666667;2.0666666666666664;3.8966666666666665;1.0;10.0;1.0;0.0;7.7;1.0777777777777777;2.111111111111111;4.023333333333333;1.0;11.0;1.0;0.0;6.566666666666666;1.0777777777777777;2.111111111111111;3.6566666666666663;1.0;11.0;0.0
1.0;0.0;6.322222222222223;1.0;2.077777777777778;3.235;1.0;7.0;1.0;0.0;7.4111111111111105;1.011111111111111;2.1222222222222222;2.8466666666666662;1.0;8.0;1.0;0.6666666666666666;6.688888888888889;1.0;2.111111111111111;3.608333333333333;1.0;8.0;1.6555555555555557;0.0;10.488888888888889;1.1666666666666667;2.255555555555555;5.358333333333333;1.0;9.0;1.0;0.0;6.677777777777778;1.0;2.088888888888889;3.9916666666666667;1.0;9.0;1.0;0.0;8.1;1.0666666666666667;2.1;3.431666666666666;1.0;10.0;1.0;0.0;6.633333333333333;1.0666666666666667;2.0666666666666664;3.8966666666666665;1.0;10.0;1.0;0.0;7.7;1.0777777777777777;2.111111111111111;4.023333333333333;1.0;11.0;1.0;0.0;6.566666666666666;1.0777777777777777;2.111111111111111;3.6566666666666663;1.0;11.0;1.8555555555555554;0.0;10.322222222222223;1.2444444444444445;2.244444444444444;5.5233333333333325;1.0;12.0;0.0
1.0;0.0;7.4111111111111105;1.011111111111111;2.1222222222222222;2.8466666666666662;1.0;8.0;1.0;0.6666666666666666;6.688888888888889;1.0;2.111111111111111;3.608333333333333;1.0;8.0;1.6555555555555557;0.0;10.488888888888889;1.1666666666666667;2.255555555555555;5.358333333333333;1.0;9.0;1.0;0.0;6.677777777777778;1.0;2.088888888888889;3.9916666666666667;1.0;9.0;1.0;0.0;8.1;1.0666666666666667;2.1;3.431666666666666;1.0;10.0;1.0;0.0;6.633333333333333;1.0666666666666667;2.0666666666666664;3.8966666666666665;1.0;10.0;1.0;0.0;7.7;1.0777777777777777;2.111111111111111;4.023333333333333;1.0;11.0;1.0;0.0;6.566666666666666;1.0777777777777777;2.111111111111111;3.6566666666666663;1.0;11.0;1.8555555555555554;0.0;10.322222222222223;1.2444444444444445;2.244444444444444;5.5233333333333325;1.0;12.0;1.0;0.0;6.533333333333334;1.0777777777777777;2.111111111111111;4.411666666666666;1.0;12.0;0.0
1.0;0.6666666666666666;6.688888888888889;1.0;2.111111111111111;3.608333333333333;1.0;8.0;1.6555555555555557;0.0;10.488888888888889;1.1666666666666667;2.255555555555555;5.358333333333333;1.0;9.0;1.0;0.0;6.677777777777778;1.0;2.088888888888889;3.9916666666666667;1.0;9.0;1.0;0.0;8.1;1.0666666666666667;2.1;3.431666666666666;1.0;10.0;1.0;0.0;6.633333333333333;1.0666666666666667;2.0666666666666664;3.8966666666666665;1.0;10.0;1.0;0.0;7.7;1.0777777777777777;2.111111111111111;4.023333333333333;1.0;11.0;1.0;0.0;6.566666666666666;1.0777777777777777;2.111111111111111;3.6566666666666663;1.0;11.0;1.8555555555555554;0.0;10.322222222222223;1.2444444444444445;2.244444444444444;5.5233333333333325;1.0;12.0;1.0;0.0;6.533333333333334;1.0777777777777777;2.111111111111111;4.411666666666666;1.0;12.0;1.0;0.0;7.466666666666666;1.0777777777777777;2.111111111111111;3.6733333333333333;1.0;13.0;0.0
1.6555555555555557;0.0;10.488888888888889;1.1666666666666667;2.255555555555555;5.358333333333333;1.0;9.0;1.0;0.0;6.677777777777778;1.0;2.088888888888889;3.9916666666666667;1.0;9.0;1.0;0.0;8.1;1.0666666666666667;2.1;3.431666666666666;1.0;10.0;1.0;0.0;6.633333333333333;1.0666666666666667;2.0666666666666664;3.8966666666666665;1.0;10.0;1.0;0.0;7.7;1.0777777777777777;2.111111111111111;4.023333333333333;1.0;11.0;1.0;0.0;6.566666666666666;1.0777777777777777;2.111111111111111;3.6566666666666663;1.0;11.0;1.8555555555555554;0.0;10.322222222222223;1.2444444444444445;2.244444444444444;5.5233333333333325;1.0;12.0;1.0;0.0;6.533333333333334;1.0777777777777777;2.111111111111111;4.411666666666666;1.0;12.0;1.0;0.0;7.466666666666666;1.0777777777777777;2.111111111111111;3.6733333333333333;1.0;13.0;1.1666666666666667;0.0;7.3;29.877777777777776;32.01111111111111;3.8966666666666665;1.0;13.0;0.0
1.0;0.0;6.677777777777778;1.0;2.088888888888889;3.9916666666666667;1.0;9.0;1.0;0.0;8.1;1.0666666666666667;2.1;3.431666666666666;1.0;10.0;1.0;0.0;6.633333333333333;1.0666666666666667;2.0666666666666664;3.8966666666666665;1.0;10.0;1.0;0.0;7.7;1.0777777777777777;2.111111111111111;4.023333333333333;1.0;11.0;1.0;0.0;6.566666666666666;1.0777777777777777;2.111111111111111;3.6566666666666663;1.0;11.0;1.8555555555555554;0.0;10.322222222222223;1.2444444444444445;2.244444444444444;5.5233333333333325;1.0;12.0;1.0;0.0;6.533333333333334;1.0777777777777777;2.111111111111111;4.411666666666666;1.0;12.0;1.0;0.0;7.466666666666666;1.0777777777777777;2.111111111111111;3.6733333333333333;1.0;13.0;1.1666666666666667;0.0;7.3;29.877777777777776;32.01111111111111;3.8966666666666665;1.0;13.0;1.433333333333333;0.0;9.022222222222224;33.21111111111111;36.22222222222222;5.135000000000001;1.0;14.0;0.0
1.0;0.0;8.1;1.0666666666666667;2.1;3.431666666666666;1.0;10.0;1.0;0.0;6.633333333333333;1.0666666666666667;2.0666666666666664;3.8966666666666665;1.0;10.0;1.0;0.0;7.7;1.0777777777777777;2.111111111111111;4.023333333333333;1.0;11.0;1.0;0.0;6.566666666666666;1.0777777777777777;2.111111111111111;3.6566666666666663;1.0;11.0;1.8555555555555554;0.0;10.322222222222223;1.2444444444444445;2.244444444444444;5.5233333333333325;1.0;12.0;1.0;0.0;6.533333333333334;1.0777777777777777;2.111111111111111;4.411666666666666;1.0;12.0;1.0;0.0;7.466666666666666;1.0777777777777777;2.111111111111111;3.6733333333333333;1.0;13.0;1.1666666666666667;0.0;7.3;29.877777777777776;32.01111111111111;3.8966666666666665;1.0;13.0;1.433333333333333;0.0;9.022222222222224;33.21111111111111;36.22222222222222;5.135000000000001;1.0;14.0;1.1333333333333333;0.0;6.822222222222222;5.233333333333333;6.855555555555554;4.668333333333334;1.0;14.0;0.0
1.0;0.0;6.633333333333333;1.0666666666666667;2.0666666666666664;3.8966666666666665;1.0;10.0;1.0;0.0;7.7;1.0777777777777777;2.111111111111111;4.023333333333333;1.0;11.0;1.0;0.0;6.566666666666666;1.0777777777777777;2.111111111111111;3.6566666666666663;1.0;11.0;1.8555555555555554;0.0;10.322222222222223;1.2444444444444445;2.244444444444444;5.5233333333333325;1.0;12.0;1.0;0.0;6.533333333333334;1.0777777777777777;2.111111111111111;4.411666666666666;1.0;12.0;1.0;0.0;7.466666666666666;1.0777777777777777;2.111111111111111;3.6733333333333333;1.0;13.0;1.1666666666666667;0.0;7.3;29.877777777777776;32.01111111111111;3.8966666666666665;1.0;13.0;1.433333333333333;0.0;9.022222222222224;33.21111111111111;36.22222222222222;5.135000000000001;1.0;14.0;1.1333333333333333;0.0;6.822222222222222;5.233333333333333;6.855555555555554;4.668333333333334;1.0;14.0;1.4666666666666668;0.0;8.433333333333334;13.055555555555555;16.01111111111111;4.636666666666666;1.0;15.0;0.0
1.0;0.0;7.7;1.0777777777777777;2.111111111111111;4.023333333333333;1.0;11.0;1.0;0.0;6.566666666666666;1.0777777777777777;2.111111111111111;3.6566666666666663;1.0;11.0;1.8555555555555554;0.0;10.322222222222223;1.2444444444444445;2.244444444444444;5.5233333333333325;1.0;12.0;1.0;0.0;6.533333333333334;1.0777777777777777;2.111111111111111;4.411666666666666;1.0;12.0;1.0;0.0;7.466666666666666;1.0777777777777777;2.111111111111111;3.6733333333333333;1.0;13.0;1.1666666666666667;0.0;7.3;29.877777777777776;32.01111111111111;3.8966666666666665;1.0;13.0;1.433333333333333;0.0;9.022222222222224;33.21111111111111;36.22222222222222;5.135000000000001;1.0;14.0;1.1333333333333333;0.0;6.822222222222222;5.233333333333333;6.855555555555554;4.668333333333334;1.0;14.0;1.4666666666666668;0.0;8.433333333333334;13.055555555555555;16.01111111111111;4.636666666666666;1.0;15.0;1.0;0.0;6.888888888888888;1.0666666666666667;2.3555555555555556;4.411666666666666;1.0;15.0;0.0
1.0;0.0;6.566666666666666;1.0777777777777777;2.111111111111111;3.6566666666666663;1.0;11.0;1.8555555555555554;0.0;10.322222222222223;1.2444444444444445;2.244444444444444;5.5233333333333325;1.0;12.0;1.0;0.0;6.533333333333334;1.0777777777777777;2.111111111111111;4.411666666666666;1.0;12.0;1.0;0.0;7.466666666666666;1.0777777777777777;2.111111111111111;3.6733333333333333;1.0;13.0;1.1666666666666667;0.0;7.3;29.877777777777776;32.01111111111111;3.8966666666666665;1.0;13.0;1.433333333333333;0.0;9.022222222222224;33.21111111111111;36.22222222222222;5.135000000000001;1.0;14.0;1.1333333333333333;0.0;6.822222222222222;5.233333333333333;6.855555555555554;4.668333333333334;1.0;14.0;1.4666666666666668;0.0;8.433333333333334;13.055555555555555;16.01111111111111;4.636666666666666;1.0;15.0;1.0;0.0;6.888888888888888;1.0666666666666667;2.3555555555555556;4.411666666666666;1.0;15.0;1.0;0.0;7.611111111111111;1.0666666666666667;2.355555555555555;4.25;1.0;16.0;0.0
1.8555555555555554;0.0;10.322222222222223;1.2444444444444445;2.244444444444444;5.5233333333333325;1.0;12.0;1.0;0.0;6.533333333333334;1.0777777777777777;2.111111111111111;4.411666666666666;1.0;12.0;1.0;0.0;7.466666666666666;1.0777777777777777;2.111111111111111;3.6733333333333333;1.0;13.0;1.1666666666666667;0.0;7.3;29.877777777777776;32.01111111111111;3.8966666666666665;1.0;13.0;1.433333333333333;0.0;9.022222222222224;33.21111111111111;36.22222222222222;5.135000000000001;1.0;14.0;1.1333333333333333;0.0;6.822222222222222;5.233333333333333;6.855555555555554;4.668333333333334;1.0;14.0;1.4666666666666668;0.0;8.433333333333334;13.055555555555555;16.01111111111111;4.636666666666666;1.0;15.0;1.0;0.0;6.888888888888888;1.0666666666666667;2.3555555555555556;4.411666666666666;1.0;15.0;1.0;0.0;7.611111111111111;1.0666666666666667;2.355555555555555;4.25;1.0;16.0;1.0;0.0;6.777777777777779;1.0555555555555556;2.3222222222222215;3.22;1.0;16.0;0.0
1.0;0.0;6.533333333333334;1.0777777777777777;2.111111111111111;4.411666666666666;1.0;12.0;1.0;0.0;7.466666666666666;1.0777777777777777;2.111111111111111;3.6733333333333333;1.0;13.0;1.1666666666666667;0.0;7.3;29.877777777777776;32.01111111111111;3.8966666666666665;1.0;13.0;1.433333333333333;0.0;9.022222222222224;33.21111111111111;36.22222222222222;5.135000000000001;1.0;14.0;1.1333333333333333;0.0;6.822222222222222;5.233333333333333;6.855555555555554;4.668333333333334;1.0;14.0;1.4666666666666668;0.0;8.433333333333334;13.055555555555555;16.01111111111111;4.636666666666666;1.0;15.0;1.0;0.0;6.888888888888888;1.0666666666666667;2.3555555555555556;4.411666666666666;1.0;15.0;1.0;0.0;7.611111111111111;1.0666666666666667;2.355555555555555;4.25;1.0;16.0;1.0;0.0;6.777777777777779;1.0555555555555556;2.3222222222222215;3.22;1.0;16.0;1.0;0.0;7.7555555555555555;1.0666666666666667;2.3444444444444437;4.2;1.0;17.0;0.0
1.0;0.0;7.466666666666666;1.0777777777777777;2.111111111111111;3.6733333333333333;1.0;13.0;1.1666666666666667;0.0;7.3;29.877777777777776;32.01111111111111;3.8966666666666665;1.0;13.0;1.433333333333333;0.0;9.022222222222224;33.21111111111111;36.22222222222222;5.135000000000001;1.0;14.0;1.1333333333333333;0.0;6.822222222222222;5.233333333333333;6.855555555555554;4.668333333333334;1.0;14.0;1.4666666666666668;0.0;8.433333333333334;13.055555555555555;16.01111111111111;4.636666666666666;1.0;15.0;1.0;0.0;6.888888888888888;1.0666666666666667;2.3555555555555556;4.411666666666666;1.0;15.0;1.0;0.0;7.611111111111111;1.0666666666666667;2.355555555555555;4.25;1.0;16.0;1.0;0.0;6.777777777777779;1.0555555555555556;2.3222222222222215;3.22;1.0;16.0;1.0;0.0;7.7555555555555555;1.0666666666666667;2.3444444444444437;4.2;1.0;17.0;1.0;0.0;6.722222222222222;1.0666666666666667;2.3333333333333326;3.171666666666667;1.0;17.0;0.0
1.1666666666666667;0.0;7.3;29.877777777777776;32.01111111111111;3.8966666666666665;1.0;13.0;1.433333333333333;0.0;9.022222222222224;33.21111111111111;36.22222222222222;5.135000000000001;1.0;14.0;1.1333333333333333;0.0;6.822222222222222;5.233333333333333;6.855555555555554;4.668333333333334;1.0;14.0;1.4666666666666668;0.0;8.433333333333334;13.055555555555555;16.01111111111111;4.636666666666666;1.0;15.0;1.0;0.0;6.888888888888888;1.0666666666666667;2.3555555555555556;4.411666666666666;1.0;15.0;1.0;0.0;7.611111111111111;1.0666666666666667;2.355555555555555;4.25;1.0;16.0;1.0;0.0;6.777777777777779;1.0555555555555556;2.3222222222222215;3.22;1.0;16.0;1.0;0.0;7.7555555555555555;1.0666666666666667;2.3444444444444437;4.2;1.0;17.0;1.0;0.0;6.722222222222222;1.0666666666666667;2.3333333333333326;3.171666666666667;1.0;17.0;1.0;0.0;7.5;1.0777777777777777;2.3444444444444437;3.4933333333333336;1.0;18.0;0.0
1.433333333333333;0.0;9.022222222222224;33.21111111111111;36.22222222222222;5.135000000000001;1.0;14.0;1.1333333333333333;0.0;6.822222222222222;5.233333333333333;6.855555555555554;4.668333333333334;1.0;14.0;1.4666666666666668;0.0;8.433333333333334;13.055555555555555;16.01111111111111;4.636666666666666;1.0;15.0;1.0;0.0;6.888888888888888;1.0666666666666667;2.3555555555555556;4.411666666666666;1.0;15.0;1.0;0.0;7.611111111111111;1.0666666666666667;2.355555555555555;4.25;1.0;16.0;1.0;0.0;6.777777777777779;1.0555555555555556;2.3222222222222215;3.22;1.0;16.0;1.0;0.0;7.7555555555555555;1.0666666666666667;2.3444444444444437;4.2;1.0;17.0;1.0;0.0;6.722222222222222;1.0666666666666667;2.3333333333333326;3.171666666666667;1.0;17.0;1.0;0.0;7.5;1.0777777777777777;2.3444444444444437;3.4933333333333336;1.0;18.0;1.0;0.0;6.444444444444444;1.0666666666666667;2.3333333333333326;2.638333333333333;1.0;18.0;0.0
1.1333333333333333;0.0;6.822222222222222;5.233333333333333;6.855555555555554;4.668333333333334;1.0;14.0;1.4666666666666668;0.0;8.433333333333334;13.055555555555555;16.01111111111111;4.636666666666666;1.0;15.0;1.0;0.0;6.888888888888888;1.0666666666666667;2.3555555555555556;4.411666666666666;1.0;15.0;1.0;0.0;7.611111111111111;1.0666666666666667;2.355555555555555;4.25;1.0;16.0;1.0;0.0;6.777777777777779;1.0555555555555556;2.3222222222222215;3.22;1.0;16.0;1.0;0.0;7.7555555555555555;1.0666666666666667;2.3444444444444437;4.2;1.0;17.0;1.0;0.0;6.722222222222222;1.0666666666666667;2.3333333333333326;3.171666666666667;1.0;17.0;1.0;0.0;7.5;1.0777777777777777;2.3444444444444437;3.4933333333333336;1.0;18.0;1.0;0.0;6.444444444444444;1.0666666666666667;2.3333333333333326;2.638333333333333;1.0;18.0;1.0333333333333334;0.0;7.433333333333334;1.0777777777777777;2.3444444444444437;4.876666666666666;1.0;19.0;0.0
1.4666666666666668;0.0;8.433333333333334;13.055555555555555;16.01111111111111;4.636666666666666;1.0;15.0;1.0;0.0;6.888888888888888;1.0666666666666667;2.3555555555555556;4.411666666666666;1.0;15.0;1.0;0.0;7.611111111111111;1.0666666666666667;2.355555555555555;4.25;1.0;16.0;1.0;0.0;6.777777777777779;1.0555555555555556;2.3222222222222215;3.22;1.0;16.0;1.0;0.0;7.7555555555555555;1.0666666666666667;2.3444444444444437;4.2;1.0;17.0;1.0;0.0;6.722222222222222;1.0666666666666667;2.3333333333333326;3.171666666666667;1.0;17.0;1.0;0.0;7.5;1.0777777777777777;2.3444444444444437;3.4933333333333336;1.0;18.0;1.0;0.0;6.444444444444444;1.0666666666666667;2.3333333333333326;2.638333333333333;1.0;18.0;1.0333333333333334;0.0;7.433333333333334;1.0777777777777777;2.3444444444444437;4.876666666666666;1.0;19.0;1.0;0.0;6.422222222222223;1.0666666666666667;2.3444444444444437;3.508333333333333;1.0;19.0;0.0
1.0;0.0;6.888888888888888;1.0666666666666667;2.3555555555555556;4.411666666666666;1.0;15.0;1.0;0.0;7.611111111111111;1.0666666666666667;2.355555555555555;4.25;1.0;16.0;1.0;0.0;6.777777777777779;1.0555555555555556;2.3222222222222215;3.22;1.0;16.0;1.0;0.0;7.7555555555555555;1.0666666666666667;2.3444444444444437;4.2;1.0;17.0;1.0;0.0;6.722222222222222;1.0666666666666667;2.3333333333333326;3.171666666666667;1.0;17.0;1.0;0.0;7.5;1.0777777777777777;2.3444444444444437;3.4933333333333336;1.0;18.0;1.0;0.0;6.444444444444444;1.0666666666666667;2.3333333333333326;2.638333333333333;1.0;18.0;1.0333333333333334;0.0;7.433333333333334;1.0777777777777777;2.3444444444444437;4.876666666666666;1.0;19.0;1.0;0.0;6.422222222222223;1.0666666666666667;2.3444444444444437;3.508333333333333;1.0;19.0;1.0;0.0;7.633333333333334;1.0777777777777777;2.3444444444444437;3.22;1.0;20.0;0.0
1.0;0.0;7.611111111111111;1.0666666666666667;2.355555555555555;4.25;1.0;16.0;1.0;0.0;6.777777777777779;1.0555555555555556;2.3222222222222215;3.22;1.0;16.0;1.0;0.0;7.7555555555555555;1.0666666666666667;2.3444444444444437;4.2;1.0;17.0;1.0;0.0;6.722222222222222;1.0666666666666667;2.3333333333333326;3.171666666666667;1.0;17.0;1.0;0.0;7.5;1.0777777777777777;2.3444444444444437;3.4933333333333336;1.0;18.0;1.0;0.0;6.444444444444444;1.0666666666666667;2.3333333333333326;2.638333333333333;1.0;18.0;1.0333333333333334;0.0;7.433333333333334;1.0777777777777777;2.3444444444444437;4.876666666666666;1.0;19.0;1.0;0.0;6.422222222222223;1.0666666666666667;2.3444444444444437;3.508333333333333;1.0;19.0;1.0;0.0;7.633333333333334;1.0777777777777777;2.3444444444444437;3.22;1.0;20.0;1.0;0.0;6.411111111111111;1.0666666666666667;2.3333333333333326;3.525;1.0;20.0;0.0
1.0;0.0;6.777777777777779;1.0555555555555556;2.3222222222222215;3.22;1.0;16.0;1.0;0.0;7.7555555555555555;1.0666666666666667;2.3444444444444437;4.2;1.0;17.0;1.0;0.0;6.722222222222222;1.0666666666666667;2.3333333333333326;3.171666666666667;1.0;17.0;1.0;0.0;7.5;1.0777777777777777;2.3444444444444437;3.4933333333333336;1.0;18.0;1.0;0.0;6.444444444444444;1.0666666666666667;2.3333333333333326;2.638333333333333;1.0;18.0;1.0333333333333334;0.0;7.433333333333334;1.0777777777777777;2.3444444444444437;4.876666666666666;1.0;19.0;1.0;0.0;6.422222222222223;1.0666666666666667;2.3444444444444437;3.508333333333333;1.0;19.0;1.0;0.0;7.633333333333334;1.0777777777777777;2.3444444444444437;3.22;1.0;20.0;1.0;0.0;6.411111111111111;1.0666666666666667;2.3333333333333326;3.525;1.0;20.0;1.0;0.0;7.877777777777776;1.0777777777777777;2.3444444444444437;3.688333333333333;1.0;21.0;0.0
1.0;0.0;7.7555555555555555;1.0666666666666667;2.3444444444444437;4.2;1.0;17.0;1.0;0.0;6.722222222222222;1.0666666666666667;2.3333333333333326;3.171666666666667;1.0;17.0;1.0;0.0;7.5;1.0777777777777777;2.3444444444444437;3.4933333333333336;1.0;18.0;1.0;0.0;6.444444444444444;1.0666666666666667;2.3333333333333326;2.638333333333333;1.0;18.0;1.0333333333333334;0.0;7.433333333333334;1.0777777777777777;2.3444444444444437;4.876666666666666;1.0;19.0;1.0;0.0;6.422222222222223;1.0666666666666667;2.3444444444444437;3.508333333333333;1.0;19.0;1.0;0.0;7.633333333333334;1.0777777777777777;2.3444444444444437;3.22;1.0;20.0;1.0;0.0;6.411111111111111;1.0666666666666667;2.3333333333333326;3.525;1.0;20.0;1.0;0.0;7.877777777777776;1.0777777777777777;2.3444444444444437;3.688333333333333;1.0;21.0;1.0;0.0;6.7444444444444445;1.0666666666666667;2.3444444444444437;4.12;1.0;21.0;0.0
1.0;0.0;6.722222222222222;1.0666666666666667;2.3333333333333326;3.171666666666667;1.0;17.0;1.0;0.0;7.5;1.0777777777777777;2.3444444444444437;3.4933333333333336;1.0;18.0;1.0;0.0;6.444444444444444;1.0666666666666667;2.3333333333333326;2.638333333333333;1.0;18.0;1.0333333333333334;0.0;7.433333333333334;1.0777777777777777;2.3444444444444437;4.876666666666666;1.0;19.0;1.0;0.0;6.422222222222223;1.0666666666666667;2.3444444444444437;3.508333333333333;1.0;19.0;1.0;0.0;7.633333333333334;1.0777777777777777;2.3444444444444437;3.22;1.0;20.0;1.0;0.0;6.411111111111111;1.0666666666666667;2.3333333333333326;3.525;1.0;20.0;1.0;0.0;7.877777777777776;1.0777777777777777;2.3444444444444437;3.688333333333333;1.0;21.0;1.0;0.0;6.7444444444444445;1.0666666666666667;2.3444444444444437;4.12;1.0;21.0;1.0;0.0;7.766666666666667;1.0777777777777777;2.3444444444444437;3.975;1.0;22.0;0.0
1.0;0.0;7.5;1.0777777777777777;2.3444444444444437;3.4933333333333336;1.0;18.0;1.0;0.0;6.444444444444444;1.0666666666666667;2.3333333333333326;2.638333333333333;1.0;18.0;1.0333333333333334;0.0;7.433333333333334;1.0777777777777777;2.3444444444444437;4.876666666666666;1.0;19.0;1.0;0.0;6.422222222222223;1.0666666666666667;2.3444444444444437;3.508333333333333;1.0;19.0;1.0;0.0;7.633333333333334;1.0777777777777777;2.3444444444444437;3.22;1.0;20.0;1.0;0.0;6.411111111111111;1.0666666666666667;2.3333333333333326;3.525;1.0;20.0;1.0;0.0;7.877777777777776;1.0777777777777777;2.3444444444444437;3.688333333333333;1.0;21.0;1.0;0.0;6.7444444444444445;1.0666666666666667;2.3444444444444437;4.12;1.0;21.0;1.0;0.0;7.766666666666667;1.0777777777777777;2.3444444444444437;3.975;1.0;22.0;1.0;0.0;7.033333333333332;1.0666666666666667;2.3333333333333326;4.121666666666667;1.0;22.0;0.0
1.0;0.0;6.444444444444444;1.0666666666666667;2.3333333333333326;2.638333333333333;1.0;18.0;1.0333333333333334;0.0;7.433333333333334;1.0777777777777777;2.3444444444444437;4.876666666666666;1.0;19.0;1.0;0.0;6.422222222222223;1.0666666666666667;2.3444444444444437;3.508333333333333;1.0;19.0;1.0;0.0;7.633333333333334;1.0777777777777777;2.3444444444444437;3.22;1.0;20.0;1.0;0.0;6.411111111111111;1.0666666666666667;2.3333333333333326;3.525;1.0;20.0;1.0;0.0;7.877777777777776;1.0777777777777777;2.3444444444444437;3.688333333333333;1.0;21.0;1.0;0.0;6.7444444444444445;1.0666666666666667;2.3444444444444437;4.12;1.0;21.0;1.0;0.0;7.766666666666667;1.0777777777777777;2.3444444444444437;3.975;1.0;22.0;1.0;0.0;7.033333333333332;1.0666666666666667;2.3333333333333326;4.121666666666667;1.0;22.0;1.0;0.0;7.68888888888889;1.0777777777777777;2.3444444444444437;3.9766666666666666;1.0;23.0;0.0
1.0333333333333334;0.0;7.433333333333334;1.0777777777777777;2.3444444444444437;4.876666666666666;1.0;19.0;1.0;0.0;6.422222222222223;1.0666666666666667;2.3444444444444437;3.508333333333333;1.0;19.0;1.0;0.0;7.633333333333334;1.0777777777777777;2.3444444444444437;3.22;1.0;20.0;1.0;0.0;6.411111111111111;1.0666666666666667;2.3333333333333326;3.525;1.0;20.0;1.0;0.0;7.877777777777776;1.0777777777777777;2.3444444444444437;3.688333333333333;1.0;21.0;1.0;0.0;6.7444444444444445;1.0666666666666667;2.3444444444444437;4.12;1.0;21.0;1.0;0.0;7.766666666666667;1.0777777777777777;2.3444444444444437;3.975;1.0;22.0;1.0;0.0;7.033333333333332;1.0666666666666667;2.3333333333333326;4.121666666666667;1.0;22.0;1.0;0.0;7.68888888888889;1.0777777777777777;2.3444444444444437;3.9766666666666666;1.0;23.0;1.0;0.0;6.566666666666666;1.0666666666666667;2.3333333333333326;4.12;1.0;23.0;0.0
1.0;0.0;6.422222222222223;1.0666666666666667;2.3444444444444437;3.508333333333333;1.0;19.0;1.0;0.0;7.633333333333334;1.0777777777777777;2.3444444444444437;3.22;1.0;20.0;1.0;0.0;6.411111111111111;1.0666666666666667;2.3333333333333326;3.525;1.0;20.0;1.0;0.0;7.877777777777776;1.0777777777777777;2.3444444444444437;3.688333333333333;1.0;21.0;1.0;0.0;6.7444444444444445;1.0666666666666667;2.3444444444444437;4.12;1.0;21.0;1.0;0.0;7.766666666666667;1.0777777777777777;2.3444444444444437;3.975;1.0;22.0;1.0;0.0;7.033333333333332;1.0666666666666667;2.3333333333333326;4.121666666666667;1.0;22.0;1.0;0.0;7.68888888888889;1.0777777777777777;2.3444444444444437;3.9766666666666666;1.0;23.0;1.0;0.0;6.566666666666666;1.0666666666666667;2.3333333333333326;4.12;1.0;23.0;1.0222222222222221;0.0;7.711111111111111;1.0777777777777777;2.3444444444444437;4.361666666666667;2.0;0.0;0.0
1.0;0.0;7.633333333333334;1.0777777777777777;2.3444444444444437;3.22;1.0;20.0;1.0;0.0;6.411111111111111;1.0666666666666667;2.3333333333333326;3.525;1.0;20.0;1.0;0.0;7.877777777777776;1.0777777777777777;2.3444444444444437;3.688333333333333;1.0;21.0;1.0;0.0;6.7444444444444445;1.0666666666666667;2.3444444444444437;4.12;1.0;21.0;1.0;0.0;7.766666666666667;1.0777777777777777;2.3444444444444437;3.975;1.0;22.0;1.0;0.0;7.033333333333332;1.0666666666666667;2.3333333333333326;4.121666666666667;1.0;22.0;1.0;0.0;7.68888888888889;1.0777777777777777;2.3444444444444437;3.9766666666666666;1.0;23.0;1.0;0.0;6.566666666666666;1.0666666666666667;2.3333333333333326;4.12;1.0;23.0;1.0222222222222221;0.0;7.711111111111111;1.0777777777777777;2.3444444444444437;4.361666666666667;2.0;0.0;1.0;0.0;6.5;1.0666666666666667;2.3333333333333326;2.831666666666667;2.0;0.0;0.0
1.0;0.0;6.411111111111111;1.0666666666666667;2.3333333333333326;3.525;1.0;20.0;1.0;0.0;7.877777777777776;1.0777777777777777;2.3444444444444437;3.688333333333333;1.0;21.0;1.0;0.0;6.7444444444444445;1.0666666666666667;2.3444444444444437;4.12;1.0;21.0;1.0;0.0;7.766666666666667;1.0777777777777777;2.3444444444444437;3.975;1.0;22.0;1.0;0.0;7.033333333333332;1.0666666666666667;2.3333333333333326;4.121666666666667;1.0;22.0;1.0;0.0;7.68888888888889;1.0777777777777777;2.3444444444444437;3.9766666666666666;1.0;23.0;1.0;0.0;6.566666666666666;1.0666666666666667;2.3333333333333326;4.12;1.0;23.0;1.0222222222222221;0.0;7.711111111111111;1.0777777777777777;2.3444444444444437;4.361666666666667;2.0;0.0;1.0;0.0;6.5;1.0666666666666667;2.3333333333333326;2.831666666666667;2.0;0.0;1.011111111111111;0.0;7.677777777777778;1.0777777777777777;2.3444444444444437;4.281666666666667;2.0;1.0;0.0
1.0;0.0;7.877777777777776;1.0777777777777777;2.3444444444444437;3.688333333333333;1.0;21.0;1.0;0.0;6.7444444444444445;1.0666666666666667;2.3444444444444437;4.12;1.0;21.0;1.0;0.0;7.766666666666667;1.0777777777777777;2.3444444444444437;3.975;1.0;22.0;1.0;0.0;7.033333333333332;1.0666666666666667;2.3333333333333326;4.121666666666667;1.0;22.0;1.0;0.0;7.68888888888889;1.0777777777777777;2.3444444444444437;3.9766666666666666;1.0;23.0;1.0;0.0;6.566666666666666;1.0666666666666667;2.3333333333333326;4.12;1.0;23.0;1.0222222222222221;0.0;7.711111111111111;1.0777777777777777;2.3444444444444437;4.361666666666667;2.0;0.0;1.0;0.0;6.5;1.0666666666666667;2.3333333333333326;2.831666666666667;2.0;0.0;1.011111111111111;0.0;7.677777777777778;1.0777777777777777;2.3444444444444437;4.281666666666667;2.0;1.0;1.0;0.0;6.577777777777778;1.0666666666666667;2.3333333333333326;3.831666666666667;2.0;1.0;0.0
1.0;0.0;6.7444444444444445;1.0666666666666667;2.3444444444444437;4.12;1.0;21.0;1.0;0.0;7.766666666666667;1.0777777777777777;2.3444444444444437;3.975;1.0;22.0;1.0;0.0;7.033333333333332;1.0666666666666667;2.3333333333333326;4.121666666666667;1.0;22.0;1.0;0.0;7.68888888888889;1.0777777777777777;2.3444444444444437;3.9766666666666666;1.0;23.0;1.0;0.0;6.566666666666666;1.0666666666666667;2.3333333333333326;4.12;1.0;23.0;1.0222222222222221;0.0;7.711111111111111;1.0777777777777777;2.3444444444444437;4.361666666666667;2.0;0.0;1.0;0.0;6.5;1.0666666666666667;2.3333333333333326;2.831666666666667;2.0;0.0;1.011111111111111;0.0;7.677777777777778;1.0777777777777777;2.3444444444444437;4.281666666666667;2.0;1.0;1.0;0.0;6.577777777777778;1.0666666666666667;2.3333333333333326;3.831666666666667;2.0;1.0;1.0;0.0;7.366666666666667;1.0777777777777777;2.3444444444444437;2.35;2.0;2.0;0.0
1.0;0.0;7.766666666666667;1.0777777777777777;2.3444444444444437;3.975;1.0;22.0;1.0;0.0;7.033333333333332;1.0666666666666667;2.3333333333333326;4.121666666666667;1.0;22.0;1.0;0.0;7.68888888888889;1.0777777777777777;2.3444444444444437;3.9766666666666666;1.0;23.0;1.0;0.0;6.566666666666666;1.0666666666666667;2.3333333333333326;4.12;1.0;23.0;1.0222222222222221;0.0;7.711111111111111;1.0777777777777777;2.3444444444444437;4.361666666666667;2.0;0.0;1.0;0.0;6.5;1.0666666666666667;2.3333333333333326;2.831666666666667;2.0;0.0;1.011111111111111;0.0;7.677777777777778;1.0777777777777777;2.3444444444444437;4.281666666666667;2.0;1.0;1.0;0.0;6.577777777777778;1.0666666666666667;2.3333333333333326;3.831666666666667;2.0;1.0;1.0;0.0;7.366666666666667;1.0777777777777777;2.3444444444444437;2.35;2.0;2.0;1.2666666666666666;0.0;28.111111111111114;5.3999999999999995;2.3666666666666667;6.376666666666666;2.0;2.0;0.0
1.0;0.0;7.033333333333332;1.0666666666666667;2.3333333333333326;4.121666666666667;1.0;22.0;1.0;0.0;7.68888888888889;1.0777777777777777;2.3444444444444437;3.9766666666666666;1.0;23.0;1.0;0.0;6.566666666666666;1.0666666666666667;2.3333333333333326;4.12;1.0;23.0;1.0222222222222221;0.0;7.711111111111111;1.0777777777777777;2.3444444444444437;4.361666666666667;2.0;0.0;1.0;0.0;6.5;1.0666666666666667;2.3333333333333326;2.831666666666667;2.0;0.0;1.011111111111111;0.0;7.677777777777778;1.0777777777777777;2.3444444444444437;4.281666666666667;2.0;1.0;1.0;0.0;6.577777777777778;1.0666666666666667;2.3333333333333326;3.831666666666667;2.0;1.0;1.0;0.0;7.366666666666667;1.0777777777777777;2.3444444444444437;2.35;2.0;2.0;1.2666666666666666;0.0;28.111111111111114;5.3999999999999995;2.3666666666666667;6.376666666666666;2.0;2.0;1.0;0.0;7.544444444444444;1.0777777777777777;2.077777777777778;3.3816666666666664;2.0;3.0;0.0
1.0;0.0;7.68888888888889;1.0777777777777777;2.3444444444444437;3.9766666666666666;1.0;23.0;1.0;0.0;6.566666666666666;1.0666666666666667;2.3333333333333326;4.12;1.0;23.0;1.0222222222222221;0.0;7.711111111111111;1.0777777777777777;2.3444444444444437;4.361666666666667;2.0;0.0;1.0;0.0;6.5;1.0666666666666667;2.3333333333333326;2.831666666666667;2.0;0.0;1.011111111111111;0.0;7.677777777777778;1.0777777777777777;2.3444444444444437;4.281666666666667;2.0;1.0;1.0;0.0;6.577777777777778;1.0666666666666667;2.3333333333333326;3.831666666666667;2.0;1.0;1.0;0.0;7.366666666666667;1.0777777777777777;2.3444444444444437;2.35;2.0;2.0;1.2666666666666666;0.0;28.111111111111114;5.3999999999999995;2.3666666666666667;6.376666666666666;2.0;2.0;1.0;0.0;7.544444444444444;1.0777777777777777;2.077777777777778;3.3816666666666664;2.0;3.0;1.0;0.0;6.844444444444445;1.0666666666666667;2.055555555555556;2.7183333333333337;2.0;3.0;0.0
1.0;0.0;6.566666666666666;1.0666666666666667;2.3333333333333326;4.12;1.0;23.0;1.0222222222222221;0.0;7.711111111111111;1.0777777777777777;2.3444444444444437;4.361666666666667;2.0;0.0;1.0;0.0;6.5;1.0666666666666667;2.3333333333333326;2.831666666666667;2.0;0.0;1.011111111111111;0.0;7.677777777777778;1.0777777777777777;2.3444444444444437;4.281666666666667;2.0;1.0;1.0;0.0;6.577777777777778;1.0666666666666667;2.3333333333333326;3.831666666666667;2.0;1.0;1.0;0.0;7.366666666666667;1.0777777777777777;2.3444444444444437;2.35;2.0;2.0;1.2666666666666666;0.0;28.111111111111114;5.3999999999999995;2.3666666666666667;6.376666666666666;2.0;2.0;1.0;0.0;7.544444444444444;1.0777777777777777;2.077777777777778;3.3816666666666664;2.0;3.0;1.0;0.0;6.844444444444445;1.0666666666666667;2.055555555555556;2.7183333333333337;2.0;3.0;1.0;0.0;7.499999999999999;1.0777777777777777;2.088888888888889;2.688333333333333;2.0;4.0;0.0
1.0222222222222221;0.0;7.711111111111111;1.0777777777777777;2.3444444444444437;4.361666666666667;2.0;0.0;1.0;0.0;6.5;1.0666666666666667;2.3333333333333326;2.831666666666667;2.0;0.0;1.011111111111111;0.0;7.677777777777778;1.0777777777777777;2.3444444444444437;4.281666666666667;2.0;1.0;1.0;0.0;6.577777777777778;1.0666666666666667;2.3333333333333326;3.831666666666667;2.0;1.0;1.0;0.0;7.366666666666667;1.0777777777777777;2.3444444444444437;2.35;2.0;2.0;1.2666666666666666;0.0;28.111111111111114;5.3999999999999995;2.3666666666666667;6.376666666666666;2.0;2.0;1.0;0.0;7.544444444444444;1.0777777777777777;2.077777777777778;3.3816666666666664;2.0;3.0;1.0;0.0;6.844444444444445;1.0666666666666667;2.055555555555556;2.7183333333333337;2.0;3.0;1.0;0.0;7.499999999999999;1.0777777777777777;2.088888888888889;2.688333333333333;2.0;4.0;1.0;0.0;6.544444444444444;1.0666666666666667;2.066666666666667;3.09;2.0;4.0;0.0
1.0;0.0;6.5;1.0666666666666667;2.3333333333333326;2.831666666666667;2.0;0.0;1.011111111111111;0.0;7.677777777777778;1.0777777777777777;2.3444444444444437;4.281666666666667;2.0;1.0;1.0;0.0;6.577777777777778;1.0666666666666667;2.3333333333333326;3.831666666666667;2.0;1.0;1.0;0.0;7.366666666666667;1.0777777777777777;2.3444444444444437;2.35;2.0;2.0;1.2666666666666666;0.0;28.111111111111114;5.3999999999999995;2.3666666666666667;6.376666666666666;2.0;2.0;1.0;0.0;7.544444444444444;1.0777777777777777;2.077777777777778;3.3816666666666664;2.0;3.0;1.0;0.0;6.844444444444445;1.0666666666666667;2.055555555555556;2.7183333333333337;2.0;3.0;1.0;0.0;7.499999999999999;1.0777777777777777;2.088888888888889;2.688333333333333;2.0;4.0;1.0;0.0;6.544444444444444;1.0666666666666667;2.066666666666667;3.09;2.0;4.0;1.0;0.0;7.855555555555555;1.0777777777777777;2.088888888888889;3.766666666666667;2.0;5.0;0.0
1.011111111111111;0.0;7.677777777777778;1.0777777777777777;2.3444444444444437;4.281666666666667;2.0;1.0;1.0;0.0;6.577777777777778;1.0666666666666667;2.3333333333333326;3.831666666666667;2.0;1.0;1.0;0.0;7.366666666666667;1.0777777777777777;2.3444444444444437;2.35;2.0;2.0;1.2666666666666666;0.0;28.111111111111114;5.3999999999999995;2.3666666666666667;6.376666666666666;2.0;2.0;1.0;0.0;7.544444444444444;1.0777777777777777;2.077777777777778;3.3816666666666664;2.0;3.0;1.0;0.0;6.844444444444445;1.0666666666666667;2.055555555555556;2.7183333333333337;2.0;3.0;1.0;0.0;7.499999999999999;1.0777777777777777;2.088888888888889;2.688333333333333;2.0;4.0;1.0;0.0;6.544444444444444;1.0666666666666667;2.066666666666667;3.09;2.0;4.0;1.0;0.0;7.855555555555555;1.0777777777777777;2.088888888888889;3.766666666666667;2.0;5.0;1.0;0.0;6.7555555555555555;1.0666666666666667;2.0666666666666664;2.6733333333333333;2.0;5.0;0.0
1.0;0.0;6.577777777777778;1.0666666666666667;2.3333333333333326;3.831666666666667;2.0;1.0;1.0;0.0;7.366666666666667;1.0777777777777777;2.3444444444444437;2.35;2.0;2.0;1.2666666666666666;0.0;28.111111111111114;5.3999999999999995;2.3666666666666667;6.376666666666666;2.0;2.0;1.0;0.0;7.544444444444444;1.0777777777777777;2.077777777777778;3.3816666666666664;2.0;3.0;1.0;0.0;6.844444444444445;1.0666666666666667;2.055555555555556;2.7183333333333337;2.0;3.0;1.0;0.0;7.499999999999999;1.0777777777777777;2.088888888888889;2.688333333333333;2.0;4.0;1.0;0.0;6.544444444444444;1.0666666666666667;2.066666666666667;3.09;2.0;4.0;1.0;0.0;7.855555555555555;1.0777777777777777;2.088888888888889;3.766666666666667;2.0;5.0;1.0;0.0;6.7555555555555555;1.0666666666666667;2.0666666666666664;2.6733333333333333;2.0;5.0;1.0;0.0;7.355555555555557;1.0888888888888888;2.111111111111111;3.7999999999999994;2.0;6.0;0.0
1.0;0.0;7.366666666666667;1.0777777777777777;2.3444444444444437;2.35;2.0;2.0;1.2666666666666666;0.0;28.111111111111114;5.3999999999999995;2.3666666666666667;6.376666666666666;2.0;2.0;1.0;0.0;7.544444444444444;1.0777777777777777;2.077777777777778;3.3816666666666664;2.0;3.0;1.0;0.0;6.844444444444445;1.0666666666666667;2.055555555555556;2.7183333333333337;2.0;3.0;1.0;0.0;7.499999999999999;1.0777777777777777;2.088888888888889;2.688333333333333;2.0;4.0;1.0;0.0;6.544444444444444;1.0666666666666667;2.066666666666667;3.09;2.0;4.0;1.0;0.0;7.855555555555555;1.0777777777777777;2.088888888888889;3.766666666666667;2.0;5.0;1.0;0.0;6.7555555555555555;1.0666666666666667;2.0666666666666664;2.6733333333333333;2.0;5.0;1.0;0.0;7.355555555555557;1.0888888888888888;2.111111111111111;3.7999999999999994;2.0;6.0;1.0;0.0;6.7;1.0666666666666667;2.066666666666667;3.0749999999999997;2.0;6.0;0.0
1.2666666666666666;0.0;28.111111111111114;5.3999999999999995;2.3666666666666667;6.376666666666666;2.0;2.0;1.0;0.0;7.544444444444444;1.0777777777777777;2.077777777777778;3.3816666666666664;2.0;3.0;1.0;0.0;6.844444444444445;1.0666666666666667;2.055555555555556;2.7183333333333337;2.0;3.0;1.0;0.0;7.499999999999999;1.0777777777777777;2.088888888888889;2.688333333333333;2.0;4.0;1.0;0.0;6.544444444444444;1.0666666666666667;2.066666666666667;3.09;2.0;4.0;1.0;0.0;7.855555555555555;1.0777777777777777;2.088888888888889;3.766666666666667;2.0;5.0;1.0;0.0;6.7555555555555555;1.0666666666666667;2.0666666666666664;2.6733333333333333;2.0;5.0;1.0;0.0;7.355555555555557;1.0888888888888888;2.111111111111111;3.7999999999999994;2.0;6.0;1.0;0.0;6.7;1.0666666666666667;2.066666666666667;3.0749999999999997;2.0;6.0;1.0;0.0;7.477777777777778;1.0777777777777777;2.077777777777778;3.573333333333333;2.0;7.0;0.0
1.0;0.0;7.544444444444444;1.0777777777777777;2.077777777777778;3.3816666666666664;2.0;3.0;1.0;0.0;6.844444444444445;1.0666666666666667;2.055555555555556;2.7183333333333337;2.0;3.0;1.0;0.0;7.499999999999999;1.0777777777777777;2.088888888888889;2.688333333333333;2.0;4.0;1.0;0.0;6.544444444444444;1.0666666666666667;2.066666666666667;3.09;2.0;4.0;1.0;0.0;7.855555555555555;1.0777777777777777;2.088888888888889;3.766666666666667;2.0;5.0;1.0;0.0;6.7555555555555555;1.0666666666666667;2.0666666666666664;2.6733333333333333;2.0;5.0;1.0;0.0;7.355555555555557;1.0888888888888888;2.111111111111111;3.7999999999999994;2.0;6.0;1.0;0.0;6.7;1.0666666666666667;2.066666666666667;3.0749999999999997;2.0;6.0;1.0;0.0;7.477777777777778;1.0777777777777777;2.077777777777778;3.573333333333333;2.0;7.0;1.0;0.0;6.7;1.0666666666666667;2.077777777777778;2.8033333333333332;2.0;7.0;0.0
1.0;0.0;6.844444444444445;1.0666666666666667;2.055555555555556;2.7183333333333337;2.0;3.0;1.0;0.0;7.499999999999999;1.0777777777777777;2.088888888888889;2.688333333333333;2.0;4.0;1.0;0.0;6.544444444444444;1.0666666666666667;2.066666666666667;3.09;2.0;4.0;1.0;0.0;7.855555555555555;1.0777777777777777;2.088888888888889;3.766666666666667;2.0;5.0;1.0;0.0;6.7555555555555555;1.0666666666666667;2.0666666666666664;2.6733333333333333;2.0;5.0;1.0;0.0;7.355555555555557;1.0888888888888888;2.111111111111111;3.7999999999999994;2.0;6.0;1.0;0.0;6.7;1.0666666666666667;2.066666666666667;3.0749999999999997;2.0;6.0;1.0;0.0;7.477777777777778;1.0777777777777777;2.077777777777778;3.573333333333333;2.0;7.0;1.0;0.0;6.7;1.0666666666666667;2.077777777777778;2.8033333333333332;2.0;7.0;1.0;0.0;7.533333333333334;1.0777777777777777;2.0888888888888886;3.6716666666666664;2.0;8.0;0.0
1.0;0.0;7.499999999999999;1.0777777777777777;2.088888888888889;2.688333333333333;2.0;4.0;1.0;0.0;6.544444444444444;1.0666666666666667;2.066666666666667;3.09;2.0;4.0;1.0;0.0;7.855555555555555;1.0777777777777777;2.088888888888889;3.766666666666667;2.0;5.0;1.0;0.0;6.7555555555555555;1.0666666666666667;2.0666666666666664;2.6733333333333333;2.0;5.0;1.0;0.0;7.355555555555557;1.0888888888888888;2.111111111111111;3.7999999999999994;2.0;6.0;1.0;0.0;6.7;1.0666666666666667;2.066666666666667;3.0749999999999997;2.0;6.0;1.0;0.0;7.477777777777778;1.0777777777777777;2.077777777777778;3.573333333333333;2.0;7.0;1.0;0.0;6.7;1.0666666666666667;2.077777777777778;2.8033333333333332;2.0;7.0;1.0;0.0;7.533333333333334;1.0777777777777777;2.0888888888888886;3.6716666666666664;2.0;8.0;1.0;0.0;6.522222222222222;1.0666666666666667;2.077777777777778;2.638333333333333;2.0;8.0;0.0
1.0;0.0;6.544444444444444;1.0666666666666667;2.066666666666667;3.09;2.0;4.0;1.0;0.0;7.855555555555555;1.0777777777777777;2.088888888888889;3.766666666666667;2.0;5.0;1.0;0.0;6.7555555555555555;1.0666666666666667;2.0666666666666664;2.6733333333333333;2.0;5.0;1.0;0.0;7.355555555555557;1.0888888888888888;2.111111111111111;3.7999999999999994;2.0;6.0;1.0;0.0;6.7;1.0666666666666667;2.066666666666667;3.0749999999999997;2.0;6.0;1.0;0.0;7.477777777777778;1.0777777777777777;2.077777777777778;3.573333333333333;2.0;7.0;1.0;0.0;6.7;1.0666666666666667;2.077777777777778;2.8033333333333332;2.0;7.0;1.0;0.0;7.533333333333334;1.0777777777777777;2.0888888888888886;3.6716666666666664;2.0;8.0;1.0;0.0;6.522222222222222;1.0666666666666667;2.077777777777778;2.638333333333333;2.0;8.0;1.0;0.0;7.366666666666667;1.0777777777777777;2.088888888888889;3.573333333333333;2.0;9.0;0.0
1.0;0.0;7.855555555555555;1.0777777777777777;2.088888888888889;3.766666666666667;2.0;5.0;1.0;0.0;6.7555555555555555;1.0666666666666667;2.0666666666666664;2.6733333333333333;2.0;5.0;1.0;0.0;7.355555555555557;1.0888888888888888;2.111111111111111;3.7999999999999994;2.0;6.0;1.0;0.0;6.7;1.0666666666666667;2.066666666666667;3.0749999999999997;2.0;6.0;1.0;0.0;7.477777777777778;1.0777777777777777;2.077777777777778;3.573333333333333;2.0;7.0;1.0;0.0;6.7;1.0666666666666667;2.077777777777778;2.8033333333333332;2.0;7.0;1.0;0.0;7.533333333333334;1.0777777777777777;2.0888888888888886;3.6716666666666664;2.0;8.0;1.0;0.0;6.522222222222222;1.0666666666666667;2.077777777777778;2.638333333333333;2.0;8.0;1.0;0.0;7.366666666666667;1.0777777777777777;2.088888888888889;3.573333333333333;2.0;9.0;1.0;0.0;6.733333333333333;1.0666666666666667;2.0777777777777775;3.943333333333334;2.0;9.0;0.0
1.0;0.0;6.7555555555555555;1.0666666666666667;2.0666666666666664;2.6733333333333333;2.0;5.0;1.0;0.0;7.355555555555557;1.0888888888888888;2.111111111111111;3.7999999999999994;2.0;6.0;1.0;0.0;6.7;1.0666666666666667;2.066666666666667;3.0749999999999997;2.0;6.0;1.0;0.0;7.477777777777778;1.0777777777777777;2.077777777777778;3.573333333333333;2.0;7.0;1.0;0.0;6.7;1.0666666666666667;2.077777777777778;2.8033333333333332;2.0;7.0;1.0;0.0;7.533333333333334;1.0777777777777777;2.0888888888888886;3.6716666666666664;2.0;8.0;1.0;0.0;6.522222222222222;1.0666666666666667;2.077777777777778;2.638333333333333;2.0;8.0;1.0;0.0;7.366666666666667;1.0777777777777777;2.088888888888889;3.573333333333333;2.0;9.0;1.0;0.0;6.733333333333333;1.0666666666666667;2.0777777777777775;3.943333333333334;2.0;9.0;1.0;0.0;8.577777777777778;1.3222222222222222;2.4;4.83;2.0;10.0;0.0
1.0;0.0;7.355555555555557;1.0888888888888888;2.111111111111111;3.7999999999999994;2.0;6.0;1.0;0.0;6.7;1.0666666666666667;2.066666666666667;3.0749999999999997;2.0;6.0;1.0;0.0;7.477777777777778;1.0777777777777777;2.077777777777778;3.573333333333333;2.0;7.0;1.0;0.0;6.7;1.0666666666666667;2.077777777777778;2.8033333333333332;2.0;7.0;1.0;0.0;7.533333333333334;1.0777777777777777;2.0888888888888886;3.6716666666666664;2.0;8.0;1.0;0.0;6.522222222222222;1.0666666666666667;2.077777777777778;2.638333333333333;2.0;8.0;1.0;0.0;7.366666666666667;1.0777777777777777;2.088888888888889;3.573333333333333;2.0;9.0;1.0;0.0;6.733333333333333;1.0666666666666667;2.0777777777777775;3.943333333333334;2.0;9.0;1.0;0.0;8.577777777777778;1.3222222222222222;2.4;4.83;2.0;10.0;1.0;0.0;6.755555555555556;1.0666666666666667;2.111111111111111;3.4450000000000003;2.0;10.0;0.0
1.0;0.0;6.7;1.0666666666666667;2.066666666666667;3.0749999999999997;2.0;6.0;1.0;0.0;7.477777777777778;1.0777777777777777;2.077777777777778;3.573333333333333;2.0;7.0;1.0;0.0;6.7;1.0666666666666667;2.077777777777778;2.8033333333333332;2.0;7.0;1.0;0.0;7.533333333333334;1.0777777777777777;2.0888888888888886;3.6716666666666664;2.0;8.0;1.0;0.0;6.522222222222222;1.0666666666666667;2.077777777777778;2.638333333333333;2.0;8.0;1.0;0.0;7.366666666666667;1.0777777777777777;2.088888888888889;3.573333333333333;2.0;9.0;1.0;0.0;6.733333333333333;1.0666666666666667;2.0777777777777775;3.943333333333334;2.0;9.0;1.0;0.0;8.577777777777778;1.3222222222222222;2.4;4.83;2.0;10.0;1.0;0.0;6.755555555555556;1.0666666666666667;2.111111111111111;3.4450000000000003;2.0;10.0;1.0;0.0;8.0;1.0777777777777777;2.1;3.188333333333333;2.0;11.0;0.0
1.0;0.0;7.477777777777778;1.0777777777777777;2.077777777777778;3.573333333333333;2.0;7.0;1.0;0.0;6.7;1.0666666666666667;2.077777777777778;2.8033333333333332;2.0;7.0;1.0;0.0;7.533333333333334;1.0777777777777777;2.0888888888888886;3.6716666666666664;2.0;8.0;1.0;0.0;6.522222222222222;1.0666666666666667;2.077777777777778;2.638333333333333;2.0;8.0;1.0;0.0;7.366666666666667;1.0777777777777777;2.088888888888889;3.573333333333333;2.0;9.0;1.0;0.0;6.733333333333333;1.0666666666666667;2.0777777777777775;3.943333333333334;2.0;9.0;1.0;0.0;8.577777777777778;1.3222222222222222;2.4;4.83;2.0;10.0;1.0;0.0;6.755555555555556;1.0666666666666667;2.111111111111111;3.4450000000000003;2.0;10.0;1.0;0.0;8.0;1.0777777777777777;2.1;3.188333333333333;2.0;11.0;1.0;0.0;6.777777777777779;1.0666666666666667;2.066666666666667;3.815;2.0;11.0;0.0
1.0;0.0;6.7;1.0666666666666667;2.077777777777778;2.8033333333333332;2.0;7.0;1.0;0.0;7.533333333333334;1.0777777777777777;2.0888888888888886;3.6716666666666664;2.0;8.0;1.0;0.0;6.522222222222222;1.0666666666666667;2.077777777777778;2.638333333333333;2.0;8.0;1.0;0.0;7.366666666666667;1.0777777777777777;2.088888888888889;3.573333333333333;2.0;9.0;1.0;0.0;6.733333333333333;1.0666666666666667;2.0777777777777775;3.943333333333334;2.0;9.0;1.0;0.0;8.577777777777778;1.3222222222222222;2.4;4.83;2.0;10.0;1.0;0.0;6.755555555555556;1.0666666666666667;2.111111111111111;3.4450000000000003;2.0;10.0;1.0;0.0;8.0;1.0777777777777777;2.1;3.188333333333333;2.0;11.0;1.0;0.0;6.777777777777779;1.0666666666666667;2.066666666666667;3.815;2.0;11.0;1.0;0.0;7.599999999999999;1.0999999999999999;2.1;3.891666666666667;2.0;12.0;0.0
1.0;0.0;7.533333333333334;1.0777777777777777;2.0888888888888886;3.6716666666666664;2.0;8.0;1.0;0.0;6.522222222222222;1.0666666666666667;2.077777777777778;2.638333333333333;2.0;8.0;1.0;0.0;7.366666666666667;1.0777777777777777;2.088888888888889;3.573333333333333;2.0;9.0;1.0;0.0;6.733333333333333;1.0666666666666667;2.0777777777777775;3.943333333333334;2.0;9.0;1.0;0.0;8.577777777777778;1.3222222222222222;2.4;4.83;2.0;10.0;1.0;0.0;6.755555555555556;1.0666666666666667;2.111111111111111;3.4450000000000003;2.0;10.0;1.0;0.0;8.0;1.0777777777777777;2.1;3.188333333333333;2.0;11.0;1.0;0.0;6.777777777777779;1.0666666666666667;2.066666666666667;3.815;2.0;11.0;1.0;0.0;7.599999999999999;1.0999999999999999;2.1;3.891666666666667;2.0;12.0;1.0;0.0;8.177777777777777;1.0999999999999999;2.433333333333333;4.118333333333333;2.0;12.0;0.0
1.0;0.0;6.522222222222222;1.0666666666666667;2.077777777777778;2.638333333333333;2.0;8.0;1.0;0.0;7.366666666666667;1.0777777777777777;2.088888888888889;3.573333333333333;2.0;9.0;1.0;0.0;6.733333333333333;1.0666666666666667;2.0777777777777775;3.943333333333334;2.0;9.0;1.0;0.0;8.577777777777778;1.3222222222222222;2.4;4.83;2.0;10.0;1.0;0.0;6.755555555555556;1.0666666666666667;2.111111111111111;3.4450000000000003;2.0;10.0;1.0;0.0;8.0;1.0777777777777777;2.1;3.188333333333333;2.0;11.0;1.0;0.0;6.777777777777779;1.0666666666666667;2.066666666666667;3.815;2.0;11.0;1.0;0.0;7.599999999999999;1.0999999999999999;2.1;3.891666666666667;2.0;12.0;1.0;0.0;8.177777777777777;1.0999999999999999;2.433333333333333;4.118333333333333;2.0;12.0;1.0;0.0;7.777777777777779;1.2000000000000002;2.211111111111111;3.441666666666667;2.0;13.0;0.0
1.0;0.0;7.366666666666667;1.0777777777777777;2.088888888888889;3.573333333333333;2.0;9.0;1.0;0.0;6.733333333333333;1.0666666666666667;2.0777777777777775;3.943333333333334;2.0;9.0;1.0;0.0;8.577777777777778;1.3222222222222222;2.4;4.83;2.0;10.0;1.0;0.0;6.755555555555556;1.0666666666666667;2.111111111111111;3.4450000000000003;2.0;10.0;1.0;0.0;8.0;1.0777777777777777;2.1;3.188333333333333;2.0;11.0;1.0;0.0;6.777777777777779;1.0666666666666667;2.066666666666667;3.815;2.0;11.0;1.0;0.0;7.599999999999999;1.0999999999999999;2.1;3.891666666666667;2.0;12.0;1.0;0.0;8.177777777777777;1.0999999999999999;2.433333333333333;4.118333333333333;2.0;12.0;1.0;0.0;7.777777777777779;1.2000000000000002;2.211111111111111;3.441666666666667;2.0;13.0;1.0;0.0;6.666666666666667;1.0666666666666667;2.1;3.941666666666667;2.0;13.0;0.0
1.0;0.0;6.733333333333333;1.0666666666666667;2.0777777777777775;3.943333333333334;2.0;9.0;1.0;0.0;8.577777777777778;1.3222222222222222;2.4;4.83;2.0;10.0;1.0;0.0;6.755555555555556;1.0666666666666667;2.111111111111111;3.4450000000000003;2.0;10.0;1.0;0.0;8.0;1.0777777777777777;2.1;3.188333333333333;2.0;11.0;1.0;0.0;6.777777777777779;1.0666666666666667;2.066666666666667;3.815;2.0;11.0;1.0;0.0;7.599999999999999;1.0999999999999999;2.1;3.891666666666667;2.0;12.0;1.0;0.0;8.177777777777777;1.0999999999999999;2.433333333333333;4.118333333333333;2.0;12.0;1.0;0.0;7.777777777777779;1.2000000000000002;2.211111111111111;3.441666666666667;2.0;13.0;1.0;0.0;6.666666666666667;1.0666666666666667;2.1;3.941666666666667;2.0;13.0;1.0;0.0;7.744444444444444;1.0777777777777777;2.1555555555555554;3.6183333333333336;2.0;14.0;0.0
1.0;0.0;8.577777777777778;1.3222222222222222;2.4;4.83;2.0;10.0;1.0;0.0;6.755555555555556;1.0666666666666667;2.111111111111111;3.4450000000000003;2.0;10.0;1.0;0.0;8.0;1.0777777777777777;2.1;3.188333333333333;2.0;11.0;1.0;0.0;6.777777777777779;1.0666666666666667;2.066666666666667;3.815;2.0;11.0;1.0;0.0;7.599999999999999;1.0999999999999999;2.1;3.891666666666667;2.0;12.0;1.0;0.0;8.177777777777777;1.0999999999999999;2.433333333333333;4.118333333333333;2.0;12.0;1.0;0.0;7.777777777777779;1.2000000000000002;2.211111111111111;3.441666666666667;2.0;13.0;1.0;0.0;6.666666666666667;1.0666666666666667;2.1;3.941666666666667;2.0;13.0;1.0;0.0;7.744444444444444;1.0777777777777777;2.1555555555555554;3.6183333333333336;2.0;14.0;1.0;0.0;6.733333333333333;1.0666666666666667;2.088888888888889;2.5083333333333333;2.0;14.0;0.0
1.0;0.0;6.755555555555556;1.0666666666666667;2.111111111111111;3.4450000000000003;2.0;10.0;1.0;0.0;8.0;1.0777777777777777;2.1;3.188333333333333;2.0;11.0;1.0;0.0;6.777777777777779;1.0666666666666667;2.066666666666667;3.815;2.0;11.0;1.0;0.0;7.599999999999999;1.0999999999999999;2.1;3.891666666666667;2.0;12.0;1.0;0.0;8.177777777777777;1.0999999999999999;2.433333333333333;4.118333333333333;2.0;12.0;1.0;0.0;7.777777777777779;1.2000000000000002;2.211111111111111;3.441666666666667;2.0;13.0;1.0;0.0;6.666666666666667;1.0666666666666667;2.1;3.941666666666667;2.0;13.0;1.0;0.0;7.744444444444444;1.0777777777777777;2.1555555555555554;3.6183333333333336;2.0;14.0;1.0;0.0;6.733333333333333;1.0666666666666667;2.088888888888889;2.5083333333333333;2.0;14.0;1.0333333333333332;0.0;7.933333333333333;4.933333333333334;3.755555555555556;3.151666666666666;2.0;15.0;0.0
1.0;0.0;8.0;1.0777777777777777;2.1;3.188333333333333;2.0;11.0;1.0;0.0;6.777777777777779;1.0666666666666667;2.066666666666667;3.815;2.0;11.0;1.0;0.0;7.599999999999999;1.0999999999999999;2.1;3.891666666666667;2.0;12.0;1.0;0.0;8.177777777777777;1.0999999999999999;2.433333333333333;4.118333333333333;2.0;12.0;1.0;0.0;7.777777777777779;1.2000000000000002;2.211111111111111;3.441666666666667;2.0;13.0;1.0;0.0;6.666666666666667;1.0666666666666667;2.1;3.941666666666667;2.0;13.0;1.0;0.0;7.744444444444444;1.0777777777777777;2.1555555555555554;3.6183333333333336;2.0;14.0;1.0;0.0;6.733333333333333;1.0666666666666667;2.088888888888889;2.5083333333333333;2.0;14.0;1.0333333333333332;0.0;7.933333333333333;4.933333333333334;3.755555555555556;3.151666666666666;2.0;15.0;1.111111111111111;0.0;7.01111111111111;13.055555555555552;5.844444444444444;3.4883333333333333;2.0;15.0;0.0
1.0;0.0;6.777777777777779;1.0666666666666667;2.066666666666667;3.815;2.0;11.0;1.0;0.0;7.599999999999999;1.0999999999999999;2.1;3.891666666666667;2.0;12.0;1.0;0.0;8.177777777777777;1.0999999999999999;2.433333333333333;4.118333333333333;2.0;12.0;1.0;0.0;7.777777777777779;1.2000000000000002;2.211111111111111;3.441666666666667;2.0;13.0;1.0;0.0;6.666666666666667;1.0666666666666667;2.1;3.941666666666667;2.0;13.0;1.0;0.0;7.744444444444444;1.0777777777777777;2.1555555555555554;3.6183333333333336;2.0;14.0;1.0;0.0;6.733333333333333;1.0666666666666667;2.088888888888889;2.5083333333333333;2.0;14.0;1.0333333333333332;0.0;7.933333333333333;4.933333333333334;3.755555555555556;3.151666666666666;2.0;15.0;1.111111111111111;0.0;7.01111111111111;13.055555555555552;5.844444444444444;3.4883333333333333;2.0;15.0;1.011111111111111;0.0;7.622222222222223;4.722222222222222;3.711111111111111;3.44;2.0;16.0;0.0
1.0;0.0;7.599999999999999;1.0999999999999999;2.1;3.891666666666667;2.0;12.0;1.0;0.0;8.177777777777777;1.0999999999999999;2.433333333333333;4.118333333333333;2.0;12.0;1.0;0.0;7.777777777777779;1.2000000000000002;2.211111111111111;3.441666666666667;2.0;13.0;1.0;0.0;6.666666666666667;1.0666666666666667;2.1;3.941666666666667;2.0;13.0;1.0;0.0;7.744444444444444;1.0777777777777777;2.1555555555555554;3.6183333333333336;2.0;14.0;1.0;0.0;6.733333333333333;1.0666666666666667;2.088888888888889;2.5083333333333333;2.0;14.0;1.0333333333333332;0.0;7.933333333333333;4.933333333333334;3.755555555555556;3.151666666666666;2.0;15.0;1.111111111111111;0.0;7.01111111111111;13.055555555555552;5.844444444444444;3.4883333333333333;2.0;15.0;1.011111111111111;0.0;7.622222222222223;4.722222222222222;3.711111111111111;3.44;2.0;16.0;1.0809523809523809;0.0;6.58974358974359;1.0683760683760684;2.1717948717948716;2.6633333333333336;2.0;16.0;0.0
1.0;0.0;8.177777777777777;1.0999999999999999;2.433333333333333;4.118333333333333;2.0;12.0;1.0;0.0;7.777777777777779;1.2000000000000002;2.211111111111111;3.441666666666667;2.0;13.0;1.0;0.0;6.666666666666667;1.0666666666666667;2.1;3.941666666666667;2.0;13.0;1.0;0.0;7.744444444444444;1.0777777777777777;2.1555555555555554;3.6183333333333336;2.0;14.0;1.0;0.0;6.733333333333333;1.0666666666666667;2.088888888888889;2.5083333333333333;2.0;14.0;1.0333333333333332;0.0;7.933333333333333;4.933333333333334;3.755555555555556;3.151666666666666;2.0;15.0;1.111111111111111;0.0;7.01111111111111;13.055555555555552;5.844444444444444;3.4883333333333333;2.0;15.0;1.011111111111111;0.0;7.622222222222223;4.722222222222222;3.711111111111111;3.44;2.0;16.0;1.0809523809523809;0.0;6.58974358974359;1.0683760683760684;2.1717948717948716;2.6633333333333336;2.0;16.0;1.0333333333333334;0.0;8.611111111111112;1.0777777777777777;2.1555555555555554;3.9249999999999994;2.0;17.0;0.0
1.0;0.0;7.777777777777779;1.2000000000000002;2.211111111111111;3.441666666666667;2.0;13.0;1.0;0.0;6.666666666666667;1.0666666666666667;2.1;3.941666666666667;2.0;13.0;1.0;0.0;7.744444444444444;1.0777777777777777;2.1555555555555554;3.6183333333333336;2.0;14.0;1.0;0.0;6.733333333333333;1.0666666666666667;2.088888888888889;2.5083333333333333;2.0;14.0;1.0333333333333332;0.0;7.933333333333333;4.933333333333334;3.755555555555556;3.151666666666666;2.0;15.0;1.111111111111111;0.0;7.01111111111111;13.055555555555552;5.844444444444444;3.4883333333333333;2.0;15.0;1.011111111111111;0.0;7.622222222222223;4.722222222222222;3.711111111111111;3.44;2.0;16.0;1.0809523809523809;0.0;6.58974358974359;1.0683760683760684;2.1717948717948716;2.6633333333333336;2.0;16.0;1.0333333333333334;0.0;8.611111111111112;1.0777777777777777;2.1555555555555554;3.9249999999999994;2.0;17.0;1.0;0.0;6.433333333333334;1.0666666666666667;2.1222222222222222;3.86;2.0;17.0;0.0
1.0;0.0;6.666666666666667;1.0666666666666667;2.1;3.941666666666667;2.0;13.0;1.0;0.0;7.744444444444444;1.0777777777777777;2.1555555555555554;3.6183333333333336;2.0;14.0;1.0;0.0;6.733333333333333;1.0666666666666667;2.088888888888889;2.5083333333333333;2.0;14.0;1.0333333333333332;0.0;7.933333333333333;4.933333333333334;3.755555555555556;3.151666666666666;2.0;15.0;1.111111111111111;0.0;7.01111111111111;13.055555555555552;5.844444444444444;3.4883333333333333;2.0;15.0;1.011111111111111;0.0;7.622222222222223;4.722222222222222;3.711111111111111;3.44;2.0;16.0;1.0809523809523809;0.0;6.58974358974359;1.0683760683760684;2.1717948717948716;2.6633333333333336;2.0;16.0;1.0333333333333334;0.0;8.611111111111112;1.0777777777777777;2.1555555555555554;3.9249999999999994;2.0;17.0;1.0;0.0;6.433333333333334;1.0666666666666667;2.1222222222222222;3.86;2.0;17.0;1.0333333333333334;0.0;7.444444444444444;1.0777777777777777;2.1333333333333333;3.6033333333333335;2.0;18.0;0.0
1.0;0.0;7.744444444444444;1.0777777777777777;2.1555555555555554;3.6183333333333336;2.0;14.0;1.0;0.0;6.733333333333333;1.0666666666666667;2.088888888888889;2.5083333333333333;2.0;14.0;1.0333333333333332;0.0;7.933333333333333;4.933333333333334;3.755555555555556;3.151666666666666;2.0;15.0;1.111111111111111;0.0;7.01111111111111;13.055555555555552;5.844444444444444;3.4883333333333333;2.0;15.0;1.011111111111111;0.0;7.622222222222223;4.722222222222222;3.711111111111111;3.44;2.0;16.0;1.0809523809523809;0.0;6.58974358974359;1.0683760683760684;2.1717948717948716;2.6633333333333336;2.0;16.0;1.0333333333333334;0.0;8.611111111111112;1.0777777777777777;2.1555555555555554;3.9249999999999994;2.0;17.0;1.0;0.0;6.433333333333334;1.0666666666666667;2.1222222222222222;3.86;2.0;17.0;1.0333333333333334;0.0;7.444444444444444;1.0777777777777777;2.1333333333333333;3.6033333333333335;2.0;18.0;1.0;0.0;6.644444444444446;1.0666666666666667;2.111111111111111;3.9249999999999994;2.0;18.0;0.0
1.0;0.0;6.733333333333333;1.0666666666666667;2.088888888888889;2.5083333333333333;2.0;14.0;1.0333333333333332;0.0;7.933333333333333;4.933333333333334;3.755555555555556;3.151666666666666;2.0;15.0;1.111111111111111;0.0;7.01111111111111;13.055555555555552;5.844444444444444;3.4883333333333333;2.0;15.0;1.011111111111111;0.0;7.622222222222223;4.722222222222222;3.711111111111111;3.44;2.0;16.0;1.0809523809523809;0.0;6.58974358974359;1.0683760683760684;2.1717948717948716;2.6633333333333336;2.0;16.0;1.0333333333333334;0.0;8.611111111111112;1.0777777777777777;2.1555555555555554;3.9249999999999994;2.0;17.0;1.0;0.0;6.433333333333334;1.0666666666666667;2.1222222222222222;3.86;2.0;17.0;1.0333333333333334;0.0;7.444444444444444;1.0777777777777777;2.1333333333333333;3.6033333333333335;2.0;18.0;1.0;0.0;6.644444444444446;1.0666666666666667;2.111111111111111;3.9249999999999994;2.0;18.0;1.0333333333333334;0.0;7.7444444444444445;1.0777777777777777;2.1555555555555554;3.715;2.0;19.0;0.0
1.0333333333333332;0.0;7.933333333333333;4.933333333333334;3.755555555555556;3.151666666666666;2.0;15.0;1.111111111111111;0.0;7.01111111111111;13.055555555555552;5.844444444444444;3.4883333333333333;2.0;15.0;1.011111111111111;0.0;7.622222222222223;4.722222222222222;3.711111111111111;3.44;2.0;16.0;1.0809523809523809;0.0;6.58974358974359;1.0683760683760684;2.1717948717948716;2.6633333333333336;2.0;16.0;1.0333333333333334;0.0;8.611111111111112;1.0777777777777777;2.1555555555555554;3.9249999999999994;2.0;17.0;1.0;0.0;6.433333333333334;1.0666666666666667;2.1222222222222222;3.86;2.0;17.0;1.0333333333333334;0.0;7.444444444444444;1.0777777777777777;2.1333333333333333;3.6033333333333335;2.0;18.0;1.0;0.0;6.644444444444446;1.0666666666666667;2.111111111111111;3.9249999999999994;2.0;18.0;1.0333333333333334;0.0;7.7444444444444445;1.0777777777777777;2.1555555555555554;3.715;2.0;19.0;1.0;0.0;6.788888888888889;1.0666666666666667;2.1222222222222222;3.7483333333333335;2.0;19.0;0.0
1.111111111111111;0.0;7.01111111111111;13.055555555555552;5.844444444444444;3.4883333333333333;2.0;15.0;1.011111111111111;0.0;7.622222222222223;4.722222222222222;3.711111111111111;3.44;2.0;16.0;1.0809523809523809;0.0;6.58974358974359;1.0683760683760684;2.1717948717948716;2.6633333333333336;2.0;16.0;1.0333333333333334;0.0;8.611111111111112;1.0777777777777777;2.1555555555555554;3.9249999999999994;2.0;17.0;1.0;0.0;6.433333333333334;1.0666666666666667;2.1222222222222222;3.86;2.0;17.0;1.0333333333333334;0.0;7.444444444444444;1.0777777777777777;2.1333333333333333;3.6033333333333335;2.0;18.0;1.0;0.0;6.644444444444446;1.0666666666666667;2.111111111111111;3.9249999999999994;2.0;18.0;1.0333333333333334;0.0;7.7444444444444445;1.0777777777777777;2.1555555555555554;3.715;2.0;19.0;1.0;0.0;6.788888888888889;1.0666666666666667;2.1222222222222222;3.7483333333333335;2.0;19.0;1.0333333333333334;0.0;7.866666666666667;1.0777777777777777;2.1333333333333333;3.4416666666666664;2.0;20.0;0.0
1.011111111111111;0.0;7.622222222222223;4.722222222222222;3.711111111111111;3.44;2.0;16.0;1.0809523809523809;0.0;6.58974358974359;1.0683760683760684;2.1717948717948716;2.6633333333333336;2.0;16.0;1.0333333333333334;0.0;8.611111111111112;1.0777777777777777;2.1555555555555554;3.9249999999999994;2.0;17.0;1.0;0.0;6.433333333333334;1.0666666666666667;2.1222222222222222;3.86;2.0;17.0;1.0333333333333334;0.0;7.444444444444444;1.0777777777777777;2.1333333333333333;3.6033333333333335;2.0;18.0;1.0;0.0;6.644444444444446;1.0666666666666667;2.111111111111111;3.9249999999999994;2.0;18.0;1.0333333333333334;0.0;7.7444444444444445;1.0777777777777777;2.1555555555555554;3.715;2.0;19.0;1.0;0.0;6.788888888888889;1.0666666666666667;2.1222222222222222;3.7483333333333335;2.0;19.0;1.0333333333333334;0.0;7.866666666666667;1.0777777777777777;2.1333333333333333;3.4416666666666664;2.0;20.0;1.0;0.0;6.8999999999999995;1.0666666666666667;2.1;4.005;2.0;20.0;0.0
1.0809523809523809;0.0;6.58974358974359;1.0683760683760684;2.1717948717948716;2.6633333333333336;2.0;16.0;1.0333333333333334;0.0;8.611111111111112;1.0777777777777777;2.1555555555555554;3.9249999999999994;2.0;17.0;1.0;0.0;6.433333333333334;1.0666666666666667;2.1222222222222222;3.86;2.0;17.0;1.0333333333333334;0.0;7.444444444444444;1.0777777777777777;2.1333333333333333;3.6033333333333335;2.0;18.0;1.0;0.0;6.644444444444446;1.0666666666666667;2.111111111111111;3.9249999999999994;2.0;18.0;1.0333333333333334;0.0;7.7444444444444445;1.0777777777777777;2.1555555555555554;3.715;2.0;19.0;1.0;0.0;6.788888888888889;1.0666666666666667;2.1222222222222222;3.7483333333333335;2.0;19.0;1.0333333333333334;0.0;7.866666666666667;1.0777777777777777;2.1333333333333333;3.4416666666666664;2.0;20.0;1.0;0.0;6.8999999999999995;1.0666666666666667;2.1;4.005;2.0;20.0;1.0333333333333334;0.0;7.6000000000000005;1.0777777777777777;2.1999999999999997;4.263333333333333;2.0;21.0;0.0
1.0333333333333334;0.0;8.611111111111112;1.0777777777777777;2.1555555555555554;3.9249999999999994;2.0;17.0;1.0;0.0;6.433333333333334;1.0666666666666667;2.1222222222222222;3.86;2.0;17.0;1.0333333333333334;0.0;7.444444444444444;1.0777777777777777;2.1333333333333333;3.6033333333333335;2.0;18.0;1.0;0.0;6.644444444444446;1.0666666666666667;2.111111111111111;3.9249999999999994;2.0;18.0;1.0333333333333334;0.0;7.7444444444444445;1.0777777777777777;2.1555555555555554;3.715;2.0;19.0;1.0;0.0;6.788888888888889;1.0666666666666667;2.1222222222222222;3.7483333333333335;2.0;19.0;1.0333333333333334;0.0;7.866666666666667;1.0777777777777777;2.1333333333333333;3.4416666666666664;2.0;20.0;1.0;0.0;6.8999999999999995;1.0666666666666667;2.1;4.005;2.0;20.0;1.0333333333333334;0.0;7.6000000000000005;1.0777777777777777;2.1999999999999997;4.263333333333333;2.0;21.0;1.0;0.0;6.555555555555556;1.0666666666666667;2.1666666666666665;3.5400000000000005;2.0;21.0;0.0
1.0;0.0;6.433333333333334;1.0666666666666667;2.1222222222222222;3.86;2.0;17.0;1.0333333333333334;0.0;7.444444444444444;1.0777777777777777;2.1333333333333333;3.6033333333333335;2.0;18.0;1.0;0.0;6.644444444444446;1.0666666666666667;2.111111111111111;3.9249999999999994;2.0;18.0;1.0333333333333334;0.0;7.7444444444444445;1.0777777777777777;2.1555555555555554;3.715;2.0;19.0;1.0;0.0;6.788888888888889;1.0666666666666667;2.1222222222222222;3.7483333333333335;2.0;19.0;1.0333333333333334;0.0;7.866666666666667;1.0777777777777777;2.1333333333333333;3.4416666666666664;2.0;20.0;1.0;0.0;6.8999999999999995;1.0666666666666667;2.1;4.005;2.0;20.0;1.0333333333333334;0.0;7.6000000000000005;1.0777777777777777;2.1999999999999997;4.263333333333333;2.0;21.0;1.0;0.0;6.555555555555556;1.0666666666666667;2.1666666666666665;3.5400000000000005;2.0;21.0;1.011111111111111;0.0;7.855555555555555;1.0777777777777777;2.1888888888888887;3.2183333333333333;2.0;22.0;0.0
1.0333333333333334;0.0;7.444444444444444;1.0777777777777777;2.1333333333333333;3.6033333333333335;2.0;18.0;1.0;0.0;6.644444444444446;1.0666666666666667;2.111111111111111;3.9249999999999994;2.0;18.0;1.0333333333333334;0.0;7.7444444444444445;1.0777777777777777;2.1555555555555554;3.715;2.0;19.0;1.0;0.0;6.788888888888889;1.0666666666666667;2.1222222222222222;3.7483333333333335;2.0;19.0;1.0333333333333334;0.0;7.866666666666667;1.0777777777777777;2.1333333333333333;3.4416666666666664;2.0;20.0;1.0;0.0;6.8999999999999995;1.0666666666666667;2.1;4.005;2.0;20.0;1.0333333333333334;0.0;7.6000000000000005;1.0777777777777777;2.1999999999999997;4.263333333333333;2.0;21.0;1.0;0.0;6.555555555555556;1.0666666666666667;2.1666666666666665;3.5400000000000005;2.0;21.0;1.011111111111111;0.0;7.855555555555555;1.0777777777777777;2.1888888888888887;3.2183333333333333;2.0;22.0;1.0;0.0;7.111111111111111;1.0666666666666667;2.1222222222222222;3.685;2.0;22.0;0.0
1.0;0.0;6.644444444444446;1.0666666666666667;2.111111111111111;3.9249999999999994;2.0;18.0;1.0333333333333334;0.0;7.7444444444444445;1.0777777777777777;2.1555555555555554;3.715;2.0;19.0;1.0;0.0;6.788888888888889;1.0666666666666667;2.1222222222222222;3.7483333333333335;2.0;19.0;1.0333333333333334;0.0;7.866666666666667;1.0777777777777777;2.1333333333333333;3.4416666666666664;2.0;20.0;1.0;0.0;6.8999999999999995;1.0666666666666667;2.1;4.005;2.0;20.0;1.0333333333333334;0.0;7.6000000000000005;1.0777777777777777;2.1999999999999997;4.263333333333333;2.0;21.0;1.0;0.0;6.555555555555556;1.0666666666666667;2.1666666666666665;3.5400000000000005;2.0;21.0;1.011111111111111;0.0;7.855555555555555;1.0777777777777777;2.1888888888888887;3.2183333333333333;2.0;22.0;1.0;0.0;7.111111111111111;1.0666666666666667;2.1222222222222222;3.685;2.0;22.0;1.0333333333333334;0.0;8.0;1.0777777777777777;2.1333333333333333;3.6850000000000005;2.0;23.0;0.0
1.0333333333333334;0.0;7.7444444444444445;1.0777777777777777;2.1555555555555554;3.715;2.0;19.0;1.0;0.0;6.788888888888889;1.0666666666666667;2.1222222222222222;3.7483333333333335;2.0;19.0;1.0333333333333334;0.0;7.866666666666667;1.0777777777777777;2.1333333333333333;3.4416666666666664;2.0;20.0;1.0;0.0;6.8999999999999995;1.0666666666666667;2.1;4.005;2.0;20.0;1.0333333333333334;0.0;7.6000000000000005;1.0777777777777777;2.1999999999999997;4.263333333333333;2.0;21.0;1.0;0.0;6.555555555555556;1.0666666666666667;2.1666666666666665;3.5400000000000005;2.0;21.0;1.011111111111111;0.0;7.855555555555555;1.0777777777777777;2.1888888888888887;3.2183333333333333;2.0;22.0;1.0;0.0;7.111111111111111;1.0666666666666667;2.1222222222222222;3.685;2.0;22.0;1.0333333333333334;0.0;8.0;1.0777777777777777;2.1333333333333333;3.6850000000000005;2.0;23.0;1.0;0.0;6.3999999999999995;1.0666666666666667;2.111111111111111;3.556666666666667;2.0;23.0;0.0
1.0;0.0;6.788888888888889;1.0666666666666667;2.1222222222222222;3.7483333333333335;2.0;19.0;1.0333333333333334;0.0;7.866666666666667;1.0777777777777777;2.1333333333333333;3.4416666666666664;2.0;20.0;1.0;0.0;6.8999999999999995;1.0666666666666667;2.1;4.005;2.0;20.0;1.0333333333333334;0.0;7.6000000000000005;1.0777777777777777;2.1999999999999997;4.263333333333333;2.0;21.0;1.0;0.0;6.555555555555556;1.0666666666666667;2.1666666666666665;3.5400000000000005;2.0;21.0;1.011111111111111;0.0;7.855555555555555;1.0777777777777777;2.1888888888888887;3.2183333333333333;2.0;22.0;1.0;0.0;7.111111111111111;1.0666666666666667;2.1222222222222222;3.685;2.0;22.0;1.0333333333333334;0.0;8.0;1.0777777777777777;2.1333333333333333;3.6850000000000005;2.0;23.0;1.0;0.0;6.3999999999999995;1.0666666666666667;2.111111111111111;3.556666666666667;2.0;23.0;1.0333333333333334;0.0;7.622222222222224;1.0777777777777777;2.1333333333333333;4.1016666666666675;3.0;0.0;0.0
1.0333333333333334;0.0;7.866666666666667;1.0777777777777777;2.1333333333333333;3.4416666666666664;2.0;20.0;1.0;0.0;6.8999999999999995;1.0666666666666667;2.1;4.005;2.0;20.0;1.0333333333333334;0.0;7.6000000000000005;1.0777777777777777;2.1999999999999997;4.263333333333333;2.0;21.0;1.0;0.0;6.555555555555556;1.0666666666666667;2.1666666666666665;3.5400000000000005;2.0;21.0;1.011111111111111;0.0;7.855555555555555;1.0777777777777777;2.1888888888888887;3.2183333333333333;2.0;22.0;1.0;0.0;7.111111111111111;1.0666666666666667;2.1222222222222222;3.685;2.0;22.0;1.0333333333333334;0.0;8.0;1.0777777777777777;2.1333333333333333;3.6850000000000005;2.0;23.0;1.0;0.0;6.3999999999999995;1.0666666666666667;2.111111111111111;3.556666666666667;2.0;23.0;1.0333333333333334;0.0;7.622222222222224;1.0777777777777777;2.1333333333333333;4.1016666666666675;3.0;0.0;1.0;0.0;6.777777777777778;1.0666666666666667;2.1333333333333333;3.41;3.0;0.0;0.0
1.0;0.0;6.8999999999999995;1.0666666666666667;2.1;4.005;2.0;20.0;1.0333333333333334;0.0;7.6000000000000005;1.0777777777777777;2.1999999999999997;4.263333333333333;2.0;21.0;1.0;0.0;6.555555555555556;1.0666666666666667;2.1666666666666665;3.5400000000000005;2.0;21.0;1.011111111111111;0.0;7.855555555555555;1.0777777777777777;2.1888888888888887;3.2183333333333333;2.0;22.0;1.0;0.0;7.111111111111111;1.0666666666666667;2.1222222222222222;3.685;2.0;22.0;1.0333333333333334;0.0;8.0;1.0777777777777777;2.1333333333333333;3.6850000000000005;2.0;23.0;1.0;0.0;6.3999999999999995;1.0666666666666667;2.111111111111111;3.556666666666667;2.0;23.0;1.0333333333333334;0.0;7.622222222222224;1.0777777777777777;2.1333333333333333;4.1016666666666675;3.0;0.0;1.0;0.0;6.777777777777778;1.0666666666666667;2.1333333333333333;3.41;3.0;0.0;1.0666666666666667;0.0;7.424603174603175;1.0777777777777777;2.1555555555555554;4.245;3.0;1.0;0.0
1.0333333333333334;0.0;7.6000000000000005;1.0777777777777777;2.1999999999999997;4.263333333333333;2.0;21.0;1.0;0.0;6.555555555555556;1.0666666666666667;2.1666666666666665;3.5400000000000005;2.0;21.0;1.011111111111111;0.0;7.855555555555555;1.0777777777777777;2.1888888888888887;3.2183333333333333;2.0;22.0;1.0;0.0;7.111111111111111;1.0666666666666667;2.1222222222222222;3.685;2.0;22.0;1.0333333333333334;0.0;8.0;1.0777777777777777;2.1333333333333333;3.6850000000000005;2.0;23.0;1.0;0.0;6.3999999999999995;1.0666666666666667;2.111111111111111;3.556666666666667;2.0;23.0;1.0333333333333334;0.0;7.622222222222224;1.0777777777777777;2.1333333333333333;4.1016666666666675;3.0;0.0;1.0;0.0;6.777777777777778;1.0666666666666667;2.1333333333333333;3.41;3.0;0.0;1.0666666666666667;0.0;7.424603174603175;1.0777777777777777;2.1555555555555554;4.245;3.0;1.0;1.0;0.0;6.722222222222222;1.0666666666666667;2.1444444444444444;3.28;3.0;1.0;0.0
1.0;0.0;6.555555555555556;1.0666666666666667;2.1666666666666665;3.5400000000000005;2.0;21.0;1.011111111111111;0.0;7.855555555555555;1.0777777777777777;2.1888888888888887;3.2183333333333333;2.0;22.0;1.0;0.0;7.111111111111111;1.0666666666666667;2.1222222222222222;3.685;2.0;22.0;1.0333333333333334;0.0;8.0;1.0777777777777777;2.1333333333333333;3.6850000000000005;2.0;23.0;1.0;0.0;6.3999999999999995;1.0666666666666667;2.111111111111111;3.556666666666667;2.0;23.0;1.0333333333333334;0.0;7.622222222222224;1.0777777777777777;2.1333333333333333;4.1016666666666675;3.0;0.0;1.0;0.0;6.777777777777778;1.0666666666666667;2.1333333333333333;3.41;3.0;0.0;1.0666666666666667;0.0;7.424603174603175;1.0777777777777777;2.1555555555555554;4.245;3.0;1.0;1.0;0.0;6.722222222222222;1.0666666666666667;2.1444444444444444;3.28;3.0;1.0;1.0333333333333334;0.0;7.911111111111111;1.0777777777777777;2.1222222222222222;3.813333333333334;3.0;2.0;0.0
1.011111111111111;0.0;7.855555555555555;1.0777777777777777;2.1888888888888887;3.2183333333333333;2.0;22.0;1.0;0.0;7.111111111111111;1.0666666666666667;2.1222222222222222;3.685;2.0;22.0;1.0333333333333334;0.0;8.0;1.0777777777777777;2.1333333333333333;3.6850000000000005;2.0;23.0;1.0;0.0;6.3999999999999995;1.0666666666666667;2.111111111111111;3.556666666666667;2.0;23.0;1.0333333333333334;0.0;7.622222222222224;1.0777777777777777;2.1333333333333333;4.1016666666666675;3.0;0.0;1.0;0.0;6.777777777777778;1.0666666666666667;2.1333333333333333;3.41;3.0;0.0;1.0666666666666667;0.0;7.424603174603175;1.0777777777777777;2.1555555555555554;4.245;3.0;1.0;1.0;0.0;6.722222222222222;1.0666666666666667;2.1444444444444444;3.28;3.0;1.0;1.0333333333333334;0.0;7.911111111111111;1.0777777777777777;2.1222222222222222;3.813333333333334;3.0;2.0;1.0;0.0;6.833333333333335;1.0666666666666667;2.111111111111111;3.921666666666667;3.0;2.0;0.0
1.0;0.0;7.111111111111111;1.0666666666666667;2.1222222222222222;3.685;2.0;22.0;1.0333333333333334;0.0;8.0;1.0777777777777777;2.1333333333333333;3.6850000000000005;2.0;23.0;1.0;0.0;6.3999999999999995;1.0666666666666667;2.111111111111111;3.556666666666667;2.0;23.0;1.0333333333333334;0.0;7.622222222222224;1.0777777777777777;2.1333333333333333;4.1016666666666675;3.0;0.0;1.0;0.0;6.777777777777778;1.0666666666666667;2.1333333333333333;3.41;3.0;0.0;1.0666666666666667;0.0;7.424603174603175;1.0777777777777777;2.1555555555555554;4.245;3.0;1.0;1.0;0.0;6.722222222222222;1.0666666666666667;2.1444444444444444;3.28;3.0;1.0;1.0333333333333334;0.0;7.911111111111111;1.0777777777777777;2.1222222222222222;3.813333333333334;3.0;2.0;1.0;0.0;6.833333333333335;1.0666666666666667;2.111111111111111;3.921666666666667;3.0;2.0;1.0333333333333334;0.0;7.622222222222221;1.0777777777777777;2.088888888888889;4.295;3.0;3.0;0.0
1.0333333333333334;0.0;8.0;1.0777777777777777;2.1333333333333333;3.6850000000000005;2.0;23.0;1.0;0.0;6.3999999999999995;1.0666666666666667;2.111111111111111;3.556666666666667;2.0;23.0;1.0333333333333334;0.0;7.622222222222224;1.0777777777777777;2.1333333333333333;4.1016666666666675;3.0;0.0;1.0;0.0;6.777777777777778;1.0666666666666667;2.1333333333333333;3.41;3.0;0.0;1.0666666666666667;0.0;7.424603174603175;1.0777777777777777;2.1555555555555554;4.245;3.0;1.0;1.0;0.0;6.722222222222222;1.0666666666666667;2.1444444444444444;3.28;3.0;1.0;1.0333333333333334;0.0;7.911111111111111;1.0777777777777777;2.1222222222222222;3.813333333333334;3.0;2.0;1.0;0.0;6.833333333333335;1.0666666666666667;2.111111111111111;3.921666666666667;3.0;2.0;1.0333333333333334;0.0;7.622222222222221;1.0777777777777777;2.088888888888889;4.295;3.0;3.0;1.288888888888889;0.0;28.46666666666667;5.422222222222222;2.1999999999999997;5.633333333333334;3.0;3.0;0.0
1.0;0.0;6.3999999999999995;1.0666666666666667;2.111111111111111;3.556666666666667;2.0;23.0;1.0333333333333334;0.0;7.622222222222224;1.0777777777777777;2.1333333333333333;4.1016666666666675;3.0;0.0;1.0;0.0;6.777777777777778;1.0666666666666667;2.1333333333333333;3.41;3.0;0.0;1.0666666666666667;0.0;7.424603174603175;1.0777777777777777;2.1555555555555554;4.245;3.0;1.0;1.0;0.0;6.722222222222222;1.0666666666666667;2.1444444444444444;3.28;3.0;1.0;1.0333333333333334;0.0;7.911111111111111;1.0777777777777777;2.1222222222222222;3.813333333333334;3.0;2.0;1.0;0.0;6.833333333333335;1.0666666666666667;2.111111111111111;3.921666666666667;3.0;2.0;1.0333333333333334;0.0;7.622222222222221;1.0777777777777777;2.088888888888889;4.295;3.0;3.0;1.288888888888889;0.0;28.46666666666667;5.422222222222222;2.1999999999999997;5.633333333333334;3.0;3.0;1.0714285714285714;0.0;7.804273504273504;1.0794871794871794;2.123931623931624;3.6816666666666666;3.0;4.0;0.0
1.0333333333333334;0.0;7.622222222222224;1.0777777777777777;2.1333333333333333;4.1016666666666675;3.0;0.0;1.0;0.0;6.777777777777778;1.0666666666666667;2.1333333333333333;3.41;3.0;0.0;1.0666666666666667;0.0;7.424603174603175;1.0777777777777777;2.1555555555555554;4.245;3.0;1.0;1.0;0.0;6.722222222222222;1.0666666666666667;2.1444444444444444;3.28;3.0;1.0;1.0333333333333334;0.0;7.911111111111111;1.0777777777777777;2.1222222222222222;3.813333333333334;3.0;2.0;1.0;0.0;6.833333333333335;1.0666666666666667;2.111111111111111;3.921666666666667;3.0;2.0;1.0333333333333334;0.0;7.622222222222221;1.0777777777777777;2.088888888888889;4.295;3.0;3.0;1.288888888888889;0.0;28.46666666666667;5.422222222222222;2.1999999999999997;5.633333333333334;3.0;3.0;1.0714285714285714;0.0;7.804273504273504;1.0794871794871794;2.123931623931624;3.6816666666666666;3.0;4.0;1.0;0.0;6.666666666666667;1.0666666666666667;2.0555555555555554;3.278333333333333;3.0;4.0;0.0
1.0;0.0;6.777777777777778;1.0666666666666667;2.1333333333333333;3.41;3.0;0.0;1.0666666666666667;0.0;7.424603174603175;1.0777777777777777;2.1555555555555554;4.245;3.0;1.0;1.0;0.0;6.722222222222222;1.0666666666666667;2.1444444444444444;3.28;3.0;1.0;1.0333333333333334;0.0;7.911111111111111;1.0777777777777777;2.1222222222222222;3.813333333333334;3.0;2.0;1.0;0.0;6.833333333333335;1.0666666666666667;2.111111111111111;3.921666666666667;3.0;2.0;1.0333333333333334;0.0;7.622222222222221;1.0777777777777777;2.088888888888889;4.295;3.0;3.0;1.288888888888889;0.0;28.46666666666667;5.422222222222222;2.1999999999999997;5.633333333333334;3.0;3.0;1.0714285714285714;0.0;7.804273504273504;1.0794871794871794;2.123931623931624;3.6816666666666666;3.0;4.0;1.0;0.0;6.666666666666667;1.0666666666666667;2.0555555555555554;3.278333333333333;3.0;4.0;1.0;0.0;7.688888888888889;1.0777777777777777;2.077777777777778;2.908333333333333;3.0;5.0;0.0
1.0666666666666667;0.0;7.424603174603175;1.0777777777777777;2.1555555555555554;4.245;3.0;1.0;1.0;0.0;6.722222222222222;1.0666666666666667;2.1444444444444444;3.28;3.0;1.0;1.0333333333333334;0.0;7.911111111111111;1.0777777777777777;2.1222222222222222;3.813333333333334;3.0;2.0;1.0;0.0;6.833333333333335;1.0666666666666667;2.111111111111111;3.921666666666667;3.0;2.0;1.0333333333333334;0.0;7.622222222222221;1.0777777777777777;2.088888888888889;4.295;3.0;3.0;1.288888888888889;0.0;28.46666666666667;5.422222222222222;2.1999999999999997;5.633333333333334;3.0;3.0;1.0714285714285714;0.0;7.804273504273504;1.0794871794871794;2.123931623931624;3.6816666666666666;3.0;4.0;1.0;0.0;6.666666666666667;1.0666666666666667;2.0555555555555554;3.278333333333333;3.0;4.0;1.0;0.0;7.688888888888889;1.0777777777777777;2.077777777777778;2.908333333333333;3.0;5.0;1.0;0.0;6.777777777777778;1.0666666666666667;2.1;3.7116666666666673;3.0;5.0;0.0
1.0;0.0;6.722222222222222;1.0666666666666667;2.1444444444444444;3.28;3.0;1.0;1.0333333333333334;0.0;7.911111111111111;1.0777777777777777;2.1222222222222222;3.813333333333334;3.0;2.0;1.0;0.0;6.833333333333335;1.0666666666666667;2.111111111111111;3.921666666666667;3.0;2.0;1.0333333333333334;0.0;7.622222222222221;1.0777777777777777;2.088888888888889;4.295;3.0;3.0;1.288888888888889;0.0;28.46666666666667;5.422222222222222;2.1999999999999997;5.633333333333334;3.0;3.0;1.0714285714285714;0.0;7.804273504273504;1.0794871794871794;2.123931623931624;3.6816666666666666;3.0;4.0;1.0;0.0;6.666666666666667;1.0666666666666667;2.0555555555555554;3.278333333333333;3.0;4.0;1.0;0.0;7.688888888888889;1.0777777777777777;2.077777777777778;2.908333333333333;3.0;5.0;1.0;0.0;6.777777777777778;1.0666666666666667;2.1;3.7116666666666673;3.0;5.0;1.0222222222222221;0.0;7.766666666666667;1.0777777777777777;2.0666666666666664;3.6466666666666665;3.0;6.0;0.0
1.0333333333333334;0.0;7.911111111111111;1.0777777777777777;2.1222222222222222;3.813333333333334;3.0;2.0;1.0;0.0;6.833333333333335;1.0666666666666667;2.111111111111111;3.921666666666667;3.0;2.0;1.0333333333333334;0.0;7.622222222222221;1.0777777777777777;2.088888888888889;4.295;3.0;3.0;1.288888888888889;0.0;28.46666666666667;5.422222222222222;2.1999999999999997;5.633333333333334;3.0;3.0;1.0714285714285714;0.0;7.804273504273504;1.0794871794871794;2.123931623931624;3.6816666666666666;3.0;4.0;1.0;0.0;6.666666666666667;1.0666666666666667;2.0555555555555554;3.278333333333333;3.0;4.0;1.0;0.0;7.688888888888889;1.0777777777777777;2.077777777777778;2.908333333333333;3.0;5.0;1.0;0.0;6.777777777777778;1.0666666666666667;2.1;3.7116666666666673;3.0;5.0;1.0222222222222221;0.0;7.766666666666667;1.0777777777777777;2.0666666666666664;3.6466666666666665;3.0;6.0;1.0;0.0;6.588888888888889;1.0666666666666667;2.0666666666666664;3.405;3.0;6.0;0.0
1.0;0.0;6.833333333333335;1.0666666666666667;2.111111111111111;3.921666666666667;3.0;2.0;1.0333333333333334;0.0;7.622222222222221;1.0777777777777777;2.088888888888889;4.295;3.0;3.0;1.288888888888889;0.0;28.46666666666667;5.422222222222222;2.1999999999999997;5.633333333333334;3.0;3.0;1.0714285714285714;0.0;7.804273504273504;1.0794871794871794;2.123931623931624;3.6816666666666666;3.0;4.0;1.0;0.0;6.666666666666667;1.0666666666666667;2.0555555555555554;3.278333333333333;3.0;4.0;1.0;0.0;7.688888888888889;1.0777777777777777;2.077777777777778;2.908333333333333;3.0;5.0;1.0;0.0;6.777777777777778;1.0666666666666667;2.1;3.7116666666666673;3.0;5.0;1.0222222222222221;0.0;7.766666666666667;1.0777777777777777;2.0666666666666664;3.6466666666666665;3.0;6.0;1.0;0.0;6.588888888888889;1.0666666666666667;2.0666666666666664;3.405;3.0;6.0;1.0;0.0;7.711111111111111;1.0777777777777777;2.066666666666667;2.8949999999999996;3.0;7.0;0.0
1.0333333333333334;0.0;7.622222222222221;1.0777777777777777;2.088888888888889;4.295;3.0;3.0;1.288888888888889;0.0;28.46666666666667;5.422222222222222;2.1999999999999997;5.633333333333334;3.0;3.0;1.0714285714285714;0.0;7.804273504273504;1.0794871794871794;2.123931623931624;3.6816666666666666;3.0;4.0;1.0;0.0;6.666666666666667;1.0666666666666667;2.0555555555555554;3.278333333333333;3.0;4.0;1.0;0.0;7.688888888888889;1.0777777777777777;2.077777777777778;2.908333333333333;3.0;5.0;1.0;0.0;6.777777777777778;1.0666666666666667;2.1;3.7116666666666673;3.0;5.0;1.0222222222222221;0.0;7.766666666666667;1.0777777777777777;2.0666666666666664;3.6466666666666665;3.0;6.0;1.0;0.0;6.588888888888889;1.0666666666666667;2.0666666666666664;3.405;3.0;6.0;1.0;0.0;7.711111111111111;1.0777777777777777;2.066666666666667;2.8949999999999996;3.0;7.0;1.0;0.0;6.888888888888888;1.0666666666666667;2.111111111111111;4.015;3.0;7.0;0.0
1.288888888888889;0.0;28.46666666666667;5.422222222222222;2.1999999999999997;5.633333333333334;3.0;3.0;1.0714285714285714;0.0;7.804273504273504;1.0794871794871794;2.123931623931624;3.6816666666666666;3.0;4.0;1.0;0.0;6.666666666666667;1.0666666666666667;2.0555555555555554;3.278333333333333;3.0;4.0;1.0;0.0;7.688888888888889;1.0777777777777777;2.077777777777778;2.908333333333333;3.0;5.0;1.0;0.0;6.777777777777778;1.0666666666666667;2.1;3.7116666666666673;3.0;5.0;1.0222222222222221;0.0;7.766666666666667;1.0777777777777777;2.0666666666666664;3.6466666666666665;3.0;6.0;1.0;0.0;6.588888888888889;1.0666666666666667;2.0666666666666664;3.405;3.0;6.0;1.0;0.0;7.711111111111111;1.0777777777777777;2.066666666666667;2.8949999999999996;3.0;7.0;1.0;0.0;6.888888888888888;1.0666666666666667;2.111111111111111;4.015;3.0;7.0;1.0;0.0;7.499999999999999;1.0777777777777777;2.0666666666666664;3.4883333333333333;3.0;8.0;0.0
1.0714285714285714;0.0;7.804273504273504;1.0794871794871794;2.123931623931624;3.6816666666666666;3.0;4.0;1.0;0.0;6.666666666666667;1.0666666666666667;2.0555555555555554;3.278333333333333;3.0;4.0;1.0;0.0;7.688888888888889;1.0777777777777777;2.077777777777778;2.908333333333333;3.0;5.0;1.0;0.0;6.777777777777778;1.0666666666666667;2.1;3.7116666666666673;3.0;5.0;1.0222222222222221;0.0;7.766666666666667;1.0777777777777777;2.0666666666666664;3.6466666666666665;3.0;6.0;1.0;0.0;6.588888888888889;1.0666666666666667;2.0666666666666664;3.405;3.0;6.0;1.0;0.0;7.711111111111111;1.0777777777777777;2.066666666666667;2.8949999999999996;3.0;7.0;1.0;0.0;6.888888888888888;1.0666666666666667;2.111111111111111;4.015;3.0;7.0;1.0;0.0;7.499999999999999;1.0777777777777777;2.0666666666666664;3.4883333333333333;3.0;8.0;2.3222222222222224;0.0;12.077777777777776;1.377777777777778;2.3000000000000003;8.139999999999999;3.0;8.0;0.0
1.0;0.0;6.666666666666667;1.0666666666666667;2.0555555555555554;3.278333333333333;3.0;4.0;1.0;0.0;7.688888888888889;1.0777777777777777;2.077777777777778;2.908333333333333;3.0;5.0;1.0;0.0;6.777777777777778;1.0666666666666667;2.1;3.7116666666666673;3.0;5.0;1.0222222222222221;0.0;7.766666666666667;1.0777777777777777;2.0666666666666664;3.6466666666666665;3.0;6.0;1.0;0.0;6.588888888888889;1.0666666666666667;2.0666666666666664;3.405;3.0;6.0;1.0;0.0;7.711111111111111;1.0777777777777777;2.066666666666667;2.8949999999999996;3.0;7.0;1.0;0.0;6.888888888888888;1.0666666666666667;2.111111111111111;4.015;3.0;7.0;1.0;0.0;7.499999999999999;1.0777777777777777;2.0666666666666664;3.4883333333333333;3.0;8.0;2.3222222222222224;0.0;12.077777777777776;1.377777777777778;2.3000000000000003;8.139999999999999;3.0;8.0;1.6555555555555557;0.0;10.266666666666667;1.222222222222222;2.1777777777777776;5.6816666666666675;3.0;9.0;0.0
1.0;0.0;7.688888888888889;1.0777777777777777;2.077777777777778;2.908333333333333;3.0;5.0;1.0;0.0;6.777777777777778;1.0666666666666667;2.1;3.7116666666666673;3.0;5.0;1.0222222222222221;0.0;7.766666666666667;1.0777777777777777;2.0666666666666664;3.6466666666666665;3.0;6.0;1.0;0.0;6.588888888888889;1.0666666666666667;2.0666666666666664;3.405;3.0;6.0;1.0;0.0;7.711111111111111;1.0777777777777777;2.066666666666667;2.8949999999999996;3.0;7.0;1.0;0.0;6.888888888888888;1.0666666666666667;2.111111111111111;4.015;3.0;7.0;1.0;0.0;7.499999999999999;1.0777777777777777;2.0666666666666664;3.4883333333333333;3.0;8.0;2.3222222222222224;0.0;12.077777777777776;1.377777777777778;2.3000000000000003;8.139999999999999;3.0;8.0;1.6555555555555557;0.0;10.266666666666667;1.222222222222222;2.1777777777777776;5.6816666666666675;3.0;9.0;1.0;0.0;6.777777777777779;0.2888888888888889;2.1999999999999997;3.1966666666666668;3.0;9.0;0.0
1.0;0.0;6.777777777777778;1.0666666666666667;2.1;3.7116666666666673;3.0;5.0;1.0222222222222221;0.0;7.766666666666667;1.0777777777777777;2.0666666666666664;3.6466666666666665;3.0;6.0;1.0;0.0;6.588888888888889;1.0666666666666667;2.0666666666666664;3.405;3.0;6.0;1.0;0.0;7.711111111111111;1.0777777777777777;2.066666666666667;2.8949999999999996;3.0;7.0;1.0;0.0;6.888888888888888;1.0666666666666667;2.111111111111111;4.015;3.0;7.0;1.0;0.0;7.499999999999999;1.0777777777777777;2.0666666666666664;3.4883333333333333;3.0;8.0;2.3222222222222224;0.0;12.077777777777776;1.377777777777778;2.3000000000000003;8.139999999999999;3.0;8.0;1.6555555555555557;0.0;10.266666666666667;1.222222222222222;2.1777777777777776;5.6816666666666675;3.0;9.0;1.0;0.0;6.777777777777779;0.2888888888888889;2.1999999999999997;3.1966666666666668;3.0;9.0;1.0;0.0;7.577777777777777;0.07777777777777771;2.111111111111111;3.9883333333333333;3.0;10.0;0.0
1.0222222222222221;0.0;7.766666666666667;1.0777777777777777;2.0666666666666664;3.6466666666666665;3.0;6.0;1.0;0.0;6.588888888888889;1.0666666666666667;2.0666666666666664;3.405;3.0;6.0;1.0;0.0;7.711111111111111;1.0777777777777777;2.066666666666667;2.8949999999999996;3.0;7.0;1.0;0.0;6.888888888888888;1.0666666666666667;2.111111111111111;4.015;3.0;7.0;1.0;0.0;7.499999999999999;1.0777777777777777;2.0666666666666664;3.4883333333333333;3.0;8.0;2.3222222222222224;0.0;12.077777777777776;1.377777777777778;2.3000000000000003;8.139999999999999;3.0;8.0;1.6555555555555557;0.0;10.266666666666667;1.222222222222222;2.1777777777777776;5.6816666666666675;3.0;9.0;1.0;0.0;6.777777777777779;0.2888888888888889;2.1999999999999997;3.1966666666666668;3.0;9.0;1.0;0.0;7.577777777777777;0.07777777777777771;2.111111111111111;3.9883333333333333;3.0;10.0;1.0;0.0;6.966666666666666;0.0666666666666666;2.088888888888889;3.2600000000000002;3.0;10.0;0.0
1.0;0.0;6.588888888888889;1.0666666666666667;2.0666666666666664;3.405;3.0;6.0;1.0;0.0;7.711111111111111;1.0777777777777777;2.066666666666667;2.8949999999999996;3.0;7.0;1.0;0.0;6.888888888888888;1.0666666666666667;2.111111111111111;4.015;3.0;7.0;1.0;0.0;7.499999999999999;1.0777777777777777;2.0666666666666664;3.4883333333333333;3.0;8.0;2.3222222222222224;0.0;12.077777777777776;1.377777777777778;2.3000000000000003;8.139999999999999;3.0;8.0;1.6555555555555557;0.0;10.266666666666667;1.222222222222222;2.1777777777777776;5.6816666666666675;3.0;9.0;1.0;0.0;6.777777777777779;0.2888888888888889;2.1999999999999997;3.1966666666666668;3.0;9.0;1.0;0.0;7.577777777777777;0.07777777777777771;2.111111111111111;3.9883333333333333;3.0;10.0;1.0;0.0;6.966666666666666;0.0666666666666666;2.088888888888889;3.2600000000000002;3.0;10.0;1.0;0.0;7.655555555555556;0.07777777777777771;2.1222222222222222;3.7816666666666663;3.0;11.0;0.0
1.0;0.0;7.711111111111111;1.0777777777777777;2.066666666666667;2.8949999999999996;3.0;7.0;1.0;0.0;6.888888888888888;1.0666666666666667;2.111111111111111;4.015;3.0;7.0;1.0;0.0;7.499999999999999;1.0777777777777777;2.0666666666666664;3.4883333333333333;3.0;8.0;2.3222222222222224;0.0;12.077777777777776;1.377777777777778;2.3000000000000003;8.139999999999999;3.0;8.0;1.6555555555555557;0.0;10.266666666666667;1.222222222222222;2.1777777777777776;5.6816666666666675;3.0;9.0;1.0;0.0;6.777777777777779;0.2888888888888889;2.1999999999999997;3.1966666666666668;3.0;9.0;1.0;0.0;7.577777777777777;0.07777777777777771;2.111111111111111;3.9883333333333333;3.0;10.0;1.0;0.0;6.966666666666666;0.0666666666666666;2.088888888888889;3.2600000000000002;3.0;10.0;1.0;0.0;7.655555555555556;0.07777777777777771;2.1222222222222222;3.7816666666666663;3.0;11.0;1.4000000000000001;0.0;7.166666666666665;10.122222222222225;13.733333333333334;3.7016666666666667;3.0;11.0;0.0
1.0;0.0;6.888888888888888;1.0666666666666667;2.111111111111111;4.015;3.0;7.0;1.0;0.0;7.499999999999999;1.0777777777777777;2.0666666666666664;3.4883333333333333;3.0;8.0;2.3222222222222224;0.0;12.077777777777776;1.377777777777778;2.3000000000000003;8.139999999999999;3.0;8.0;1.6555555555555557;0.0;10.266666666666667;1.222222222222222;2.1777777777777776;5.6816666666666675;3.0;9.0;1.0;0.0;6.777777777777779;0.2888888888888889;2.1999999999999997;3.1966666666666668;3.0;9.0;1.0;0.0;7.577777777777777;0.07777777777777771;2.111111111111111;3.9883333333333333;3.0;10.0;1.0;0.0;6.966666666666666;0.0666666666666666;2.088888888888889;3.2600000000000002;3.0;10.0;1.0;0.0;7.655555555555556;0.07777777777777771;2.1222222222222222;3.7816666666666663;3.0;11.0;1.4000000000000001;0.0;7.166666666666665;10.122222222222225;13.733333333333334;3.7016666666666667;3.0;11.0;1.0;0.0;7.411111111111111;0.07777777777777771;2.3666666666666667;3.591666666666667;3.0;12.0;0.0
1.0;0.0;7.499999999999999;1.0777777777777777;2.0666666666666664;3.4883333333333333;3.0;8.0;2.3222222222222224;0.0;12.077777777777776;1.377777777777778;2.3000000000000003;8.139999999999999;3.0;8.0;1.6555555555555557;0.0;10.266666666666667;1.222222222222222;2.1777777777777776;5.6816666666666675;3.0;9.0;1.0;0.0;6.777777777777779;0.2888888888888889;2.1999999999999997;3.1966666666666668;3.0;9.0;1.0;0.0;7.577777777777777;0.07777777777777771;2.111111111111111;3.9883333333333333;3.0;10.0;1.0;0.0;6.966666666666666;0.0666666666666666;2.088888888888889;3.2600000000000002;3.0;10.0;1.0;0.0;7.655555555555556;0.07777777777777771;2.1222222222222222;3.7816666666666663;3.0;11.0;1.4000000000000001;0.0;7.166666666666665;10.122222222222225;13.733333333333334;3.7016666666666667;3.0;11.0;1.0;0.0;7.411111111111111;0.07777777777777771;2.3666666666666667;3.591666666666667;3.0;12.0;1.0;0.0;6.800000000000001;0.0666666666666666;2.3777777777777778;2.766666666666667;3.0;12.0;0.0
2.3222222222222224;0.0;12.077777777777776;1.377777777777778;2.3000000000000003;8.139999999999999;3.0;8.0;1.6555555555555557;0.0;10.266666666666667;1.222222222222222;2.1777777777777776;5.6816666666666675;3.0;9.0;1.0;0.0;6.777777777777779;0.2888888888888889;2.1999999999999997;3.1966666666666668;3.0;9.0;1.0;0.0;7.577777777777777;0.07777777777777771;2.111111111111111;3.9883333333333333;3.0;10.0;1.0;0.0;6.966666666666666;0.0666666666666666;2.088888888888889;3.2600000000000002;3.0;10.0;1.0;0.0;7.655555555555556;0.07777777777777771;2.1222222222222222;3.7816666666666663;3.0;11.0;1.4000000000000001;0.0;7.166666666666665;10.122222222222225;13.733333333333334;3.7016666666666667;3.0;11.0;1.0;0.0;7.411111111111111;0.07777777777777771;2.3666666666666667;3.591666666666667;3.0;12.0;1.0;0.0;6.800000000000001;0.0666666666666666;2.3777777777777778;2.766666666666667;3.0;12.0;1.011111111111111;0.0;7.655555555555556;0.07777777777777771;2.3333333333333326;3.75;3.0;13.0;0.0
1.6555555555555557;0.0;10.266666666666667;1.222222222222222;2.1777777777777776;5.6816666666666675;3.0;9.0;1.0;0.0;6.777777777777779;0.2888888888888889;2.1999999999999997;3.1966666666666668;3.0;9.0;1.0;0.0;7.577777777777777;0.07777777777777771;2.111111111111111;3.9883333333333333;3.0;10.0;1.0;0.0;6.966666666666666;0.0666666666666666;2.088888888888889;3.2600000000000002;3.0;10.0;1.0;0.0;7.655555555555556;0.07777777777777771;2.1222222222222222;3.7816666666666663;3.0;11.0;1.4000000000000001;0.0;7.166666666666665;10.122222222222225;13.733333333333334;3.7016666666666667;3.0;11.0;1.0;0.0;7.411111111111111;0.07777777777777771;2.3666666666666667;3.591666666666667;3.0;12.0;1.0;0.0;6.800000000000001;0.0666666666666666;2.3777777777777778;2.766666666666667;3.0;12.0;1.011111111111111;0.0;7.655555555555556;0.07777777777777771;2.3333333333333326;3.75;3.0;13.0;1.0;0.0;6.844444444444445;0.07777777777777771;2.3444444444444437;3.591666666666667;3.0;13.0;0.0
1.0;0.0;6.777777777777779;0.2888888888888889;2.1999999999999997;3.1966666666666668;3.0;9.0;1.0;0.0;7.577777777777777;0.07777777777777771;2.111111111111111;3.9883333333333333;3.0;10.0;1.0;0.0;6.966666666666666;0.0666666666666666;2.088888888888889;3.2600000000000002;3.0;10.0;1.0;0.0;7.655555555555556;0.07777777777777771;2.1222222222222222;3.7816666666666663;3.0;11.0;1.4000000000000001;0.0;7.166666666666665;10.122222222222225;13.733333333333334;3.7016666666666667;3.0;11.0;1.0;0.0;7.411111111111111;0.07777777777777771;2.3666666666666667;3.591666666666667;3.0;12.0;1.0;0.0;6.800000000000001;0.0666666666666666;2.3777777777777778;2.766666666666667;3.0;12.0;1.011111111111111;0.0;7.655555555555556;0.07777777777777771;2.3333333333333326;3.75;3.0;13.0;1.0;0.0;6.844444444444445;0.07777777777777771;2.3444444444444437;3.591666666666667;3.0;13.0;1.0;0.0;7.777777777777778;0.07777777777777771;2.3666666666666667;3.606666666666667;3.0;14.0;0.0
1.0;0.0;7.577777777777777;0.07777777777777771;2.111111111111111;3.9883333333333333;3.0;10.0;1.0;0.0;6.966666666666666;0.0666666666666666;2.088888888888889;3.2600000000000002;3.0;10.0;1.0;0.0;7.655555555555556;0.07777777777777771;2.1222222222222222;3.7816666666666663;3.0;11.0;1.4000000000000001;0.0;7.166666666666665;10.122222222222225;13.733333333333334;3.7016666666666667;3.0;11.0;1.0;0.0;7.411111111111111;0.07777777777777771;2.3666666666666667;3.591666666666667;3.0;12.0;1.0;0.0;6.800000000000001;0.0666666666666666;2.3777777777777778;2.766666666666667;3.0;12.0;1.011111111111111;0.0;7.655555555555556;0.07777777777777771;2.3333333333333326;3.75;3.0;13.0;1.0;0.0;6.844444444444445;0.07777777777777771;2.3444444444444437;3.591666666666667;3.0;13.0;1.0;0.0;7.777777777777778;0.07777777777777771;2.3666666666666667;3.606666666666667;3.0;14.0;1.0;0.0;7.133333333333333;0.0666666666666666;2.3333333333333335;3.306666666666666;3.0;14.0;0.0
1.0;0.0;6.966666666666666;0.0666666666666666;2.088888888888889;3.2600000000000002;3.0;10.0;1.0;0.0;7.655555555555556;0.07777777777777771;2.1222222222222222;3.7816666666666663;3.0;11.0;1.4000000000000001;0.0;7.166666666666665;10.122222222222225;13.733333333333334;3.7016666666666667;3.0;11.0;1.0;0.0;7.411111111111111;0.07777777777777771;2.3666666666666667;3.591666666666667;3.0;12.0;1.0;0.0;6.800000000000001;0.0666666666666666;2.3777777777777778;2.766666666666667;3.0;12.0;1.011111111111111;0.0;7.655555555555556;0.07777777777777771;2.3333333333333326;3.75;3.0;13.0;1.0;0.0;6.844444444444445;0.07777777777777771;2.3444444444444437;3.591666666666667;3.0;13.0;1.0;0.0;7.777777777777778;0.07777777777777771;2.3666666666666667;3.606666666666667;3.0;14.0;1.0;0.0;7.133333333333333;0.0666666666666666;2.3333333333333335;3.306666666666666;3.0;14.0;1.0;0.0;7.653333333333333;0.07999999999999993;2.3733333333333335;3.664;3.0;15.0;0.0
1.0;0.0;7.655555555555556;0.07777777777777771;2.1222222222222222;3.7816666666666663;3.0;11.0;1.4000000000000001;0.0;7.166666666666665;10.122222222222225;13.733333333333334;3.7016666666666667;3.0;11.0;1.0;0.0;7.411111111111111;0.07777777777777771;2.3666666666666667;3.591666666666667;3.0;12.0;1.0;0.0;6.800000000000001;0.0666666666666666;2.3777777777777778;2.766666666666667;3.0;12.0;1.011111111111111;0.0;7.655555555555556;0.07777777777777771;2.3333333333333326;3.75;3.0;13.0;1.0;0.0;6.844444444444445;0.07777777777777771;2.3444444444444437;3.591666666666667;3.0;13.0;1.0;0.0;7.777777777777778;0.07777777777777771;2.3666666666666667;3.606666666666667;3.0;14.0;1.0;0.0;7.133333333333333;0.0666666666666666;2.3333333333333335;3.306666666666666;3.0;14.0;1.0;0.0;7.653333333333333;0.07999999999999993;2.3733333333333335;3.664;3.0;15.0;1.0;0.0;6.433333333333333;0.0666666666666666;2.333333333333333;3.915;3.0;15.0;0.0
1.4000000000000001;0.0;7.166666666666665;10.122222222222225;13.733333333333334;3.7016666666666667;3.0;11.0;1.0;0.0;7.411111111111111;0.07777777777777771;2.3666666666666667;3.591666666666667;3.0;12.0;1.0;0.0;6.800000000000001;0.0666666666666666;2.3777777777777778;2.766666666666667;3.0;12.0;1.011111111111111;0.0;7.655555555555556;0.07777777777777771;2.3333333333333326;3.75;3.0;13.0;1.0;0.0;6.844444444444445;0.07777777777777771;2.3444444444444437;3.591666666666667;3.0;13.0;1.0;0.0;7.777777777777778;0.07777777777777771;2.3666666666666667;3.606666666666667;3.0;14.0;1.0;0.0;7.133333333333333;0.0666666666666666;2.3333333333333335;3.306666666666666;3.0;14.0;1.0;0.0;7.653333333333333;0.07999999999999993;2.3733333333333335;3.664;3.0;15.0;1.0;0.0;6.433333333333333;0.0666666666666666;2.333333333333333;3.915;3.0;15.0;1.0333333333333334;0.0;7.666666666666667;0.07777777777777771;2.3777777777777778;2.9416666666666664;3.0;16.0;0.0
1.0;0.0;7.411111111111111;0.07777777777777771;2.3666666666666667;3.591666666666667;3.0;12.0;1.0;0.0;6.800000000000001;0.0666666666666666;2.3777777777777778;2.766666666666667;3.0;12.0;1.011111111111111;0.0;7.655555555555556;0.07777777777777771;2.3333333333333326;3.75;3.0;13.0;1.0;0.0;6.844444444444445;0.07777777777777771;2.3444444444444437;3.591666666666667;3.0;13.0;1.0;0.0;7.777777777777778;0.07777777777777771;2.3666666666666667;3.606666666666667;3.0;14.0;1.0;0.0;7.133333333333333;0.0666666666666666;2.3333333333333335;3.306666666666666;3.0;14.0;1.0;0.0;7.653333333333333;0.07999999999999993;2.3733333333333335;3.664;3.0;15.0;1.0;0.0;6.433333333333333;0.0666666666666666;2.333333333333333;3.915;3.0;15.0;1.0333333333333334;0.0;7.666666666666667;0.07777777777777771;2.3777777777777778;2.9416666666666664;3.0;16.0;1.0;0.0;6.6000000000000005;0.0666666666666666;2.2888888888888883;2.77;3.0;16.0;0.0
1.0;0.0;6.800000000000001;0.0666666666666666;2.3777777777777778;2.766666666666667;3.0;12.0;1.011111111111111;0.0;7.655555555555556;0.07777777777777771;2.3333333333333326;3.75;3.0;13.0;1.0;0.0;6.844444444444445;0.07777777777777771;2.3444444444444437;3.591666666666667;3.0;13.0;1.0;0.0;7.777777777777778;0.07777777777777771;2.3666666666666667;3.606666666666667;3.0;14.0;1.0;0.0;7.133333333333333;0.0666666666666666;2.3333333333333335;3.306666666666666;3.0;14.0;1.0;0.0;7.653333333333333;0.07999999999999993;2.3733333333333335;3.664;3.0;15.0;1.0;0.0;6.433333333333333;0.0666666666666666;2.333333333333333;3.915;3.0;15.0;1.0333333333333334;0.0;7.666666666666667;0.07777777777777771;2.3777777777777778;2.9416666666666664;3.0;16.0;1.0;0.0;6.6000000000000005;0.0666666666666666;2.2888888888888883;2.77;3.0;16.0;1.0;0.0;7.51111111111111;0.07777777777777771;2.3222222222222224;3.3216666666666668;3.0;17.0;0.0
1.011111111111111;0.0;7.655555555555556;0.07777777777777771;2.3333333333333326;3.75;3.0;13.0;1.0;0.0;6.844444444444445;0.07777777777777771;2.3444444444444437;3.591666666666667;3.0;13.0;1.0;0.0;7.777777777777778;0.07777777777777771;2.3666666666666667;3.606666666666667;3.0;14.0;1.0;0.0;7.133333333333333;0.0666666666666666;2.3333333333333335;3.306666666666666;3.0;14.0;1.0;0.0;7.653333333333333;0.07999999999999993;2.3733333333333335;3.664;3.0;15.0;1.0;0.0;6.433333333333333;0.0666666666666666;2.333333333333333;3.915;3.0;15.0;1.0333333333333334;0.0;7.666666666666667;0.07777777777777771;2.3777777777777778;2.9416666666666664;3.0;16.0;1.0;0.0;6.6000000000000005;0.0666666666666666;2.2888888888888883;2.77;3.0;16.0;1.0;0.0;7.51111111111111;0.07777777777777771;2.3222222222222224;3.3216666666666668;3.0;17.0;1.0;0.0;7.044444444444444;0.0666666666666666;2.3444444444444446;3.4633333333333334;3.0;17.0;0.0
1.0;0.0;6.844444444444445;0.07777777777777771;2.3444444444444437;3.591666666666667;3.0;13.0;1.0;0.0;7.777777777777778;0.07777777777777771;2.3666666666666667;3.606666666666667;3.0;14.0;1.0;0.0;7.133333333333333;0.0666666666666666;2.3333333333333335;3.306666666666666;3.0;14.0;1.0;0.0;7.653333333333333;0.07999999999999993;2.3733333333333335;3.664;3.0;15.0;1.0;0.0;6.433333333333333;0.0666666666666666;2.333333333333333;3.915;3.0;15.0;1.0333333333333334;0.0;7.666666666666667;0.07777777777777771;2.3777777777777778;2.9416666666666664;3.0;16.0;1.0;0.0;6.6000000000000005;0.0666666666666666;2.2888888888888883;2.77;3.0;16.0;1.0;0.0;7.51111111111111;0.07777777777777771;2.3222222222222224;3.3216666666666668;3.0;17.0;1.0;0.0;7.044444444444444;0.0666666666666666;2.3444444444444446;3.4633333333333334;3.0;17.0;1.0;0.0;7.3999999999999995;0.07777777777777771;2.322222222222222;3.0066666666666664;3.0;18.0;0.0
1.0;0.0;7.777777777777778;0.07777777777777771;2.3666666666666667;3.606666666666667;3.0;14.0;1.0;0.0;7.133333333333333;0.0666666666666666;2.3333333333333335;3.306666666666666;3.0;14.0;1.0;0.0;7.653333333333333;0.07999999999999993;2.3733333333333335;3.664;3.0;15.0;1.0;0.0;6.433333333333333;0.0666666666666666;2.333333333333333;3.915;3.0;15.0;1.0333333333333334;0.0;7.666666666666667;0.07777777777777771;2.3777777777777778;2.9416666666666664;3.0;16.0;1.0;0.0;6.6000000000000005;0.0666666666666666;2.2888888888888883;2.77;3.0;16.0;1.0;0.0;7.51111111111111;0.07777777777777771;2.3222222222222224;3.3216666666666668;3.0;17.0;1.0;0.0;7.044444444444444;0.0666666666666666;2.3444444444444446;3.4633333333333334;3.0;17.0;1.0;0.0;7.3999999999999995;0.07777777777777771;2.322222222222222;3.0066666666666664;3.0;18.0;1.0;0.0;6.944444444444444;0.0666666666666666;2.333333333333333;3.891666666666666;3.0;18.0;0.0
1.0;0.0;7.133333333333333;0.0666666666666666;2.3333333333333335;3.306666666666666;3.0;14.0;1.0;0.0;7.653333333333333;0.07999999999999993;2.3733333333333335;3.664;3.0;15.0;1.0;0.0;6.433333333333333;0.0666666666666666;2.333333333333333;3.915;3.0;15.0;1.0333333333333334;0.0;7.666666666666667;0.07777777777777771;2.3777777777777778;2.9416666666666664;3.0;16.0;1.0;0.0;6.6000000000000005;0.0666666666666666;2.2888888888888883;2.77;3.0;16.0;1.0;0.0;7.51111111111111;0.07777777777777771;2.3222222222222224;3.3216666666666668;3.0;17.0;1.0;0.0;7.044444444444444;0.0666666666666666;2.3444444444444446;3.4633333333333334;3.0;17.0;1.0;0.0;7.3999999999999995;0.07777777777777771;2.322222222222222;3.0066666666666664;3.0;18.0;1.0;0.0;6.944444444444444;0.0666666666666666;2.333333333333333;3.891666666666666;3.0;18.0;1.0;0.0;7.722222222222221;0.07777777777777771;2.3555555555555547;2.7366666666666664;3.0;19.0;0.0
1.0;0.0;7.653333333333333;0.07999999999999993;2.3733333333333335;3.664;3.0;15.0;1.0;0.0;6.433333333333333;0.0666666666666666;2.333333333333333;3.915;3.0;15.0;1.0333333333333334;0.0;7.666666666666667;0.07777777777777771;2.3777777777777778;2.9416666666666664;3.0;16.0;1.0;0.0;6.6000000000000005;0.0666666666666666;2.2888888888888883;2.77;3.0;16.0;1.0;0.0;7.51111111111111;0.07777777777777771;2.3222222222222224;3.3216666666666668;3.0;17.0;1.0;0.0;7.044444444444444;0.0666666666666666;2.3444444444444446;3.4633333333333334;3.0;17.0;1.0;0.0;7.3999999999999995;0.07777777777777771;2.322222222222222;3.0066666666666664;3.0;18.0;1.0;0.0;6.944444444444444;0.0666666666666666;2.333333333333333;3.891666666666666;3.0;18.0;1.0;0.0;7.722222222222221;0.07777777777777771;2.3555555555555547;2.7366666666666664;3.0;19.0;1.0;0.0;7.033333333333334;0.0666666666666666;2.322222222222222;3.3683333333333336;3.0;19.0;0.0
1.0;0.0;6.433333333333333;0.0666666666666666;2.333333333333333;3.915;3.0;15.0;1.0333333333333334;0.0;7.666666666666667;0.07777777777777771;2.3777777777777778;2.9416666666666664;3.0;16.0;1.0;0.0;6.6000000000000005;0.0666666666666666;2.2888888888888883;2.77;3.0;16.0;1.0;0.0;7.51111111111111;0.07777777777777771;2.3222222222222224;3.3216666666666668;3.0;17.0;1.0;0.0;7.044444444444444;0.0666666666666666;2.3444444444444446;3.4633333333333334;3.0;17.0;1.0;0.0;7.3999999999999995;0.07777777777777771;2.322222222222222;3.0066666666666664;3.0;18.0;1.0;0.0;6.944444444444444;0.0666666666666666;2.333333333333333;3.891666666666666;3.0;18.0;1.0;0.0;7.722222222222221;0.07777777777777771;2.3555555555555547;2.7366666666666664;3.0;19.0;1.0;0.0;7.033333333333334;0.0666666666666666;2.322222222222222;3.3683333333333336;3.0;19.0;1.0;0.0;7.911111111111111;0.08888888888888884;2.3666666666666667;3.4650000000000003;3.0;20.0;0.0
1.0333333333333334;0.0;7.666666666666667;0.07777777777777771;2.3777777777777778;2.9416666666666664;3.0;16.0;1.0;0.0;6.6000000000000005;0.0666666666666666;2.2888888888888883;2.77;3.0;16.0;1.0;0.0;7.51111111111111;0.07777777777777771;2.3222222222222224;3.3216666666666668;3.0;17.0;1.0;0.0;7.044444444444444;0.0666666666666666;2.3444444444444446;3.4633333333333334;3.0;17.0;1.0;0.0;7.3999999999999995;0.07777777777777771;2.322222222222222;3.0066666666666664;3.0;18.0;1.0;0.0;6.944444444444444;0.0666666666666666;2.333333333333333;3.891666666666666;3.0;18.0;1.0;0.0;7.722222222222221;0.07777777777777771;2.3555555555555547;2.7366666666666664;3.0;19.0;1.0;0.0;7.033333333333334;0.0666666666666666;2.322222222222222;3.3683333333333336;3.0;19.0;1.0;0.0;7.911111111111111;0.08888888888888884;2.3666666666666667;3.4650000000000003;3.0;20.0;1.0;0.0;7.022222222222222;0.0666666666666666;2.3555555555555556;4.066666666666666;3.0;20.0;0.0
1.0;0.0;6.6000000000000005;0.0666666666666666;2.2888888888888883;2.77;3.0;16.0;1.0;0.0;7.51111111111111;0.07777777777777771;2.3222222222222224;3.3216666666666668;3.0;17.0;1.0;0.0;7.044444444444444;0.0666666666666666;2.3444444444444446;3.4633333333333334;3.0;17.0;1.0;0.0;7.3999999999999995;0.07777777777777771;2.322222222222222;3.0066666666666664;3.0;18.0;1.0;0.0;6.944444444444444;0.0666666666666666;2.333333333333333;3.891666666666666;3.0;18.0;1.0;0.0;7.722222222222221;0.07777777777777771;2.3555555555555547;2.7366666666666664;3.0;19.0;1.0;0.0;7.033333333333334;0.0666666666666666;2.322222222222222;3.3683333333333336;3.0;19.0;1.0;0.0;7.911111111111111;0.08888888888888884;2.3666666666666667;3.4650000000000003;3.0;20.0;1.0;0.0;7.022222222222222;0.0666666666666666;2.3555555555555556;4.066666666666666;3.0;20.0;1.0;0.0;8.100000000000001;0.07777777777777771;2.3777777777777778;4.2250000000000005;3.0;21.0;0.0
1.0;0.0;7.51111111111111;0.07777777777777771;2.3222222222222224;3.3216666666666668;3.0;17.0;1.0;0.0;7.044444444444444;0.0666666666666666;2.3444444444444446;3.4633333333333334;3.0;17.0;1.0;0.0;7.3999999999999995;0.07777777777777771;2.322222222222222;3.0066666666666664;3.0;18.0;1.0;0.0;6.944444444444444;0.0666666666666666;2.333333333333333;3.891666666666666;3.0;18.0;1.0;0.0;7.722222222222221;0.07777777777777771;2.3555555555555547;2.7366666666666664;3.0;19.0;1.0;0.0;7.033333333333334;0.0666666666666666;2.322222222222222;3.3683333333333336;3.0;19.0;1.0;0.0;7.911111111111111;0.08888888888888884;2.3666666666666667;3.4650000000000003;3.0;20.0;1.0;0.0;7.022222222222222;0.0666666666666666;2.3555555555555556;4.066666666666666;3.0;20.0;1.0;0.0;8.100000000000001;0.07777777777777771;2.3777777777777778;4.2250000000000005;3.0;21.0;1.0;0.0;7.355555555555555;0.0666666666666666;2.3777777777777778;3.94;3.0;21.0;0.0
1.0;0.0;7.044444444444444;0.0666666666666666;2.3444444444444446;3.4633333333333334;3.0;17.0;1.0;0.0;7.3999999999999995;0.07777777777777771;2.322222222222222;3.0066666666666664;3.0;18.0;1.0;0.0;6.944444444444444;0.0666666666666666;2.333333333333333;3.891666666666666;3.0;18.0;1.0;0.0;7.722222222222221;0.07777777777777771;2.3555555555555547;2.7366666666666664;3.0;19.0;1.0;0.0;7.033333333333334;0.0666666666666666;2.322222222222222;3.3683333333333336;3.0;19.0;1.0;0.0;7.911111111111111;0.08888888888888884;2.3666666666666667;3.4650000000000003;3.0;20.0;1.0;0.0;7.022222222222222;0.0666666666666666;2.3555555555555556;4.066666666666666;3.0;20.0;1.0;0.0;8.100000000000001;0.07777777777777771;2.3777777777777778;4.2250000000000005;3.0;21.0;1.0;0.0;7.355555555555555;0.0666666666666666;2.3777777777777778;3.94;3.0;21.0;1.0;0.0;7.655555555555555;0.07777777777777771;2.3666666666666667;3.9266666666666663;3.0;22.0;0.0
1.0;0.0;7.3999999999999995;0.07777777777777771;2.322222222222222;3.0066666666666664;3.0;18.0;1.0;0.0;6.944444444444444;0.0666666666666666;2.333333333333333;3.891666666666666;3.0;18.0;1.0;0.0;7.722222222222221;0.07777777777777771;2.3555555555555547;2.7366666666666664;3.0;19.0;1.0;0.0;7.033333333333334;0.0666666666666666;2.322222222222222;3.3683333333333336;3.0;19.0;1.0;0.0;7.911111111111111;0.08888888888888884;2.3666666666666667;3.4650000000000003;3.0;20.0;1.0;0.0;7.022222222222222;0.0666666666666666;2.3555555555555556;4.066666666666666;3.0;20.0;1.0;0.0;8.100000000000001;0.07777777777777771;2.3777777777777778;4.2250000000000005;3.0;21.0;1.0;0.0;7.355555555555555;0.0666666666666666;2.3777777777777778;3.94;3.0;21.0;1.0;0.0;7.655555555555555;0.07777777777777771;2.3666666666666667;3.9266666666666663;3.0;22.0;1.0;0.0;7.188888888888889;0.08888888888888884;2.3666666666666667;3.0366666666666666;3.0;22.0;0.0
1.0;0.0;6.944444444444444;0.0666666666666666;2.333333333333333;3.891666666666666;3.0;18.0;1.0;0.0;7.722222222222221;0.07777777777777771;2.3555555555555547;2.7366666666666664;3.0;19.0;1.0;0.0;7.033333333333334;0.0666666666666666;2.322222222222222;3.3683333333333336;3.0;19.0;1.0;0.0;7.911111111111111;0.08888888888888884;2.3666666666666667;3.4650000000000003;3.0;20.0;1.0;0.0;7.022222222222222;0.0666666666666666;2.3555555555555556;4.066666666666666;3.0;20.0;1.0;0.0;8.100000000000001;0.07777777777777771;2.3777777777777778;4.2250000000000005;3.0;21.0;1.0;0.0;7.355555555555555;0.0666666666666666;2.3777777777777778;3.94;3.0;21.0;1.0;0.0;7.655555555555555;0.07777777777777771;2.3666666666666667;3.9266666666666663;3.0;22.0;1.0;0.0;7.188888888888889;0.08888888888888884;2.3666666666666667;3.0366666666666666;3.0;22.0;1.0222222222222221;0.0;7.833333333333333;0.07777777777777771;2.388888888888889;3.0683333333333334;3.0;23.0;0.0
1.0;0.0;7.722222222222221;0.07777777777777771;2.3555555555555547;2.7366666666666664;3.0;19.0;1.0;0.0;7.033333333333334;0.0666666666666666;2.322222222222222;3.3683333333333336;3.0;19.0;1.0;0.0;7.911111111111111;0.08888888888888884;2.3666666666666667;3.4650000000000003;3.0;20.0;1.0;0.0;7.022222222222222;0.0666666666666666;2.3555555555555556;4.066666666666666;3.0;20.0;1.0;0.0;8.100000000000001;0.07777777777777771;2.3777777777777778;4.2250000000000005;3.0;21.0;1.0;0.0;7.355555555555555;0.0666666666666666;2.3777777777777778;3.94;3.0;21.0;1.0;0.0;7.655555555555555;0.07777777777777771;2.3666666666666667;3.9266666666666663;3.0;22.0;1.0;0.0;7.188888888888889;0.08888888888888884;2.3666666666666667;3.0366666666666666;3.0;22.0;1.0222222222222221;0.0;7.833333333333333;0.07777777777777771;2.388888888888889;3.0683333333333334;3.0;23.0;1.0;0.0;6.855555555555555;0.0666666666666666;2.1;3.53;3.0;23.0;0.0
1.0;0.0;7.033333333333334;0.0666666666666666;2.322222222222222;3.3683333333333336;3.0;19.0;1.0;0.0;7.911111111111111;0.08888888888888884;2.3666666666666667;3.4650000000000003;3.0;20.0;1.0;0.0;7.022222222222222;0.0666666666666666;2.3555555555555556;4.066666666666666;3.0;20.0;1.0;0.0;8.100000000000001;0.07777777777777771;2.3777777777777778;4.2250000000000005;3.0;21.0;1.0;0.0;7.355555555555555;0.0666666666666666;2.3777777777777778;3.94;3.0;21.0;1.0;0.0;7.655555555555555;0.07777777777777771;2.3666666666666667;3.9266666666666663;3.0;22.0;1.0;0.0;7.188888888888889;0.08888888888888884;2.3666666666666667;3.0366666666666666;3.0;22.0;1.0222222222222221;0.0;7.833333333333333;0.07777777777777771;2.388888888888889;3.0683333333333334;3.0;23.0;1.0;0.0;6.855555555555555;0.0666666666666666;2.1;3.53;3.0;23.0;1.011111111111111;0.0;7.566666666666666;0.07777777777777771;2.088888888888889;3.5433333333333334;4.0;0.0;0.0
1.0;0.0;7.911111111111111;0.08888888888888884;2.3666666666666667;3.4650000000000003;3.0;20.0;1.0;0.0;7.022222222222222;0.0666666666666666;2.3555555555555556;4.066666666666666;3.0;20.0;1.0;0.0;8.100000000000001;0.07777777777777771;2.3777777777777778;4.2250000000000005;3.0;21.0;1.0;0.0;7.355555555555555;0.0666666666666666;2.3777777777777778;3.94;3.0;21.0;1.0;0.0;7.655555555555555;0.07777777777777771;2.3666666666666667;3.9266666666666663;3.0;22.0;1.0;0.0;7.188888888888889;0.08888888888888884;2.3666666666666667;3.0366666666666666;3.0;22.0;1.0222222222222221;0.0;7.833333333333333;0.07777777777777771;2.388888888888889;3.0683333333333334;3.0;23.0;1.0;0.0;6.855555555555555;0.0666666666666666;2.1;3.53;3.0;23.0;1.011111111111111;0.0;7.566666666666666;0.07777777777777771;2.088888888888889;3.5433333333333334;4.0;0.0;1.0;0.0;7.633333333333333;0.0666666666666666;2.088888888888889;3.796666666666667;4.0;0.0;0.0
1.0;0.0;7.022222222222222;0.0666666666666666;2.3555555555555556;4.066666666666666;3.0;20.0;1.0;0.0;8.100000000000001;0.07777777777777771;2.3777777777777778;4.2250000000000005;3.0;21.0;1.0;0.0;7.355555555555555;0.0666666666666666;2.3777777777777778;3.94;3.0;21.0;1.0;0.0;7.655555555555555;0.07777777777777771;2.3666666666666667;3.9266666666666663;3.0;22.0;1.0;0.0;7.188888888888889;0.08888888888888884;2.3666666666666667;3.0366666666666666;3.0;22.0;1.0222222222222221;0.0;7.833333333333333;0.07777777777777771;2.388888888888889;3.0683333333333334;3.0;23.0;1.0;0.0;6.855555555555555;0.0666666666666666;2.1;3.53;3.0;23.0;1.011111111111111;0.0;7.566666666666666;0.07777777777777771;2.088888888888889;3.5433333333333334;4.0;0.0;1.0;0.0;7.633333333333333;0.0666666666666666;2.088888888888889;3.796666666666667;4.0;0.0;1.0;0.0;7.766666666666668;0.07777777777777771;2.077777777777778;3.0366666666666666;4.0;1.0;0.0
1.0;0.0;8.100000000000001;0.07777777777777771;2.3777777777777778;4.2250000000000005;3.0;21.0;1.0;0.0;7.355555555555555;0.0666666666666666;2.3777777777777778;3.94;3.0;21.0;1.0;0.0;7.655555555555555;0.07777777777777771;2.3666666666666667;3.9266666666666663;3.0;22.0;1.0;0.0;7.188888888888889;0.08888888888888884;2.3666666666666667;3.0366666666666666;3.0;22.0;1.0222222222222221;0.0;7.833333333333333;0.07777777777777771;2.388888888888889;3.0683333333333334;3.0;23.0;1.0;0.0;6.855555555555555;0.0666666666666666;2.1;3.53;3.0;23.0;1.011111111111111;0.0;7.566666666666666;0.07777777777777771;2.088888888888889;3.5433333333333334;4.0;0.0;1.0;0.0;7.633333333333333;0.0666666666666666;2.088888888888889;3.796666666666667;4.0;0.0;1.0;0.0;7.766666666666668;0.07777777777777771;2.077777777777778;3.0366666666666666;4.0;1.0;1.0;0.0;7.355555555555555;0.0666666666666666;2.0555555555555554;3.7816666666666667;4.0;1.0;0.0
1.0;0.0;7.355555555555555;0.0666666666666666;2.3777777777777778;3.94;3.0;21.0;1.0;0.0;7.655555555555555;0.07777777777777771;2.3666666666666667;3.9266666666666663;3.0;22.0;1.0;0.0;7.188888888888889;0.08888888888888884;2.3666666666666667;3.0366666666666666;3.0;22.0;1.0222222222222221;0.0;7.833333333333333;0.07777777777777771;2.388888888888889;3.0683333333333334;3.0;23.0;1.0;0.0;6.855555555555555;0.0666666666666666;2.1;3.53;3.0;23.0;1.011111111111111;0.0;7.566666666666666;0.07777777777777771;2.088888888888889;3.5433333333333334;4.0;0.0;1.0;0.0;7.633333333333333;0.0666666666666666;2.088888888888889;3.796666666666667;4.0;0.0;1.0;0.0;7.766666666666668;0.07777777777777771;2.077777777777778;3.0366666666666666;4.0;1.0;1.0;0.0;7.355555555555555;0.0666666666666666;2.0555555555555554;3.7816666666666667;4.0;1.0;1.0;0.0;8.277777777777777;0.08888888888888884;2.066666666666667;2.183333333333333;4.0;2.0;0.0
1.0;0.0;7.655555555555555;0.07777777777777771;2.3666666666666667;3.9266666666666663;3.0;22.0;1.0;0.0;7.188888888888889;0.08888888888888884;2.3666666666666667;3.0366666666666666;3.0;22.0;1.0222222222222221;0.0;7.833333333333333;0.07777777777777771;2.388888888888889;3.0683333333333334;3.0;23.0;1.0;0.0;6.855555555555555;0.0666666666666666;2.1;3.53;3.0;23.0;1.011111111111111;0.0;7.566666666666666;0.07777777777777771;2.088888888888889;3.5433333333333334;4.0;0.0;1.0;0.0;7.633333333333333;0.0666666666666666;2.088888888888889;3.796666666666667;4.0;0.0;1.0;0.0;7.766666666666668;0.07777777777777771;2.077777777777778;3.0366666666666666;4.0;1.0;1.0;0.0;7.355555555555555;0.0666666666666666;2.0555555555555554;3.7816666666666667;4.0;1.0;1.0;0.0;8.277777777777777;0.08888888888888884;2.066666666666667;2.183333333333333;4.0;2.0;1.0;0.0;7.277777777777779;0.0666666666666666;2.1;3.133333333333333;4.0;2.0;0.0
1.0;0.0;7.188888888888889;0.08888888888888884;2.3666666666666667;3.0366666666666666;3.0;22.0;1.0222222222222221;0.0;7.833333333333333;0.07777777777777771;2.388888888888889;3.0683333333333334;3.0;23.0;1.0;0.0;6.855555555555555;0.0666666666666666;2.1;3.53;3.0;23.0;1.011111111111111;0.0;7.566666666666666;0.07777777777777771;2.088888888888889;3.5433333333333334;4.0;0.0;1.0;0.0;7.633333333333333;0.0666666666666666;2.088888888888889;3.796666666666667;4.0;0.0;1.0;0.0;7.766666666666668;0.07777777777777771;2.077777777777778;3.0366666666666666;4.0;1.0;1.0;0.0;7.355555555555555;0.0666666666666666;2.0555555555555554;3.7816666666666667;4.0;1.0;1.0;0.0;8.277777777777777;0.08888888888888884;2.066666666666667;2.183333333333333;4.0;2.0;1.0;0.0;7.277777777777779;0.0666666666666666;2.1;3.133333333333333;4.0;2.0;1.2333333333333334;0.0;28.599999999999994;4.422222222222222;2.211111111111111;4.795;4.0;3.0;0.0
1.0222222222222221;0.0;7.833333333333333;0.07777777777777771;2.388888888888889;3.0683333333333334;3.0;23.0;1.0;0.0;6.855555555555555;0.0666666666666666;2.1;3.53;3.0;23.0;1.011111111111111;0.0;7.566666666666666;0.07777777777777771;2.088888888888889;3.5433333333333334;4.0;0.0;1.0;0.0;7.633333333333333;0.0666666666666666;2.088888888888889;3.796666666666667;4.0;0.0;1.0;0.0;7.766666666666668;0.07777777777777771;2.077777777777778;3.0366666666666666;4.0;1.0;1.0;0.0;7.355555555555555;0.0666666666666666;2.0555555555555554;3.7816666666666667;4.0;1.0;1.0;0.0;8.277777777777777;0.08888888888888884;2.066666666666667;2.183333333333333;4.0;2.0;1.0;0.0;7.277777777777779;0.0666666666666666;2.1;3.133333333333333;4.0;2.0;1.2333333333333334;0.0;28.599999999999994;4.422222222222222;2.211111111111111;4.795;4.0;3.0;1.0;0.0;6.722222222222222;0.0666666666666666;2.0333333333333337;2.64;4.0;3.0;0.0
1.0;0.0;6.855555555555555;0.0666666666666666;2.1;3.53;3.0;23.0;1.011111111111111;0.0;7.566666666666666;0.07777777777777771;2.088888888888889;3.5433333333333334;4.0;0.0;1.0;0.0;7.633333333333333;0.0666666666666666;2.088888888888889;3.796666666666667;4.0;0.0;1.0;0.0;7.766666666666668;0.07777777777777771;2.077777777777778;3.0366666666666666;4.0;1.0;1.0;0.0;7.355555555555555;0.0666666666666666;2.0555555555555554;3.7816666666666667;4.0;1.0;1.0;0.0;8.277777777777777;0.08888888888888884;2.066666666666667;2.183333333333333;4.0;2.0;1.0;0.0;7.277777777777779;0.0666666666666666;2.1;3.133333333333333;4.0;2.0;1.2333333333333334;0.0;28.599999999999994;4.422222222222222;2.211111111111111;4.795;4.0;3.0;1.0;0.0;6.722222222222222;0.0666666666666666;2.0333333333333337;2.64;4.0;3.0;1.0;0.0;7.377777777777777;0.07777777777777771;2.0444444444444447;2.926666666666667;4.0;4.0;0.0
1.011111111111111;0.0;7.566666666666666;0.07777777777777771;2.088888888888889;3.5433333333333334;4.0;0.0;1.0;0.0;7.633333333333333;0.0666666666666666;2.088888888888889;3.796666666666667;4.0;0.0;1.0;0.0;7.766666666666668;0.07777777777777771;2.077777777777778;3.0366666666666666;4.0;1.0;1.0;0.0;7.355555555555555;0.0666666666666666;2.0555555555555554;3.7816666666666667;4.0;1.0;1.0;0.0;8.277777777777777;0.08888888888888884;2.066666666666667;2.183333333333333;4.0;2.0;1.0;0.0;7.277777777777779;0.0666666666666666;2.1;3.133333333333333;4.0;2.0;1.2333333333333334;0.0;28.599999999999994;4.422222222222222;2.211111111111111;4.795;4.0;3.0;1.0;0.0;6.722222222222222;0.0666666666666666;2.0333333333333337;2.64;4.0;3.0;1.0;0.0;7.377777777777777;0.07777777777777771;2.0444444444444447;2.926666666666667;4.0;4.0;1.0;0.0;6.633333333333333;0.0666666666666666;2.022222222222222;3.3216666666666668;4.0;4.0;0.0
1.0;0.0;7.633333333333333;0.0666666666666666;2.088888888888889;3.796666666666667;4.0;0.0;1.0;0.0;7.766666666666668;0.07777777777777771;2.077777777777778;3.0366666666666666;4.0;1.0;1.0;0.0;7.355555555555555;0.0666666666666666;2.0555555555555554;3.7816666666666667;4.0;1.0;1.0;0.0;8.277777777777777;0.08888888888888884;2.066666666666667;2.183333333333333;4.0;2.0;1.0;0.0;7.277777777777779;0.0666666666666666;2.1;3.133333333333333;4.0;2.0;1.2333333333333334;0.0;28.599999999999994;4.422222222222222;2.211111111111111;4.795;4.0;3.0;1.0;0.0;6.722222222222222;0.0666666666666666;2.0333333333333337;2.64;4.0;3.0;1.0;0.0;7.377777777777777;0.07777777777777771;2.0444444444444447;2.926666666666667;4.0;4.0;1.0;0.0;6.633333333333333;0.0666666666666666;2.022222222222222;3.3216666666666668;4.0;4.0;1.0;0.0;7.444444444444443;0.07777777777777771;2.0444444444444443;3.3533333333333335;4.0;5.0;0.0
1.0;0.0;7.766666666666668;0.07777777777777771;2.077777777777778;3.0366666666666666;4.0;1.0;1.0;0.0;7.355555555555555;0.0666666666666666;2.0555555555555554;3.7816666666666667;4.0;1.0;1.0;0.0;8.277777777777777;0.08888888888888884;2.066666666666667;2.183333333333333;4.0;2.0;1.0;0.0;7.277777777777779;0.0666666666666666;2.1;3.133333333333333;4.0;2.0;1.2333333333333334;0.0;28.599999999999994;4.422222222222222;2.211111111111111;4.795;4.0;3.0;1.0;0.0;6.722222222222222;0.0666666666666666;2.0333333333333337;2.64;4.0;3.0;1.0;0.0;7.377777777777777;0.07777777777777771;2.0444444444444447;2.926666666666667;4.0;4.0;1.0;0.0;6.633333333333333;0.0666666666666666;2.022222222222222;3.3216666666666668;4.0;4.0;1.0;0.0;7.444444444444443;0.07777777777777771;2.0444444444444443;3.3533333333333335;4.0;5.0;1.0;0.0;6.911111111111111;0.0666666666666666;2.033333333333333;2.9266666666666663;4.0;5.0;0.0
1.0;0.0;7.355555555555555;0.0666666666666666;2.0555555555555554;3.7816666666666667;4.0;1.0;1.0;0.0;8.277777777777777;0.08888888888888884;2.066666666666667;2.183333333333333;4.0;2.0;1.0;0.0;7.277777777777779;0.0666666666666666;2.1;3.133333333333333;4.0;2.0;1.2333333333333334;0.0;28.599999999999994;4.422222222222222;2.211111111111111;4.795;4.0;3.0;1.0;0.0;6.722222222222222;0.0666666666666666;2.0333333333333337;2.64;4.0;3.0;1.0;0.0;7.377777777777777;0.07777777777777771;2.0444444444444447;2.926666666666667;4.0;4.0;1.0;0.0;6.633333333333333;0.0666666666666666;2.022222222222222;3.3216666666666668;4.0;4.0;1.0;0.0;7.444444444444443;0.07777777777777771;2.0444444444444443;3.3533333333333335;4.0;5.0;1.0;0.0;6.911111111111111;0.0666666666666666;2.033333333333333;2.9266666666666663;4.0;5.0;1.0;0.0;8.088888888888889;0.07777777777777771;2.033333333333333;3.7183333333333333;4.0;6.0;0.0
1.0;0.0;8.277777777777777;0.08888888888888884;2.066666666666667;2.183333333333333;4.0;2.0;1.0;0.0;7.277777777777779;0.0666666666666666;2.1;3.133333333333333;4.0;2.0;1.2333333333333334;0.0;28.599999999999994;4.422222222222222;2.211111111111111;4.795;4.0;3.0;1.0;0.0;6.722222222222222;0.0666666666666666;2.0333333333333337;2.64;4.0;3.0;1.0;0.0;7.377777777777777;0.07777777777777771;2.0444444444444447;2.926666666666667;4.0;4.0;1.0;0.0;6.633333333333333;0.0666666666666666;2.022222222222222;3.3216666666666668;4.0;4.0;1.0;0.0;7.444444444444443;0.07777777777777771;2.0444444444444443;3.3533333333333335;4.0;5.0;1.0;0.0;6.911111111111111;0.0666666666666666;2.033333333333333;2.9266666666666663;4.0;5.0;1.0;0.0;8.088888888888889;0.07777777777777771;2.033333333333333;3.7183333333333333;4.0;6.0;1.0;0.0;7.088888888888889;0.0666666666666666;2.022222222222222;3.1016666666666666;4.0;6.0;0.0
1.0;0.0;7.277777777777779;0.0666666666666666;2.1;3.133333333333333;4.0;2.0;1.2333333333333334;0.0;28.599999999999994;4.422222222222222;2.211111111111111;4.795;4.0;3.0;1.0;0.0;6.722222222222222;0.0666666666666666;2.0333333333333337;2.64;4.0;3.0;1.0;0.0;7.377777777777777;0.07777777777777771;2.0444444444444447;2.926666666666667;4.0;4.0;1.0;0.0;6.633333333333333;0.0666666666666666;2.022222222222222;3.3216666666666668;4.0;4.0;1.0;0.0;7.444444444444443;0.07777777777777771;2.0444444444444443;3.3533333333333335;4.0;5.0;1.0;0.0;6.911111111111111;0.0666666666666666;2.033333333333333;2.9266666666666663;4.0;5.0;1.0;0.0;8.088888888888889;0.07777777777777771;2.033333333333333;3.7183333333333333;4.0;6.0;1.0;0.0;7.088888888888889;0.0666666666666666;2.022222222222222;3.1016666666666666;4.0;6.0;1.0;0.0;7.722222222222222;0.07777777777777771;2.055555555555556;3.5433333333333334;4.0;7.0;0.0
1.2333333333333334;0.0;28.599999999999994;4.422222222222222;2.211111111111111;4.795;4.0;3.0;1.0;0.0;6.722222222222222;0.0666666666666666;2.0333333333333337;2.64;4.0;3.0;1.0;0.0;7.377777777777777;0.07777777777777771;2.0444444444444447;2.926666666666667;4.0;4.0;1.0;0.0;6.633333333333333;0.0666666666666666;2.022222222222222;3.3216666666666668;4.0;4.0;1.0;0.0;7.444444444444443;0.07777777777777771;2.0444444444444443;3.3533333333333335;4.0;5.0;1.0;0.0;6.911111111111111;0.0666666666666666;2.033333333333333;2.9266666666666663;4.0;5.0;1.0;0.0;8.088888888888889;0.07777777777777771;2.033333333333333;3.7183333333333333;4.0;6.0;1.0;0.0;7.088888888888889;0.0666666666666666;2.022222222222222;3.1016666666666666;4.0;6.0;1.0;0.0;7.722222222222222;0.07777777777777771;2.055555555555556;3.5433333333333334;4.0;7.0;1.0;0.0;6.844444444444444;0.0666666666666666;2.022222222222222;2.9266666666666663;4.0;7.0;0.0
1.0;0.0;6.722222222222222;0.0666666666666666;2.0333333333333337;2.64;4.0;3.0;1.0;0.0;7.377777777777777;0.07777777777777771;2.0444444444444447;2.926666666666667;4.0;4.0;1.0;0.0;6.633333333333333;0.0666666666666666;2.022222222222222;3.3216666666666668;4.0;4.0;1.0;0.0;7.444444444444443;0.07777777777777771;2.0444444444444443;3.3533333333333335;4.0;5.0;1.0;0.0;6.911111111111111;0.0666666666666666;2.033333333333333;2.9266666666666663;4.0;5.0;1.0;0.0;8.088888888888889;0.07777777777777771;2.033333333333333;3.7183333333333333;4.0;6.0;1.0;0.0;7.088888888888889;0.0666666666666666;2.022222222222222;3.1016666666666666;4.0;6.0;1.0;0.0;7.722222222222222;0.07777777777777771;2.055555555555556;3.5433333333333334;4.0;7.0;1.0;0.0;6.844444444444444;0.0666666666666666;2.022222222222222;2.9266666666666663;4.0;7.0;1.0;0.0;7.844444444444445;0.07777777777777771;2.0444444444444443;3.655;4.0;8.0;0.0
1.0;0.0;7.377777777777777;0.07777777777777771;2.0444444444444447;2.926666666666667;4.0;4.0;1.0;0.0;6.633333333333333;0.0666666666666666;2.022222222222222;3.3216666666666668;4.0;4.0;1.0;0.0;7.444444444444443;0.07777777777777771;2.0444444444444443;3.3533333333333335;4.0;5.0;1.0;0.0;6.911111111111111;0.0666666666666666;2.033333333333333;2.9266666666666663;4.0;5.0;1.0;0.0;8.088888888888889;0.07777777777777771;2.033333333333333;3.7183333333333333;4.0;6.0;1.0;0.0;7.088888888888889;0.0666666666666666;2.022222222222222;3.1016666666666666;4.0;6.0;1.0;0.0;7.722222222222222;0.07777777777777771;2.055555555555556;3.5433333333333334;4.0;7.0;1.0;0.0;6.844444444444444;0.0666666666666666;2.022222222222222;2.9266666666666663;4.0;7.0;1.0;0.0;7.844444444444445;0.07777777777777771;2.0444444444444443;3.655;4.0;8.0;1.0;0.0;7.111111111111112;0.07777777777777771;2.022222222222222;3.2899999999999996;4.0;8.0;0.0
1.0;0.0;6.633333333333333;0.0666666666666666;2.022222222222222;3.3216666666666668;4.0;4.0;1.0;0.0;7.444444444444443;0.07777777777777771;2.0444444444444443;3.3533333333333335;4.0;5.0;1.0;0.0;6.911111111111111;0.0666666666666666;2.033333333333333;2.9266666666666663;4.0;5.0;1.0;0.0;8.088888888888889;0.07777777777777771;2.033333333333333;3.7183333333333333;4.0;6.0;1.0;0.0;7.088888888888889;0.0666666666666666;2.022222222222222;3.1016666666666666;4.0;6.0;1.0;0.0;7.722222222222222;0.07777777777777771;2.055555555555556;3.5433333333333334;4.0;7.0;1.0;0.0;6.844444444444444;0.0666666666666666;2.022222222222222;2.9266666666666663;4.0;7.0;1.0;0.0;7.844444444444445;0.07777777777777771;2.0444444444444443;3.655;4.0;8.0;1.0;0.0;7.111111111111112;0.07777777777777771;2.022222222222222;3.2899999999999996;4.0;8.0;1.0;0.0;7.522222222222222;0.08888888888888884;2.0555555555555554;3.321666666666667;4.0;9.0;0.0
1.0;0.0;7.444444444444443;0.07777777777777771;2.0444444444444443;3.3533333333333335;4.0;5.0;1.0;0.0;6.911111111111111;0.0666666666666666;2.033333333333333;2.9266666666666663;4.0;5.0;1.0;0.0;8.088888888888889;0.07777777777777771;2.033333333333333;3.7183333333333333;4.0;6.0;1.0;0.0;7.088888888888889;0.0666666666666666;2.022222222222222;3.1016666666666666;4.0;6.0;1.0;0.0;7.722222222222222;0.07777777777777771;2.055555555555556;3.5433333333333334;4.0;7.0;1.0;0.0;6.844444444444444;0.0666666666666666;2.022222222222222;2.9266666666666663;4.0;7.0;1.0;0.0;7.844444444444445;0.07777777777777771;2.0444444444444443;3.655;4.0;8.0;1.0;0.0;7.111111111111112;0.07777777777777771;2.022222222222222;3.2899999999999996;4.0;8.0;1.0;0.0;7.522222222222222;0.08888888888888884;2.0555555555555554;3.321666666666667;4.0;9.0;1.0;0.0;7.322222222222222;0.07777777777777771;2.0444444444444443;4.033333333333334;4.0;9.0;0.0
1.0;0.0;6.911111111111111;0.0666666666666666;2.033333333333333;2.9266666666666663;4.0;5.0;1.0;0.0;8.088888888888889;0.07777777777777771;2.033333333333333;3.7183333333333333;4.0;6.0;1.0;0.0;7.088888888888889;0.0666666666666666;2.022222222222222;3.1016666666666666;4.0;6.0;1.0;0.0;7.722222222222222;0.07777777777777771;2.055555555555556;3.5433333333333334;4.0;7.0;1.0;0.0;6.844444444444444;0.0666666666666666;2.022222222222222;2.9266666666666663;4.0;7.0;1.0;0.0;7.844444444444445;0.07777777777777771;2.0444444444444443;3.655;4.0;8.0;1.0;0.0;7.111111111111112;0.07777777777777771;2.022222222222222;3.2899999999999996;4.0;8.0;1.0;0.0;7.522222222222222;0.08888888888888884;2.0555555555555554;3.321666666666667;4.0;9.0;1.0;0.0;7.322222222222222;0.07777777777777771;2.0444444444444443;4.033333333333334;4.0;9.0;1.0;0.03333333333333333;8.155555555555555;0.07777777777777771;2.0555555555555554;3.64;4.0;10.0;0.0
1.0;0.0;8.088888888888889;0.07777777777777771;2.033333333333333;3.7183333333333333;4.0;6.0;1.0;0.0;7.088888888888889;0.0666666666666666;2.022222222222222;3.1016666666666666;4.0;6.0;1.0;0.0;7.722222222222222;0.07777777777777771;2.055555555555556;3.5433333333333334;4.0;7.0;1.0;0.0;6.844444444444444;0.0666666666666666;2.022222222222222;2.9266666666666663;4.0;7.0;1.0;0.0;7.844444444444445;0.07777777777777771;2.0444444444444443;3.655;4.0;8.0;1.0;0.0;7.111111111111112;0.07777777777777771;2.022222222222222;3.2899999999999996;4.0;8.0;1.0;0.0;7.522222222222222;0.08888888888888884;2.0555555555555554;3.321666666666667;4.0;9.0;1.0;0.0;7.322222222222222;0.07777777777777771;2.0444444444444443;4.033333333333334;4.0;9.0;1.0;0.03333333333333333;8.155555555555555;0.07777777777777771;2.0555555555555554;3.64;4.0;10.0;1.0;0.0;6.977777777777777;0.09999999999999994;2.0555555555555554;2.91;4.0;10.0;0.0
1.0;0.0;7.088888888888889;0.0666666666666666;2.022222222222222;3.1016666666666666;4.0;6.0;1.0;0.0;7.722222222222222;0.07777777777777771;2.055555555555556;3.5433333333333334;4.0;7.0;1.0;0.0;6.844444444444444;0.0666666666666666;2.022222222222222;2.9266666666666663;4.0;7.0;1.0;0.0;7.844444444444445;0.07777777777777771;2.0444444444444443;3.655;4.0;8.0;1.0;0.0;7.111111111111112;0.07777777777777771;2.022222222222222;3.2899999999999996;4.0;8.0;1.0;0.0;7.522222222222222;0.08888888888888884;2.0555555555555554;3.321666666666667;4.0;9.0;1.0;0.0;7.322222222222222;0.07777777777777771;2.0444444444444443;4.033333333333334;4.0;9.0;1.0;0.03333333333333333;8.155555555555555;0.07777777777777771;2.0555555555555554;3.64;4.0;10.0;1.0;0.0;6.977777777777777;0.09999999999999994;2.0555555555555554;2.91;4.0;10.0;1.0;0.0;7.633333333333334;0.07777777777777771;2.0444444444444443;4.303333333333334;4.0;11.0;0.0
1.0;0.0;7.722222222222222;0.07777777777777771;2.055555555555556;3.5433333333333334;4.0;7.0;1.0;0.0;6.844444444444444;0.0666666666666666;2.022222222222222;2.9266666666666663;4.0;7.0;1.0;0.0;7.844444444444445;0.07777777777777771;2.0444444444444443;3.655;4.0;8.0;1.0;0.0;7.111111111111112;0.07777777777777771;2.022222222222222;3.2899999999999996;4.0;8.0;1.0;0.0;7.522222222222222;0.08888888888888884;2.0555555555555554;3.321666666666667;4.0;9.0;1.0;0.0;7.322222222222222;0.07777777777777771;2.0444444444444443;4.033333333333334;4.0;9.0;1.0;0.03333333333333333;8.155555555555555;0.07777777777777771;2.0555555555555554;3.64;4.0;10.0;1.0;0.0;6.977777777777777;0.09999999999999994;2.0555555555555554;2.91;4.0;10.0;1.0;0.0;7.633333333333334;0.07777777777777771;2.0444444444444443;4.303333333333334;4.0;11.0;1.9333333333333333;0.45555555555555555;10.314285714285715;8.133333333333336;12.100000000000001;4.571666666666666;4.0;11.0;0.0
1.0;0.0;6.844444444444444;0.0666666666666666;2.022222222222222;2.9266666666666663;4.0;7.0;1.0;0.0;7.844444444444445;0.07777777777777771;2.0444444444444443;3.655;4.0;8.0;1.0;0.0;7.111111111111112;0.07777777777777771;2.022222222222222;3.2899999999999996;4.0;8.0;1.0;0.0;7.522222222222222;0.08888888888888884;2.0555555555555554;3.321666666666667;4.0;9.0;1.0;0.0;7.322222222222222;0.07777777777777771;2.0444444444444443;4.033333333333334;4.0;9.0;1.0;0.03333333333333333;8.155555555555555;0.07777777777777771;2.0555555555555554;3.64;4.0;10.0;1.0;0.0;6.977777777777777;0.09999999999999994;2.0555555555555554;2.91;4.0;10.0;1.0;0.0;7.633333333333334;0.07777777777777771;2.0444444444444443;4.303333333333334;4.0;11.0;1.9333333333333333;0.45555555555555555;10.314285714285715;8.133333333333336;12.100000000000001;4.571666666666666;4.0;11.0;1.0222222222222221;0.0;7.344444444444442;0.07777777777777771;2.3666666666666667;4.238333333333332;4.0;12.0;0.0
1.0;0.0;7.844444444444445;0.07777777777777771;2.0444444444444443;3.655;4.0;8.0;1.0;0.0;7.111111111111112;0.07777777777777771;2.022222222222222;3.2899999999999996;4.0;8.0;1.0;0.0;7.522222222222222;0.08888888888888884;2.0555555555555554;3.321666666666667;4.0;9.0;1.0;0.0;7.322222222222222;0.07777777777777771;2.0444444444444443;4.033333333333334;4.0;9.0;1.0;0.03333333333333333;8.155555555555555;0.07777777777777771;2.0555555555555554;3.64;4.0;10.0;1.0;0.0;6.977777777777777;0.09999999999999994;2.0555555555555554;2.91;4.0;10.0;1.0;0.0;7.633333333333334;0.07777777777777771;2.0444444444444443;4.303333333333334;4.0;11.0;1.9333333333333333;0.45555555555555555;10.314285714285715;8.133333333333336;12.100000000000001;4.571666666666666;4.0;11.0;1.0222222222222221;0.0;7.344444444444442;0.07777777777777771;2.3666666666666667;4.238333333333332;4.0;12.0;1.0;0.0;6.959999999999999;0.09333333333333328;2.4;4.08;4.0;12.0;0.0
1.0;0.0;7.111111111111112;0.07777777777777771;2.022222222222222;3.2899999999999996;4.0;8.0;1.0;0.0;7.522222222222222;0.08888888888888884;2.0555555555555554;3.321666666666667;4.0;9.0;1.0;0.0;7.322222222222222;0.07777777777777771;2.0444444444444443;4.033333333333334;4.0;9.0;1.0;0.03333333333333333;8.155555555555555;0.07777777777777771;2.0555555555555554;3.64;4.0;10.0;1.0;0.0;6.977777777777777;0.09999999999999994;2.0555555555555554;2.91;4.0;10.0;1.0;0.0;7.633333333333334;0.07777777777777771;2.0444444444444443;4.303333333333334;4.0;11.0;1.9333333333333333;0.45555555555555555;10.314285714285715;8.133333333333336;12.100000000000001;4.571666666666666;4.0;11.0;1.0222222222222221;0.0;7.344444444444442;0.07777777777777771;2.3666666666666667;4.238333333333332;4.0;12.0;1.0;0.0;6.959999999999999;0.09333333333333328;2.4;4.08;4.0;12.0;1.0;0.0;6.777777777777779;0.0666666666666666;2.3777777777777778;3.766666666666667;4.0;13.0;0.0
1.0;0.0;7.522222222222222;0.08888888888888884;2.0555555555555554;3.321666666666667;4.0;9.0;1.0;0.0;7.322222222222222;0.07777777777777771;2.0444444444444443;4.033333333333334;4.0;9.0;1.0;0.03333333333333333;8.155555555555555;0.07777777777777771;2.0555555555555554;3.64;4.0;10.0;1.0;0.0;6.977777777777777;0.09999999999999994;2.0555555555555554;2.91;4.0;10.0;1.0;0.0;7.633333333333334;0.07777777777777771;2.0444444444444443;4.303333333333334;4.0;11.0;1.9333333333333333;0.45555555555555555;10.314285714285715;8.133333333333336;12.100000000000001;4.571666666666666;4.0;11.0;1.0222222222222221;0.0;7.344444444444442;0.07777777777777771;2.3666666666666667;4.238333333333332;4.0;12.0;1.0;0.0;6.959999999999999;0.09333333333333328;2.4;4.08;4.0;12.0;1.0;0.0;6.777777777777779;0.0666666666666666;2.3777777777777778;3.766666666666667;4.0;13.0;1.0;0.0;7.088888888888889;0.0666666666666666;2.422222222222222;4.27;4.0;13.0;0.0
1.0;0.0;7.322222222222222;0.07777777777777771;2.0444444444444443;4.033333333333334;4.0;9.0;1.0;0.03333333333333333;8.155555555555555;0.07777777777777771;2.0555555555555554;3.64;4.0;10.0;1.0;0.0;6.977777777777777;0.09999999999999994;2.0555555555555554;2.91;4.0;10.0;1.0;0.0;7.633333333333334;0.07777777777777771;2.0444444444444443;4.303333333333334;4.0;11.0;1.9333333333333333;0.45555555555555555;10.314285714285715;8.133333333333336;12.100000000000001;4.571666666666666;4.0;11.0;1.0222222222222221;0.0;7.344444444444442;0.07777777777777771;2.3666666666666667;4.238333333333332;4.0;12.0;1.0;0.0;6.959999999999999;0.09333333333333328;2.4;4.08;4.0;12.0;1.0;0.0;6.777777777777779;0.0666666666666666;2.3777777777777778;3.766666666666667;4.0;13.0;1.0;0.0;7.088888888888889;0.0666666666666666;2.422222222222222;4.27;4.0;13.0;1.04;0.0;7.866666666666667;0.07999999999999993;2.413333333333333;3.646;4.0;14.0;0.0
1.0;0.03333333333333333;8.155555555555555;0.07777777777777771;2.0555555555555554;3.64;4.0;10.0;1.0;0.0;6.977777777777777;0.09999999999999994;2.0555555555555554;2.91;4.0;10.0;1.0;0.0;7.633333333333334;0.07777777777777771;2.0444444444444443;4.303333333333334;4.0;11.0;1.9333333333333333;0.45555555555555555;10.314285714285715;8.133333333333336;12.100000000000001;4.571666666666666;4.0;11.0;1.0222222222222221;0.0;7.344444444444442;0.07777777777777771;2.3666666666666667;4.238333333333332;4.0;12.0;1.0;0.0;6.959999999999999;0.09333333333333328;2.4;4.08;4.0;12.0;1.0;0.0;6.777777777777779;0.0666666666666666;2.3777777777777778;3.766666666666667;4.0;13.0;1.0;0.0;7.088888888888889;0.0666666666666666;2.422222222222222;4.27;4.0;13.0;1.04;0.0;7.866666666666667;0.07999999999999993;2.413333333333333;3.646;4.0;14.0;1.0;0.0;6.933333333333334;0.07777777777777771;2.388888888888889;3.6200000000000006;4.0;14.0;0.0
1.0;0.0;6.977777777777777;0.09999999999999994;2.0555555555555554;2.91;4.0;10.0;1.0;0.0;7.633333333333334;0.07777777777777771;2.0444444444444443;4.303333333333334;4.0;11.0;1.9333333333333333;0.45555555555555555;10.314285714285715;8.133333333333336;12.100000000000001;4.571666666666666;4.0;11.0;1.0222222222222221;0.0;7.344444444444442;0.07777777777777771;2.3666666666666667;4.238333333333332;4.0;12.0;1.0;0.0;6.959999999999999;0.09333333333333328;2.4;4.08;4.0;12.0;1.0;0.0;6.777777777777779;0.0666666666666666;2.3777777777777778;3.766666666666667;4.0;13.0;1.0;0.0;7.088888888888889;0.0666666666666666;2.422222222222222;4.27;4.0;13.0;1.04;0.0;7.866666666666667;0.07999999999999993;2.413333333333333;3.646;4.0;14.0;1.0;0.0;6.933333333333334;0.07777777777777771;2.388888888888889;3.6200000000000006;4.0;14.0;1.0;0.0;7.566666666666666;0.08888888888888884;2.3777777777777778;4.605;4.0;15.0;0.0
1.0;0.0;7.633333333333334;0.07777777777777771;2.0444444444444443;4.303333333333334;4.0;11.0;1.9333333333333333;0.45555555555555555;10.314285714285715;8.133333333333336;12.100000000000001;4.571666666666666;4.0;11.0;1.0222222222222221;0.0;7.344444444444442;0.07777777777777771;2.3666666666666667;4.238333333333332;4.0;12.0;1.0;0.0;6.959999999999999;0.09333333333333328;2.4;4.08;4.0;12.0;1.0;0.0;6.777777777777779;0.0666666666666666;2.3777777777777778;3.766666666666667;4.0;13.0;1.0;0.0;7.088888888888889;0.0666666666666666;2.422222222222222;4.27;4.0;13.0;1.04;0.0;7.866666666666667;0.07999999999999993;2.413333333333333;3.646;4.0;14.0;1.0;0.0;6.933333333333334;0.07777777777777771;2.388888888888889;3.6200000000000006;4.0;14.0;1.0;0.0;7.566666666666666;0.08888888888888884;2.3777777777777778;4.605;4.0;15.0;1.0;0.0;6.988888888888888;0.07777777777777771;2.4;3.151666666666667;4.0;15.0;0.0
1.9333333333333333;0.45555555555555555;10.314285714285715;8.133333333333336;12.100000000000001;4.571666666666666;4.0;11.0;1.0222222222222221;0.0;7.344444444444442;0.07777777777777771;2.3666666666666667;4.238333333333332;4.0;12.0;1.0;0.0;6.959999999999999;0.09333333333333328;2.4;4.08;4.0;12.0;1.0;0.0;6.777777777777779;0.0666666666666666;2.3777777777777778;3.766666666666667;4.0;13.0;1.0;0.0;7.088888888888889;0.0666666666666666;2.422222222222222;4.27;4.0;13.0;1.04;0.0;7.866666666666667;0.07999999999999993;2.413333333333333;3.646;4.0;14.0;1.0;0.0;6.933333333333334;0.07777777777777771;2.388888888888889;3.6200000000000006;4.0;14.0;1.0;0.0;7.566666666666666;0.08888888888888884;2.3777777777777778;4.605;4.0;15.0;1.0;0.0;6.988888888888888;0.07777777777777771;2.4;3.151666666666667;4.0;15.0;1.0;0.0;7.6000000000000005;0.08888888888888884;2.3777777777777778;4.1000000000000005;4.0;16.0;0.0
1.0222222222222221;0.0;7.344444444444442;0.07777777777777771;2.3666666666666667;4.238333333333332;4.0;12.0;1.0;0.0;6.959999999999999;0.09333333333333328;2.4;4.08;4.0;12.0;1.0;0.0;6.777777777777779;0.0666666666666666;2.3777777777777778;3.766666666666667;4.0;13.0;1.0;0.0;7.088888888888889;0.0666666666666666;2.422222222222222;4.27;4.0;13.0;1.04;0.0;7.866666666666667;0.07999999999999993;2.413333333333333;3.646;4.0;14.0;1.0;0.0;6.933333333333334;0.07777777777777771;2.388888888888889;3.6200000000000006;4.0;14.0;1.0;0.0;7.566666666666666;0.08888888888888884;2.3777777777777778;4.605;4.0;15.0;1.0;0.0;6.988888888888888;0.07777777777777771;2.4;3.151666666666667;4.0;15.0;1.0;0.0;7.6000000000000005;0.08888888888888884;2.3777777777777778;4.1000000000000005;4.0;16.0;7.055555555555557;236.84444444444443;14.499999999999998;59.53333333333333;67.09999999999998;10.88;4.0;16.0;0.0
1.0;0.0;6.959999999999999;0.09333333333333328;2.4;4.08;4.0;12.0;1.0;0.0;6.777777777777779;0.0666666666666666;2.3777777777777778;3.766666666666667;4.0;13.0;1.0;0.0;7.088888888888889;0.0666666666666666;2.422222222222222;4.27;4.0;13.0;1.04;0.0;7.866666666666667;0.07999999999999993;2.413333333333333;3.646;4.0;14.0;1.0;0.0;6.933333333333334;0.07777777777777771;2.388888888888889;3.6200000000000006;4.0;14.0;1.0;0.0;7.566666666666666;0.08888888888888884;2.3777777777777778;4.605;4.0;15.0;1.0;0.0;6.988888888888888;0.07777777777777771;2.4;3.151666666666667;4.0;15.0;1.0;0.0;7.6000000000000005;0.08888888888888884;2.3777777777777778;4.1000000000000005;4.0;16.0;7.055555555555557;236.84444444444443;14.499999999999998;59.53333333333333;67.09999999999998;10.88;4.0;16.0;1.0;0.0;7.844444444444445;0.07777777777777771;2.3555555555555556;3.99;4.0;17.0;0.0
1.0;0.0;6.777777777777779;0.0666666666666666;2.3777777777777778;3.766666666666667;4.0;13.0;1.0;0.0;7.088888888888889;0.0666666666666666;2.422222222222222;4.27;4.0;13.0;1.04;0.0;7.866666666666667;0.07999999999999993;2.413333333333333;3.646;4.0;14.0;1.0;0.0;6.933333333333334;0.07777777777777771;2.388888888888889;3.6200000000000006;4.0;14.0;1.0;0.0;7.566666666666666;0.08888888888888884;2.3777777777777778;4.605;4.0;15.0;1.0;0.0;6.988888888888888;0.07777777777777771;2.4;3.151666666666667;4.0;15.0;1.0;0.0;7.6000000000000005;0.08888888888888884;2.3777777777777778;4.1000000000000005;4.0;16.0;7.055555555555557;236.84444444444443;14.499999999999998;59.53333333333333;67.09999999999998;10.88;4.0;16.0;1.0;0.0;7.844444444444445;0.07777777777777771;2.3555555555555556;3.99;4.0;17.0;1.0;0.0;6.822222222222223;0.0666666666666666;2.3777777777777778;3.1783333333333332;4.0;17.0;0.0
1.0;0.0;7.088888888888889;0.0666666666666666;2.422222222222222;4.27;4.0;13.0;1.04;0.0;7.866666666666667;0.07999999999999993;2.413333333333333;3.646;4.0;14.0;1.0;0.0;6.933333333333334;0.07777777777777771;2.388888888888889;3.6200000000000006;4.0;14.0;1.0;0.0;7.566666666666666;0.08888888888888884;2.3777777777777778;4.605;4.0;15.0;1.0;0.0;6.988888888888888;0.07777777777777771;2.4;3.151666666666667;4.0;15.0;1.0;0.0;7.6000000000000005;0.08888888888888884;2.3777777777777778;4.1000000000000005;4.0;16.0;7.055555555555557;236.84444444444443;14.499999999999998;59.53333333333333;67.09999999999998;10.88;4.0;16.0;1.0;0.0;7.844444444444445;0.07777777777777771;2.3555555555555556;3.99;4.0;17.0;1.0;0.0;6.822222222222223;0.0666666666666666;2.3777777777777778;3.1783333333333332;4.0;17.0;1.0;0.0;7.611111111111111;0.07777777777777771;2.3555555555555547;3.5033333333333334;4.0;18.0;0.0
1.04;0.0;7.866666666666667;0.07999999999999993;2.413333333333333;3.646;4.0;14.0;1.0;0.0;6.933333333333334;0.07777777777777771;2.388888888888889;3.6200000000000006;4.0;14.0;1.0;0.0;7.566666666666666;0.08888888888888884;2.3777777777777778;4.605;4.0;15.0;1.0;0.0;6.988888888888888;0.07777777777777771;2.4;3.151666666666667;4.0;15.0;1.0;0.0;7.6000000000000005;0.08888888888888884;2.3777777777777778;4.1000000000000005;4.0;16.0;7.055555555555557;236.84444444444443;14.499999999999998;59.53333333333333;67.09999999999998;10.88;4.0;16.0;1.0;0.0;7.844444444444445;0.07777777777777771;2.3555555555555556;3.99;4.0;17.0;1.0;0.0;6.822222222222223;0.0666666666666666;2.3777777777777778;3.1783333333333332;4.0;17.0;1.0;0.0;7.611111111111111;0.07777777777777771;2.3555555555555547;3.5033333333333334;4.0;18.0;1.0;0.0;6.855555555555555;0.0666666666666666;2.4333333333333336;3.5350000000000006;4.0;18.0;0.0
1.0;0.0;6.933333333333334;0.07777777777777771;2.388888888888889;3.6200000000000006;4.0;14.0;1.0;0.0;7.566666666666666;0.08888888888888884;2.3777777777777778;4.605;4.0;15.0;1.0;0.0;6.988888888888888;0.07777777777777771;2.4;3.151666666666667;4.0;15.0;1.0;0.0;7.6000000000000005;0.08888888888888884;2.3777777777777778;4.1000000000000005;4.0;16.0;7.055555555555557;236.84444444444443;14.499999999999998;59.53333333333333;67.09999999999998;10.88;4.0;16.0;1.0;0.0;7.844444444444445;0.07777777777777771;2.3555555555555556;3.99;4.0;17.0;1.0;0.0;6.822222222222223;0.0666666666666666;2.3777777777777778;3.1783333333333332;4.0;17.0;1.0;0.0;7.611111111111111;0.07777777777777771;2.3555555555555547;3.5033333333333334;4.0;18.0;1.0;0.0;6.855555555555555;0.0666666666666666;2.4333333333333336;3.5350000000000006;4.0;18.0;1.0;0.0;7.699999999999999;0.07777777777777771;2.4333333333333336;3.985;4.0;19.0;0.0
1.0;0.0;7.566666666666666;0.08888888888888884;2.3777777777777778;4.605;4.0;15.0;1.0;0.0;6.988888888888888;0.07777777777777771;2.4;3.151666666666667;4.0;15.0;1.0;0.0;7.6000000000000005;0.08888888888888884;2.3777777777777778;4.1000000000000005;4.0;16.0;7.055555555555557;236.84444444444443;14.499999999999998;59.53333333333333;67.09999999999998;10.88;4.0;16.0;1.0;0.0;7.844444444444445;0.07777777777777771;2.3555555555555556;3.99;4.0;17.0;1.0;0.0;6.822222222222223;0.0666666666666666;2.3777777777777778;3.1783333333333332;4.0;17.0;1.0;0.0;7.611111111111111;0.07777777777777771;2.3555555555555547;3.5033333333333334;4.0;18.0;1.0;0.0;6.855555555555555;0.0666666666666666;2.4333333333333336;3.5350000000000006;4.0;18.0;1.0;0.0;7.699999999999999;0.07777777777777771;2.4333333333333336;3.985;4.0;19.0;1.0;0.0;6.911111111111111;0.0666666666666666;2.4;3.6766666666666663;4.0;19.0;0.0
1.0;0.0;6.988888888888888;0.07777777777777771;2.4;3.151666666666667;4.0;15.0;1.0;0.0;7.6000000000000005;0.08888888888888884;2.3777777777777778;4.1000000000000005;4.0;16.0;7.055555555555557;236.84444444444443;14.499999999999998;59.53333333333333;67.09999999999998;10.88;4.0;16.0;1.0;0.0;7.844444444444445;0.07777777777777771;2.3555555555555556;3.99;4.0;17.0;1.0;0.0;6.822222222222223;0.0666666666666666;2.3777777777777778;3.1783333333333332;4.0;17.0;1.0;0.0;7.611111111111111;0.07777777777777771;2.3555555555555547;3.5033333333333334;4.0;18.0;1.0;0.0;6.855555555555555;0.0666666666666666;2.4333333333333336;3.5350000000000006;4.0;18.0;1.0;0.0;7.699999999999999;0.07777777777777771;2.4333333333333336;3.985;4.0;19.0;1.0;0.0;6.911111111111111;0.0666666666666666;2.4;3.6766666666666663;4.0;19.0;1.0;0.0;7.711111111111111;0.07777777777777771;2.4444444444444446;3.598333333333333;4.0;20.0;0.0
1.0;0.0;7.6000000000000005;0.08888888888888884;2.3777777777777778;4.1000000000000005;4.0;16.0;7.055555555555557;236.84444444444443;14.499999999999998;59.53333333333333;67.09999999999998;10.88;4.0;16.0;1.0;0.0;7.844444444444445;0.07777777777777771;2.3555555555555556;3.99;4.0;17.0;1.0;0.0;6.822222222222223;0.0666666666666666;2.3777777777777778;3.1783333333333332;4.0;17.0;1.0;0.0;7.611111111111111;0.07777777777777771;2.3555555555555547;3.5033333333333334;4.0;18.0;1.0;0.0;6.855555555555555;0.0666666666666666;2.4333333333333336;3.5350000000000006;4.0;18.0;1.0;0.0;7.699999999999999;0.07777777777777771;2.4333333333333336;3.985;4.0;19.0;1.0;0.0;6.911111111111111;0.0666666666666666;2.4;3.6766666666666663;4.0;19.0;1.0;0.0;7.711111111111111;0.07777777777777771;2.4444444444444446;3.598333333333333;4.0;20.0;1.0;0.0;6.822222222222223;0.0666666666666666;2.422222222222222;4.3500000000000005;4.0;20.0;0.0
7.055555555555557;236.84444444444443;14.499999999999998;59.53333333333333;67.09999999999998;10.88;4.0;16.0;1.0;0.0;7.844444444444445;0.07777777777777771;2.3555555555555556;3.99;4.0;17.0;1.0;0.0;6.822222222222223;0.0666666666666666;2.3777777777777778;3.1783333333333332;4.0;17.0;1.0;0.0;7.611111111111111;0.07777777777777771;2.3555555555555547;3.5033333333333334;4.0;18.0;1.0;0.0;6.855555555555555;0.0666666666666666;2.4333333333333336;3.5350000000000006;4.0;18.0;1.0;0.0;7.699999999999999;0.07777777777777771;2.4333333333333336;3.985;4.0;19.0;1.0;0.0;6.911111111111111;0.0666666666666666;2.4;3.6766666666666663;4.0;19.0;1.0;0.0;7.711111111111111;0.07777777777777771;2.4444444444444446;3.598333333333333;4.0;20.0;1.0;0.0;6.822222222222223;0.0666666666666666;2.422222222222222;4.3500000000000005;4.0;20.0;1.0;0.0;7.766666666666667;0.07777777777777771;2.4;3.668333333333333;4.0;21.0;0.0
1.0;0.0;7.844444444444445;0.07777777777777771;2.3555555555555556;3.99;4.0;17.0;1.0;0.0;6.822222222222223;0.0666666666666666;2.3777777777777778;3.1783333333333332;4.0;17.0;1.0;0.0;7.611111111111111;0.07777777777777771;2.3555555555555547;3.5033333333333334;4.0;18.0;1.0;0.0;6.855555555555555;0.0666666666666666;2.4333333333333336;3.5350000000000006;4.0;18.0;1.0;0.0;7.699999999999999;0.07777777777777771;2.4333333333333336;3.985;4.0;19.0;1.0;0.0;6.911111111111111;0.0666666666666666;2.4;3.6766666666666663;4.0;19.0;1.0;0.0;7.711111111111111;0.07777777777777771;2.4444444444444446;3.598333333333333;4.0;20.0;1.0;0.0;6.822222222222223;0.0666666666666666;2.422222222222222;4.3500000000000005;4.0;20.0;1.0;0.0;7.766666666666667;0.07777777777777771;2.4;3.668333333333333;4.0;21.0;1.0;0.0;7.211111111111111;0.0666666666666666;2.411111111111111;2.4766666666666666;4.0;21.0;0.0
1.0;0.0;6.822222222222223;0.0666666666666666;2.3777777777777778;3.1783333333333332;4.0;17.0;1.0;0.0;7.611111111111111;0.07777777777777771;2.3555555555555547;3.5033333333333334;4.0;18.0;1.0;0.0;6.855555555555555;0.0666666666666666;2.4333333333333336;3.5350000000000006;4.0;18.0;1.0;0.0;7.699999999999999;0.07777777777777771;2.4333333333333336;3.985;4.0;19.0;1.0;0.0;6.911111111111111;0.0666666666666666;2.4;3.6766666666666663;4.0;19.0;1.0;0.0;7.711111111111111;0.07777777777777771;2.4444444444444446;3.598333333333333;4.0;20.0;1.0;0.0;6.822222222222223;0.0666666666666666;2.422222222222222;4.3500000000000005;4.0;20.0;1.0;0.0;7.766666666666667;0.07777777777777771;2.4;3.668333333333333;4.0;21.0;1.0;0.0;7.211111111111111;0.0666666666666666;2.411111111111111;2.4766666666666666;4.0;21.0;1.0;0.0;7.800000000000001;0.07777777777777771;2.4222222222222225;4.6000000000000005;4.0;22.0;0.0
1.0;0.0;7.611111111111111;0.07777777777777771;2.3555555555555547;3.5033333333333334;4.0;18.0;1.0;0.0;6.855555555555555;0.0666666666666666;2.4333333333333336;3.5350000000000006;4.0;18.0;1.0;0.0;7.699999999999999;0.07777777777777771;2.4333333333333336;3.985;4.0;19.0;1.0;0.0;6.911111111111111;0.0666666666666666;2.4;3.6766666666666663;4.0;19.0;1.0;0.0;7.711111111111111;0.07777777777777771;2.4444444444444446;3.598333333333333;4.0;20.0;1.0;0.0;6.822222222222223;0.0666666666666666;2.422222222222222;4.3500000000000005;4.0;20.0;1.0;0.0;7.766666666666667;0.07777777777777771;2.4;3.668333333333333;4.0;21.0;1.0;0.0;7.211111111111111;0.0666666666666666;2.411111111111111;2.4766666666666666;4.0;21.0;1.0;0.0;7.800000000000001;0.07777777777777771;2.4222222222222225;4.6000000000000005;4.0;22.0;1.0;0.0;7.566666666666667;0.0666666666666666;2.4333333333333336;3.7916666666666665;4.0;22.0;0.0
1.0;0.0;6.855555555555555;0.0666666666666666;2.4333333333333336;3.5350000000000006;4.0;18.0;1.0;0.0;7.699999999999999;0.07777777777777771;2.4333333333333336;3.985;4.0;19.0;1.0;0.0;6.911111111111111;0.0666666666666666;2.4;3.6766666666666663;4.0;19.0;1.0;0.0;7.711111111111111;0.07777777777777771;2.4444444444444446;3.598333333333333;4.0;20.0;1.0;0.0;6.822222222222223;0.0666666666666666;2.422222222222222;4.3500000000000005;4.0;20.0;1.0;0.0;7.766666666666667;0.07777777777777771;2.4;3.668333333333333;4.0;21.0;1.0;0.0;7.211111111111111;0.0666666666666666;2.411111111111111;2.4766666666666666;4.0;21.0;1.0;0.0;7.800000000000001;0.07777777777777771;2.4222222222222225;4.6000000000000005;4.0;22.0;1.0;0.0;7.566666666666667;0.0666666666666666;2.4333333333333336;3.7916666666666665;4.0;22.0;1.0;0.0;7.98888888888889;0.07777777777777771;2.4222222222222225;3.8683333333333327;4.0;23.0;0.0
1.0;0.0;7.699999999999999;0.07777777777777771;2.4333333333333336;3.985;4.0;19.0;1.0;0.0;6.911111111111111;0.0666666666666666;2.4;3.6766666666666663;4.0;19.0;1.0;0.0;7.711111111111111;0.07777777777777771;2.4444444444444446;3.598333333333333;4.0;20.0;1.0;0.0;6.822222222222223;0.0666666666666666;2.422222222222222;4.3500000000000005;4.0;20.0;1.0;0.0;7.766666666666667;0.07777777777777771;2.4;3.668333333333333;4.0;21.0;1.0;0.0;7.211111111111111;0.0666666666666666;2.411111111111111;2.4766666666666666;4.0;21.0;1.0;0.0;7.800000000000001;0.07777777777777771;2.4222222222222225;4.6000000000000005;4.0;22.0;1.0;0.0;7.566666666666667;0.0666666666666666;2.4333333333333336;3.7916666666666665;4.0;22.0;1.0;0.0;7.98888888888889;0.07777777777777771;2.4222222222222225;3.8683333333333327;4.0;23.0;1.0;0.0;7.166666666666667;0.07777777777777771;2.422222222222222;4.575;4.0;23.0;0.0
1.0;0.0;6.911111111111111;0.0666666666666666;2.4;3.6766666666666663;4.0;19.0;1.0;0.0;7.711111111111111;0.07777777777777771;2.4444444444444446;3.598333333333333;4.0;20.0;1.0;0.0;6.822222222222223;0.0666666666666666;2.422222222222222;4.3500000000000005;4.0;20.0;1.0;0.0;7.766666666666667;0.07777777777777771;2.4;3.668333333333333;4.0;21.0;1.0;0.0;7.211111111111111;0.0666666666666666;2.411111111111111;2.4766666666666666;4.0;21.0;1.0;0.0;7.800000000000001;0.07777777777777771;2.4222222222222225;4.6000000000000005;4.0;22.0;1.0;0.0;7.566666666666667;0.0666666666666666;2.4333333333333336;3.7916666666666665;4.0;22.0;1.0;0.0;7.98888888888889;0.07777777777777771;2.4222222222222225;3.8683333333333327;4.0;23.0;1.0;0.0;7.166666666666667;0.07777777777777771;2.422222222222222;4.575;4.0;23.0;1.0;0.0;7.855555555555557;0.07777777777777771;2.388888888888889;4.588333333333334;5.0;0.0;0.0
1.0;0.0;7.711111111111111;0.07777777777777771;2.4444444444444446;3.598333333333333;4.0;20.0;1.0;0.0;6.822222222222223;0.0666666666666666;2.422222222222222;4.3500000000000005;4.0;20.0;1.0;0.0;7.766666666666667;0.07777777777777771;2.4;3.668333333333333;4.0;21.0;1.0;0.0;7.211111111111111;0.0666666666666666;2.411111111111111;2.4766666666666666;4.0;21.0;1.0;0.0;7.800000000000001;0.07777777777777771;2.4222222222222225;4.6000000000000005;4.0;22.0;1.0;0.0;7.566666666666667;0.0666666666666666;2.4333333333333336;3.7916666666666665;4.0;22.0;1.0;0.0;7.98888888888889;0.07777777777777771;2.4222222222222225;3.8683333333333327;4.0;23.0;1.0;0.0;7.166666666666667;0.07777777777777771;2.422222222222222;4.575;4.0;23.0;1.0;0.0;7.855555555555557;0.07777777777777771;2.388888888888889;4.588333333333334;5.0;0.0;1.0333333333333332;0.0;6.989682539682541;0.0666666666666666;2.4;4.035;5.0;0.0;0.0
1.0;0.0;6.822222222222223;0.0666666666666666;2.422222222222222;4.3500000000000005;4.0;20.0;1.0;0.0;7.766666666666667;0.07777777777777771;2.4;3.668333333333333;4.0;21.0;1.0;0.0;7.211111111111111;0.0666666666666666;2.411111111111111;2.4766666666666666;4.0;21.0;1.0;0.0;7.800000000000001;0.07777777777777771;2.4222222222222225;4.6000000000000005;4.0;22.0;1.0;0.0;7.566666666666667;0.0666666666666666;2.4333333333333336;3.7916666666666665;4.0;22.0;1.0;0.0;7.98888888888889;0.07777777777777771;2.4222222222222225;3.8683333333333327;4.0;23.0;1.0;0.0;7.166666666666667;0.07777777777777771;2.422222222222222;4.575;4.0;23.0;1.0;0.0;7.855555555555557;0.07777777777777771;2.388888888888889;4.588333333333334;5.0;0.0;1.0333333333333332;0.0;6.989682539682541;0.0666666666666666;2.4;4.035;5.0;0.0;1.0;0.0;7.711111111111111;0.07777777777777771;2.288888888888889;4.203333333333333;5.0;1.0;0.0
1.0;0.0;7.766666666666667;0.07777777777777771;2.4;3.668333333333333;4.0;21.0;1.0;0.0;7.211111111111111;0.0666666666666666;2.411111111111111;2.4766666666666666;4.0;21.0;1.0;0.0;7.800000000000001;0.07777777777777771;2.4222222222222225;4.6000000000000005;4.0;22.0;1.0;0.0;7.566666666666667;0.0666666666666666;2.4333333333333336;3.7916666666666665;4.0;22.0;1.0;0.0;7.98888888888889;0.07777777777777771;2.4222222222222225;3.8683333333333327;4.0;23.0;1.0;0.0;7.166666666666667;0.07777777777777771;2.422222222222222;4.575;4.0;23.0;1.0;0.0;7.855555555555557;0.07777777777777771;2.388888888888889;4.588333333333334;5.0;0.0;1.0333333333333332;0.0;6.989682539682541;0.0666666666666666;2.4;4.035;5.0;0.0;1.0;0.0;7.711111111111111;0.07777777777777771;2.288888888888889;4.203333333333333;5.0;1.0;1.0;0.0;7.177777777777778;0.0666666666666666;2.388888888888889;3.986666666666667;5.0;1.0;0.0
1.0;0.0;7.211111111111111;0.0666666666666666;2.411111111111111;2.4766666666666666;4.0;21.0;1.0;0.0;7.800000000000001;0.07777777777777771;2.4222222222222225;4.6000000000000005;4.0;22.0;1.0;0.0;7.566666666666667;0.0666666666666666;2.4333333333333336;3.7916666666666665;4.0;22.0;1.0;0.0;7.98888888888889;0.07777777777777771;2.4222222222222225;3.8683333333333327;4.0;23.0;1.0;0.0;7.166666666666667;0.07777777777777771;2.422222222222222;4.575;4.0;23.0;1.0;0.0;7.855555555555557;0.07777777777777771;2.388888888888889;4.588333333333334;5.0;0.0;1.0333333333333332;0.0;6.989682539682541;0.0666666666666666;2.4;4.035;5.0;0.0;1.0;0.0;7.711111111111111;0.07777777777777771;2.288888888888889;4.203333333333333;5.0;1.0;1.0;0.0;7.177777777777778;0.0666666666666666;2.388888888888889;3.986666666666667;5.0;1.0;1.0;0.0;7.833333333333333;0.07777777777777771;2.3555555555555556;3.7083333333333335;5.0;2.0;0.0
1.0;0.0;7.800000000000001;0.07777777777777771;2.4222222222222225;4.6000000000000005;4.0;22.0;1.0;0.0;7.566666666666667;0.0666666666666666;2.4333333333333336;3.7916666666666665;4.0;22.0;1.0;0.0;7.98888888888889;0.07777777777777771;2.4222222222222225;3.8683333333333327;4.0;23.0;1.0;0.0;7.166666666666667;0.07777777777777771;2.422222222222222;4.575;4.0;23.0;1.0;0.0;7.855555555555557;0.07777777777777771;2.388888888888889;4.588333333333334;5.0;0.0;1.0333333333333332;0.0;6.989682539682541;0.0666666666666666;2.4;4.035;5.0;0.0;1.0;0.0;7.711111111111111;0.07777777777777771;2.288888888888889;4.203333333333333;5.0;1.0;1.0;0.0;7.177777777777778;0.0666666666666666;2.388888888888889;3.986666666666667;5.0;1.0;1.0;0.0;7.833333333333333;0.07777777777777771;2.3555555555555556;3.7083333333333335;5.0;2.0;1.2333333333333334;0.0;28.311111111111117;4.422222222222222;2.244444444444444;4.533333333333332;5.0;2.0;0.0
1.0;0.0;7.566666666666667;0.0666666666666666;2.4333333333333336;3.7916666666666665;4.0;22.0;1.0;0.0;7.98888888888889;0.07777777777777771;2.4222222222222225;3.8683333333333327;4.0;23.0;1.0;0.0;7.166666666666667;0.07777777777777771;2.422222222222222;4.575;4.0;23.0;1.0;0.0;7.855555555555557;0.07777777777777771;2.388888888888889;4.588333333333334;5.0;0.0;1.0333333333333332;0.0;6.989682539682541;0.0666666666666666;2.4;4.035;5.0;0.0;1.0;0.0;7.711111111111111;0.07777777777777771;2.288888888888889;4.203333333333333;5.0;1.0;1.0;0.0;7.177777777777778;0.0666666666666666;2.388888888888889;3.986666666666667;5.0;1.0;1.0;0.0;7.833333333333333;0.07777777777777771;2.3555555555555556;3.7083333333333335;5.0;2.0;1.2333333333333334;0.0;28.311111111111117;4.422222222222222;2.244444444444444;4.533333333333332;5.0;2.0;1.0;0.0;7.722222222222224;0.07777777777777771;2.1222222222222222;2.985;5.0;3.0;0.0
1.0;0.0;7.98888888888889;0.07777777777777771;2.4222222222222225;3.8683333333333327;4.0;23.0;1.0;0.0;7.166666666666667;0.07777777777777771;2.422222222222222;4.575;4.0;23.0;1.0;0.0;7.855555555555557;0.07777777777777771;2.388888888888889;4.588333333333334;5.0;0.0;1.0333333333333332;0.0;6.989682539682541;0.0666666666666666;2.4;4.035;5.0;0.0;1.0;0.0;7.711111111111111;0.07777777777777771;2.288888888888889;4.203333333333333;5.0;1.0;1.0;0.0;7.177777777777778;0.0666666666666666;2.388888888888889;3.986666666666667;5.0;1.0;1.0;0.0;7.833333333333333;0.07777777777777771;2.3555555555555556;3.7083333333333335;5.0;2.0;1.2333333333333334;0.0;28.311111111111117;4.422222222222222;2.244444444444444;4.533333333333332;5.0;2.0;1.0;0.0;7.722222222222224;0.07777777777777771;2.1222222222222222;2.985;5.0;3.0;1.0;0.0;7.0666666666666655;0.0666666666666666;2.0666666666666664;2.955;5.0;3.0;0.0
1.0;0.0;7.166666666666667;0.07777777777777771;2.422222222222222;4.575;4.0;23.0;1.0;0.0;7.855555555555557;0.07777777777777771;2.388888888888889;4.588333333333334;5.0;0.0;1.0333333333333332;0.0;6.989682539682541;0.0666666666666666;2.4;4.035;5.0;0.0;1.0;0.0;7.711111111111111;0.07777777777777771;2.288888888888889;4.203333333333333;5.0;1.0;1.0;0.0;7.177777777777778;0.0666666666666666;2.388888888888889;3.986666666666667;5.0;1.0;1.0;0.0;7.833333333333333;0.07777777777777771;2.3555555555555556;3.7083333333333335;5.0;2.0;1.2333333333333334;0.0;28.311111111111117;4.422222222222222;2.244444444444444;4.533333333333332;5.0;2.0;1.0;0.0;7.722222222222224;0.07777777777777771;2.1222222222222222;2.985;5.0;3.0;1.0;0.0;7.0666666666666655;0.0666666666666666;2.0666666666666664;2.955;5.0;3.0;1.0;0.0;7.6000000000000005;0.07777777777777771;2.077777777777778;2.7099999999999995;5.0;4.0;0.0
1.0;0.0;7.855555555555557;0.07777777777777771;2.388888888888889;4.588333333333334;5.0;0.0;1.0333333333333332;0.0;6.989682539682541;0.0666666666666666;2.4;4.035;5.0;0.0;1.0;0.0;7.711111111111111;0.07777777777777771;2.288888888888889;4.203333333333333;5.0;1.0;1.0;0.0;7.177777777777778;0.0666666666666666;2.388888888888889;3.986666666666667;5.0;1.0;1.0;0.0;7.833333333333333;0.07777777777777771;2.3555555555555556;3.7083333333333335;5.0;2.0;1.2333333333333334;0.0;28.311111111111117;4.422222222222222;2.244444444444444;4.533333333333332;5.0;2.0;1.0;0.0;7.722222222222224;0.07777777777777771;2.1222222222222222;2.985;5.0;3.0;1.0;0.0;7.0666666666666655;0.0666666666666666;2.0666666666666664;2.955;5.0;3.0;1.0;0.0;7.6000000000000005;0.07777777777777771;2.077777777777778;2.7099999999999995;5.0;4.0;1.0;0.0;6.932539682539683;0.0674603174603174;2.0460317460317463;2.523333333333333;5.0;4.0;0.0
1.0333333333333332;0.0;6.989682539682541;0.0666666666666666;2.4;4.035;5.0;0.0;1.0;0.0;7.711111111111111;0.07777777777777771;2.288888888888889;4.203333333333333;5.0;1.0;1.0;0.0;7.177777777777778;0.0666666666666666;2.388888888888889;3.986666666666667;5.0;1.0;1.0;0.0;7.833333333333333;0.07777777777777771;2.3555555555555556;3.7083333333333335;5.0;2.0;1.2333333333333334;0.0;28.311111111111117;4.422222222222222;2.244444444444444;4.533333333333332;5.0;2.0;1.0;0.0;7.722222222222224;0.07777777777777771;2.1222222222222222;2.985;5.0;3.0;1.0;0.0;7.0666666666666655;0.0666666666666666;2.0666666666666664;2.955;5.0;3.0;1.0;0.0;7.6000000000000005;0.07777777777777771;2.077777777777778;2.7099999999999995;5.0;4.0;1.0;0.0;6.932539682539683;0.0674603174603174;2.0460317460317463;2.523333333333333;5.0;4.0;1.0;0.0;8.488888888888889;0.08888888888888884;2.088888888888889;2.51;5.0;5.0;0.0
1.0;0.0;7.711111111111111;0.07777777777777771;2.288888888888889;4.203333333333333;5.0;1.0;1.0;0.0;7.177777777777778;0.0666666666666666;2.388888888888889;3.986666666666667;5.0;1.0;1.0;0.0;7.833333333333333;0.07777777777777771;2.3555555555555556;3.7083333333333335;5.0;2.0;1.2333333333333334;0.0;28.311111111111117;4.422222222222222;2.244444444444444;4.533333333333332;5.0;2.0;1.0;0.0;7.722222222222224;0.07777777777777771;2.1222222222222222;2.985;5.0;3.0;1.0;0.0;7.0666666666666655;0.0666666666666666;2.0666666666666664;2.955;5.0;3.0;1.0;0.0;7.6000000000000005;0.07777777777777771;2.077777777777778;2.7099999999999995;5.0;4.0;1.0;0.0;6.932539682539683;0.0674603174603174;2.0460317460317463;2.523333333333333;5.0;4.0;1.0;0.0;8.488888888888889;0.08888888888888884;2.088888888888889;2.51;5.0;5.0;1.0;0.0;7.1;0.0666666666666666;2.1;3.6475;5.0;5.0;0.0
1.0;0.0;7.177777777777778;0.0666666666666666;2.388888888888889;3.986666666666667;5.0;1.0;1.0;0.0;7.833333333333333;0.07777777777777771;2.3555555555555556;3.7083333333333335;5.0;2.0;1.2333333333333334;0.0;28.311111111111117;4.422222222222222;2.244444444444444;4.533333333333332;5.0;2.0;1.0;0.0;7.722222222222224;0.07777777777777771;2.1222222222222222;2.985;5.0;3.0;1.0;0.0;7.0666666666666655;0.0666666666666666;2.0666666666666664;2.955;5.0;3.0;1.0;0.0;7.6000000000000005;0.07777777777777771;2.077777777777778;2.7099999999999995;5.0;4.0;1.0;0.0;6.932539682539683;0.0674603174603174;2.0460317460317463;2.523333333333333;5.0;4.0;1.0;0.0;8.488888888888889;0.08888888888888884;2.088888888888889;2.51;5.0;5.0;1.0;0.0;7.1;0.0666666666666666;2.1;3.6475;5.0;5.0;1.0;0.0;7.844444444444445;0.07777777777777771;2.111111111111111;3.015;5.0;6.0;0.0
1.0;0.0;7.833333333333333;0.07777777777777771;2.3555555555555556;3.7083333333333335;5.0;2.0;1.2333333333333334;0.0;28.311111111111117;4.422222222222222;2.244444444444444;4.533333333333332;5.0;2.0;1.0;0.0;7.722222222222224;0.07777777777777771;2.1222222222222222;2.985;5.0;3.0;1.0;0.0;7.0666666666666655;0.0666666666666666;2.0666666666666664;2.955;5.0;3.0;1.0;0.0;7.6000000000000005;0.07777777777777771;2.077777777777778;2.7099999999999995;5.0;4.0;1.0;0.0;6.932539682539683;0.0674603174603174;2.0460317460317463;2.523333333333333;5.0;4.0;1.0;0.0;8.488888888888889;0.08888888888888884;2.088888888888889;2.51;5.0;5.0;1.0;0.0;7.1;0.0666666666666666;2.1;3.6475;5.0;5.0;1.0;0.0;7.844444444444445;0.07777777777777771;2.111111111111111;3.015;5.0;6.0;1.0;0.0;7.277777777777779;0.0666666666666666;2.088888888888889;3.1366666666666667;5.0;6.0;0.0
1.2333333333333334;0.0;28.311111111111117;4.422222222222222;2.244444444444444;4.533333333333332;5.0;2.0;1.0;0.0;7.722222222222224;0.07777777777777771;2.1222222222222222;2.985;5.0;3.0;1.0;0.0;7.0666666666666655;0.0666666666666666;2.0666666666666664;2.955;5.0;3.0;1.0;0.0;7.6000000000000005;0.07777777777777771;2.077777777777778;2.7099999999999995;5.0;4.0;1.0;0.0;6.932539682539683;0.0674603174603174;2.0460317460317463;2.523333333333333;5.0;4.0;1.0;0.0;8.488888888888889;0.08888888888888884;2.088888888888889;2.51;5.0;5.0;1.0;0.0;7.1;0.0666666666666666;2.1;3.6475;5.0;5.0;1.0;0.0;7.844444444444445;0.07777777777777771;2.111111111111111;3.015;5.0;6.0;1.0;0.0;7.277777777777779;0.0666666666666666;2.088888888888889;3.1366666666666667;5.0;6.0;1.0;0.0;7.48888888888889;0.07777777777777771;2.0777777777777775;3.5683333333333334;5.0;7.0;0.0
1.0;0.0;7.722222222222224;0.07777777777777771;2.1222222222222222;2.985;5.0;3.0;1.0;0.0;7.0666666666666655;0.0666666666666666;2.0666666666666664;2.955;5.0;3.0;1.0;0.0;7.6000000000000005;0.07777777777777771;2.077777777777778;2.7099999999999995;5.0;4.0;1.0;0.0;6.932539682539683;0.0674603174603174;2.0460317460317463;2.523333333333333;5.0;4.0;1.0;0.0;8.488888888888889;0.08888888888888884;2.088888888888889;2.51;5.0;5.0;1.0;0.0;7.1;0.0666666666666666;2.1;3.6475;5.0;5.0;1.0;0.0;7.844444444444445;0.07777777777777771;2.111111111111111;3.015;5.0;6.0;1.0;0.0;7.277777777777779;0.0666666666666666;2.088888888888889;3.1366666666666667;5.0;6.0;1.0;0.0;7.48888888888889;0.07777777777777771;2.0777777777777775;3.5683333333333334;5.0;7.0;1.0;0.0;6.788888888888889;0.0666666666666666;2.0666666666666664;3.028333333333333;5.0;7.0;0.0
1.0;0.0;7.0666666666666655;0.0666666666666666;2.0666666666666664;2.955;5.0;3.0;1.0;0.0;7.6000000000000005;0.07777777777777771;2.077777777777778;2.7099999999999995;5.0;4.0;1.0;0.0;6.932539682539683;0.0674603174603174;2.0460317460317463;2.523333333333333;5.0;4.0;1.0;0.0;8.488888888888889;0.08888888888888884;2.088888888888889;2.51;5.0;5.0;1.0;0.0;7.1;0.0666666666666666;2.1;3.6475;5.0;5.0;1.0;0.0;7.844444444444445;0.07777777777777771;2.111111111111111;3.015;5.0;6.0;1.0;0.0;7.277777777777779;0.0666666666666666;2.088888888888889;3.1366666666666667;5.0;6.0;1.0;0.0;7.48888888888889;0.07777777777777771;2.0777777777777775;3.5683333333333334;5.0;7.0;1.0;0.0;6.788888888888889;0.0666666666666666;2.0666666666666664;3.028333333333333;5.0;7.0;1.0;0.0;7.822222222222222;0.07777777777777771;2.0777777777777775;3.856666666666667;5.0;8.0;0.0
1.0;0.0;7.6000000000000005;0.07777777777777771;2.077777777777778;2.7099999999999995;5.0;4.0;1.0;0.0;6.932539682539683;0.0674603174603174;2.0460317460317463;2.523333333333333;5.0;4.0;1.0;0.0;8.488888888888889;0.08888888888888884;2.088888888888889;2.51;5.0;5.0;1.0;0.0;7.1;0.0666666666666666;2.1;3.6475;5.0;5.0;1.0;0.0;7.844444444444445;0.07777777777777771;2.111111111111111;3.015;5.0;6.0;1.0;0.0;7.277777777777779;0.0666666666666666;2.088888888888889;3.1366666666666667;5.0;6.0;1.0;0.0;7.48888888888889;0.07777777777777771;2.0777777777777775;3.5683333333333334;5.0;7.0;1.0;0.0;6.788888888888889;0.0666666666666666;2.0666666666666664;3.028333333333333;5.0;7.0;1.0;0.0;7.822222222222222;0.07777777777777771;2.0777777777777775;3.856666666666667;5.0;8.0;1.0;0.0;6.588888888888889;0.0666666666666666;2.0888888888888886;2.783333333333333;5.0;8.0;0.0
1.0;0.0;6.932539682539683;0.0674603174603174;2.0460317460317463;2.523333333333333;5.0;4.0;1.0;0.0;8.488888888888889;0.08888888888888884;2.088888888888889;2.51;5.0;5.0;1.0;0.0;7.1;0.0666666666666666;2.1;3.6475;5.0;5.0;1.0;0.0;7.844444444444445;0.07777777777777771;2.111111111111111;3.015;5.0;6.0;1.0;0.0;7.277777777777779;0.0666666666666666;2.088888888888889;3.1366666666666667;5.0;6.0;1.0;0.0;7.48888888888889;0.07777777777777771;2.0777777777777775;3.5683333333333334;5.0;7.0;1.0;0.0;6.788888888888889;0.0666666666666666;2.0666666666666664;3.028333333333333;5.0;7.0;1.0;0.0;7.822222222222222;0.07777777777777771;2.0777777777777775;3.856666666666667;5.0;8.0;1.0;0.0;6.588888888888889;0.0666666666666666;2.0888888888888886;2.783333333333333;5.0;8.0;1.0;0.0;7.722222222222221;0.07777777777777771;2.0888888888888886;3.563333333333333;5.0;9.0;0.0
1.0;0.0;8.488888888888889;0.08888888888888884;2.088888888888889;2.51;5.0;5.0;1.0;0.0;7.1;0.0666666666666666;2.1;3.6475;5.0;5.0;1.0;0.0;7.844444444444445;0.07777777777777771;2.111111111111111;3.015;5.0;6.0;1.0;0.0;7.277777777777779;0.0666666666666666;2.088888888888889;3.1366666666666667;5.0;6.0;1.0;0.0;7.48888888888889;0.07777777777777771;2.0777777777777775;3.5683333333333334;5.0;7.0;1.0;0.0;6.788888888888889;0.0666666666666666;2.0666666666666664;3.028333333333333;5.0;7.0;1.0;0.0;7.822222222222222;0.07777777777777771;2.0777777777777775;3.856666666666667;5.0;8.0;1.0;0.0;6.588888888888889;0.0666666666666666;2.0888888888888886;2.783333333333333;5.0;8.0;1.0;0.0;7.722222222222221;0.07777777777777771;2.0888888888888886;3.563333333333333;5.0;9.0;1.0;0.0;6.955555555555556;0.07777777777777771;2.0777777777777775;3.8833333333333333;5.0;9.0;0.0
1.0;0.0;7.1;0.0666666666666666;2.1;3.6475;5.0;5.0;1.0;0.0;7.844444444444445;0.07777777777777771;2.111111111111111;3.015;5.0;6.0;1.0;0.0;7.277777777777779;0.0666666666666666;2.088888888888889;3.1366666666666667;5.0;6.0;1.0;0.0;7.48888888888889;0.07777777777777771;2.0777777777777775;3.5683333333333334;5.0;7.0;1.0;0.0;6.788888888888889;0.0666666666666666;2.0666666666666664;3.028333333333333;5.0;7.0;1.0;0.0;7.822222222222222;0.07777777777777771;2.0777777777777775;3.856666666666667;5.0;8.0;1.0;0.0;6.588888888888889;0.0666666666666666;2.0888888888888886;2.783333333333333;5.0;8.0;1.0;0.0;7.722222222222221;0.07777777777777771;2.0888888888888886;3.563333333333333;5.0;9.0;1.0;0.0;6.955555555555556;0.07777777777777771;2.0777777777777775;3.8833333333333333;5.0;9.0;1.0;0.0;7.711111111111112;0.07777777777777771;2.0666666666666664;4.1466666666666665;5.0;10.0;0.0
1.0;0.0;7.844444444444445;0.07777777777777771;2.111111111111111;3.015;5.0;6.0;1.0;0.0;7.277777777777779;0.0666666666666666;2.088888888888889;3.1366666666666667;5.0;6.0;1.0;0.0;7.48888888888889;0.07777777777777771;2.0777777777777775;3.5683333333333334;5.0;7.0;1.0;0.0;6.788888888888889;0.0666666666666666;2.0666666666666664;3.028333333333333;5.0;7.0;1.0;0.0;7.822222222222222;0.07777777777777771;2.0777777777777775;3.856666666666667;5.0;8.0;1.0;0.0;6.588888888888889;0.0666666666666666;2.0888888888888886;2.783333333333333;5.0;8.0;1.0;0.0;7.722222222222221;0.07777777777777771;2.0888888888888886;3.563333333333333;5.0;9.0;1.0;0.0;6.955555555555556;0.07777777777777771;2.0777777777777775;3.8833333333333333;5.0;9.0;1.0;0.0;7.711111111111112;0.07777777777777771;2.0666666666666664;4.1466666666666665;5.0;10.0;1.0;0.0;7.0;0.0666666666666666;2.077777777777778;2.785;5.0;10.0;0.0
1.0;0.0;7.277777777777779;0.0666666666666666;2.088888888888889;3.1366666666666667;5.0;6.0;1.0;0.0;7.48888888888889;0.07777777777777771;2.0777777777777775;3.5683333333333334;5.0;7.0;1.0;0.0;6.788888888888889;0.0666666666666666;2.0666666666666664;3.028333333333333;5.0;7.0;1.0;0.0;7.822222222222222;0.07777777777777771;2.0777777777777775;3.856666666666667;5.0;8.0;1.0;0.0;6.588888888888889;0.0666666666666666;2.0888888888888886;2.783333333333333;5.0;8.0;1.0;0.0;7.722222222222221;0.07777777777777771;2.0888888888888886;3.563333333333333;5.0;9.0;1.0;0.0;6.955555555555556;0.07777777777777771;2.0777777777777775;3.8833333333333333;5.0;9.0;1.0;0.0;7.711111111111112;0.07777777777777771;2.0666666666666664;4.1466666666666665;5.0;10.0;1.0;0.0;7.0;0.0666666666666666;2.077777777777778;2.785;5.0;10.0;1.0;0.0;7.866666666666667;0.07777777777777771;2.111111111111111;3.686666666666667;5.0;11.0;0.0
1.0;0.0;7.48888888888889;0.07777777777777771;2.0777777777777775;3.5683333333333334;5.0;7.0;1.0;0.0;6.788888888888889;0.0666666666666666;2.0666666666666664;3.028333333333333;5.0;7.0;1.0;0.0;7.822222222222222;0.07777777777777771;2.0777777777777775;3.856666666666667;5.0;8.0;1.0;0.0;6.588888888888889;0.0666666666666666;2.0888888888888886;2.783333333333333;5.0;8.0;1.0;0.0;7.722222222222221;0.07777777777777771;2.0888888888888886;3.563333333333333;5.0;9.0;1.0;0.0;6.955555555555556;0.07777777777777771;2.0777777777777775;3.8833333333333333;5.0;9.0;1.0;0.0;7.711111111111112;0.07777777777777771;2.0666666666666664;4.1466666666666665;5.0;10.0;1.0;0.0;7.0;0.0666666666666666;2.077777777777778;2.785;5.0;10.0;1.0;0.0;7.866666666666667;0.07777777777777771;2.111111111111111;3.686666666666667;5.0;11.0;1.0;0.0;6.98888888888889;0.0666666666666666;2.033333333333333;2.6616666666666666;5.0;11.0;0.0
1.0;0.0;6.788888888888889;0.0666666666666666;2.0666666666666664;3.028333333333333;5.0;7.0;1.0;0.0;7.822222222222222;0.07777777777777771;2.0777777777777775;3.856666666666667;5.0;8.0;1.0;0.0;6.588888888888889;0.0666666666666666;2.0888888888888886;2.783333333333333;5.0;8.0;1.0;0.0;7.722222222222221;0.07777777777777771;2.0888888888888886;3.563333333333333;5.0;9.0;1.0;0.0;6.955555555555556;0.07777777777777771;2.0777777777777775;3.8833333333333333;5.0;9.0;1.0;0.0;7.711111111111112;0.07777777777777771;2.0666666666666664;4.1466666666666665;5.0;10.0;1.0;0.0;7.0;0.0666666666666666;2.077777777777778;2.785;5.0;10.0;1.0;0.0;7.866666666666667;0.07777777777777771;2.111111111111111;3.686666666666667;5.0;11.0;1.0;0.0;6.98888888888889;0.0666666666666666;2.033333333333333;2.6616666666666666;5.0;11.0;1.0;0.0;7.855555555555555;0.07777777777777771;2.0666666666666664;3.611666666666667;5.0;12.0;0.0
1.0;0.0;7.822222222222222;0.07777777777777771;2.0777777777777775;3.856666666666667;5.0;8.0;1.0;0.0;6.588888888888889;0.0666666666666666;2.0888888888888886;2.783333333333333;5.0;8.0;1.0;0.0;7.722222222222221;0.07777777777777771;2.0888888888888886;3.563333333333333;5.0;9.0;1.0;0.0;6.955555555555556;0.07777777777777771;2.0777777777777775;3.8833333333333333;5.0;9.0;1.0;0.0;7.711111111111112;0.07777777777777771;2.0666666666666664;4.1466666666666665;5.0;10.0;1.0;0.0;7.0;0.0666666666666666;2.077777777777778;2.785;5.0;10.0;1.0;0.0;7.866666666666667;0.07777777777777771;2.111111111111111;3.686666666666667;5.0;11.0;1.0;0.0;6.98888888888889;0.0666666666666666;2.033333333333333;2.6616666666666666;5.0;11.0;1.0;0.0;7.855555555555555;0.07777777777777771;2.0666666666666664;3.611666666666667;5.0;12.0;1.0;0.0;7.0;0.0666666666666666;2.0555555555555554;4.405;5.0;12.0;0.0
1.0;0.0;6.588888888888889;0.0666666666666666;2.0888888888888886;2.783333333333333;5.0;8.0;1.0;0.0;7.722222222222221;0.07777777777777771;2.0888888888888886;3.563333333333333;5.0;9.0;1.0;0.0;6.955555555555556;0.07777777777777771;2.0777777777777775;3.8833333333333333;5.0;9.0;1.0;0.0;7.711111111111112;0.07777777777777771;2.0666666666666664;4.1466666666666665;5.0;10.0;1.0;0.0;7.0;0.0666666666666666;2.077777777777778;2.785;5.0;10.0;1.0;0.0;7.866666666666667;0.07777777777777771;2.111111111111111;3.686666666666667;5.0;11.0;1.0;0.0;6.98888888888889;0.0666666666666666;2.033333333333333;2.6616666666666666;5.0;11.0;1.0;0.0;7.855555555555555;0.07777777777777771;2.0666666666666664;3.611666666666667;5.0;12.0;1.0;0.0;7.0;0.0666666666666666;2.0555555555555554;4.405;5.0;12.0;1.0;0.0;7.4444444444444455;0.07777777777777771;2.1222222222222222;3.1666666666666665;5.0;13.0;0.0
1.0;0.0;7.722222222222221;0.07777777777777771;2.0888888888888886;3.563333333333333;5.0;9.0;1.0;0.0;6.955555555555556;0.07777777777777771;2.0777777777777775;3.8833333333333333;5.0;9.0;1.0;0.0;7.711111111111112;0.07777777777777771;2.0666666666666664;4.1466666666666665;5.0;10.0;1.0;0.0;7.0;0.0666666666666666;2.077777777777778;2.785;5.0;10.0;1.0;0.0;7.866666666666667;0.07777777777777771;2.111111111111111;3.686666666666667;5.0;11.0;1.0;0.0;6.98888888888889;0.0666666666666666;2.033333333333333;2.6616666666666666;5.0;11.0;1.0;0.0;7.855555555555555;0.07777777777777771;2.0666666666666664;3.611666666666667;5.0;12.0;1.0;0.0;7.0;0.0666666666666666;2.0555555555555554;4.405;5.0;12.0;1.0;0.0;7.4444444444444455;0.07777777777777771;2.1222222222222222;3.1666666666666665;5.0;13.0;1.0;0.0;7.122222222222223;0.0666666666666666;2.0888888888888886;3.478333333333333;5.0;13.0;0.0
1.0;0.0;6.955555555555556;0.07777777777777771;2.0777777777777775;3.8833333333333333;5.0;9.0;1.0;0.0;7.711111111111112;0.07777777777777771;2.0666666666666664;4.1466666666666665;5.0;10.0;1.0;0.0;7.0;0.0666666666666666;2.077777777777778;2.785;5.0;10.0;1.0;0.0;7.866666666666667;0.07777777777777771;2.111111111111111;3.686666666666667;5.0;11.0;1.0;0.0;6.98888888888889;0.0666666666666666;2.033333333333333;2.6616666666666666;5.0;11.0;1.0;0.0;7.855555555555555;0.07777777777777771;2.0666666666666664;3.611666666666667;5.0;12.0;1.0;0.0;7.0;0.0666666666666666;2.0555555555555554;4.405;5.0;12.0;1.0;0.0;7.4444444444444455;0.07777777777777771;2.1222222222222222;3.1666666666666665;5.0;13.0;1.0;0.0;7.122222222222223;0.0666666666666666;2.0888888888888886;3.478333333333333;5.0;13.0;1.0;0.0;7.844444444444445;0.07777777777777771;2.1444444444444444;2.6966666666666668;5.0;14.0;0.0
1.0;0.0;7.711111111111112;0.07777777777777771;2.0666666666666664;4.1466666666666665;5.0;10.0;1.0;0.0;7.0;0.0666666666666666;2.077777777777778;2.785;5.0;10.0;1.0;0.0;7.866666666666667;0.07777777777777771;2.111111111111111;3.686666666666667;5.0;11.0;1.0;0.0;6.98888888888889;0.0666666666666666;2.033333333333333;2.6616666666666666;5.0;11.0;1.0;0.0;7.855555555555555;0.07777777777777771;2.0666666666666664;3.611666666666667;5.0;12.0;1.0;0.0;7.0;0.0666666666666666;2.0555555555555554;4.405;5.0;12.0;1.0;0.0;7.4444444444444455;0.07777777777777771;2.1222222222222222;3.1666666666666665;5.0;13.0;1.0;0.0;7.122222222222223;0.0666666666666666;2.0888888888888886;3.478333333333333;5.0;13.0;1.0;0.0;7.844444444444445;0.07777777777777771;2.1444444444444444;2.6966666666666668;5.0;14.0;1.0;0.0;6.966666666666668;0.0666666666666666;2.088888888888889;3.4450000000000003;5.0;14.0;0.0
1.0;0.0;7.0;0.0666666666666666;2.077777777777778;2.785;5.0;10.0;1.0;0.0;7.866666666666667;0.07777777777777771;2.111111111111111;3.686666666666667;5.0;11.0;1.0;0.0;6.98888888888889;0.0666666666666666;2.033333333333333;2.6616666666666666;5.0;11.0;1.0;0.0;7.855555555555555;0.07777777777777771;2.0666666666666664;3.611666666666667;5.0;12.0;1.0;0.0;7.0;0.0666666666666666;2.0555555555555554;4.405;5.0;12.0;1.0;0.0;7.4444444444444455;0.07777777777777771;2.1222222222222222;3.1666666666666665;5.0;13.0;1.0;0.0;7.122222222222223;0.0666666666666666;2.0888888888888886;3.478333333333333;5.0;13.0;1.0;0.0;7.844444444444445;0.07777777777777771;2.1444444444444444;2.6966666666666668;5.0;14.0;1.0;0.0;6.966666666666668;0.0666666666666666;2.088888888888889;3.4450000000000003;5.0;14.0;1.0;0.0;7.8;0.07777777777777771;2.1;3.693333333333334;5.0;15.0;0.0
1.0;0.0;7.866666666666667;0.07777777777777771;2.111111111111111;3.686666666666667;5.0;11.0;1.0;0.0;6.98888888888889;0.0666666666666666;2.033333333333333;2.6616666666666666;5.0;11.0;1.0;0.0;7.855555555555555;0.07777777777777771;2.0666666666666664;3.611666666666667;5.0;12.0;1.0;0.0;7.0;0.0666666666666666;2.0555555555555554;4.405;5.0;12.0;1.0;0.0;7.4444444444444455;0.07777777777777771;2.1222222222222222;3.1666666666666665;5.0;13.0;1.0;0.0;7.122222222222223;0.0666666666666666;2.0888888888888886;3.478333333333333;5.0;13.0;1.0;0.0;7.844444444444445;0.07777777777777771;2.1444444444444444;2.6966666666666668;5.0;14.0;1.0;0.0;6.966666666666668;0.0666666666666666;2.088888888888889;3.4450000000000003;5.0;14.0;1.0;0.0;7.8;0.07777777777777771;2.1;3.693333333333334;5.0;15.0;1.0;0.0;7.133333333333333;0.0666666666666666;2.1777777777777776;4.726666666666667;5.0;15.0;0.0
1.0;0.0;6.98888888888889;0.0666666666666666;2.033333333333333;2.6616666666666666;5.0;11.0;1.0;0.0;7.855555555555555;0.07777777777777771;2.0666666666666664;3.611666666666667;5.0;12.0;1.0;0.0;7.0;0.0666666666666666;2.0555555555555554;4.405;5.0;12.0;1.0;0.0;7.4444444444444455;0.07777777777777771;2.1222222222222222;3.1666666666666665;5.0;13.0;1.0;0.0;7.122222222222223;0.0666666666666666;2.0888888888888886;3.478333333333333;5.0;13.0;1.0;0.0;7.844444444444445;0.07777777777777771;2.1444444444444444;2.6966666666666668;5.0;14.0;1.0;0.0;6.966666666666668;0.0666666666666666;2.088888888888889;3.4450000000000003;5.0;14.0;1.0;0.0;7.8;0.07777777777777771;2.1;3.693333333333334;5.0;15.0;1.0;0.0;7.133333333333333;0.0666666666666666;2.1777777777777776;4.726666666666667;5.0;15.0;1.0;0.0;7.855555555555555;0.08888888888888884;2.1444444444444444;4.078333333333334;5.0;16.0;0.0
1.0;0.0;7.855555555555555;0.07777777777777771;2.0666666666666664;3.611666666666667;5.0;12.0;1.0;0.0;7.0;0.0666666666666666;2.0555555555555554;4.405;5.0;12.0;1.0;0.0;7.4444444444444455;0.07777777777777771;2.1222222222222222;3.1666666666666665;5.0;13.0;1.0;0.0;7.122222222222223;0.0666666666666666;2.0888888888888886;3.478333333333333;5.0;13.0;1.0;0.0;7.844444444444445;0.07777777777777771;2.1444444444444444;2.6966666666666668;5.0;14.0;1.0;0.0;6.966666666666668;0.0666666666666666;2.088888888888889;3.4450000000000003;5.0;14.0;1.0;0.0;7.8;0.07777777777777771;2.1;3.693333333333334;5.0;15.0;1.0;0.0;7.133333333333333;0.0666666666666666;2.1777777777777776;4.726666666666667;5.0;15.0;1.0;0.0;7.855555555555555;0.08888888888888884;2.1444444444444444;4.078333333333334;5.0;16.0;1.0;0.0;7.022222222222222;0.0666666666666666;2.088888888888889;3.721666666666667;5.0;16.0;0.0
1.0;0.0;7.0;0.0666666666666666;2.0555555555555554;4.405;5.0;12.0;1.0;0.0;7.4444444444444455;0.07777777777777771;2.1222222222222222;3.1666666666666665;5.0;13.0;1.0;0.0;7.122222222222223;0.0666666666666666;2.0888888888888886;3.478333333333333;5.0;13.0;1.0;0.0;7.844444444444445;0.07777777777777771;2.1444444444444444;2.6966666666666668;5.0;14.0;1.0;0.0;6.966666666666668;0.0666666666666666;2.088888888888889;3.4450000000000003;5.0;14.0;1.0;0.0;7.8;0.07777777777777771;2.1;3.693333333333334;5.0;15.0;1.0;0.0;7.133333333333333;0.0666666666666666;2.1777777777777776;4.726666666666667;5.0;15.0;1.0;0.0;7.855555555555555;0.08888888888888884;2.1444444444444444;4.078333333333334;5.0;16.0;1.0;0.0;7.022222222222222;0.0666666666666666;2.088888888888889;3.721666666666667;5.0;16.0;1.0;0.0;7.633333333333334;0.07777777777777771;2.1222222222222222;4.046666666666667;5.0;17.0;0.0
1.0;0.0;7.4444444444444455;0.07777777777777771;2.1222222222222222;3.1666666666666665;5.0;13.0;1.0;0.0;7.122222222222223;0.0666666666666666;2.0888888888888886;3.478333333333333;5.0;13.0;1.0;0.0;7.844444444444445;0.07777777777777771;2.1444444444444444;2.6966666666666668;5.0;14.0;1.0;0.0;6.966666666666668;0.0666666666666666;2.088888888888889;3.4450000000000003;5.0;14.0;1.0;0.0;7.8;0.07777777777777771;2.1;3.693333333333334;5.0;15.0;1.0;0.0;7.133333333333333;0.0666666666666666;2.1777777777777776;4.726666666666667;5.0;15.0;1.0;0.0;7.855555555555555;0.08888888888888884;2.1444444444444444;4.078333333333334;5.0;16.0;1.0;0.0;7.022222222222222;0.0666666666666666;2.088888888888889;3.721666666666667;5.0;16.0;1.0;0.0;7.633333333333334;0.07777777777777771;2.1222222222222222;4.046666666666667;5.0;17.0;1.0;0.0;6.966666666666666;0.07777777777777771;2.088888888888889;3.4133333333333336;5.0;17.0;0.0
1.0;0.0;7.122222222222223;0.0666666666666666;2.0888888888888886;3.478333333333333;5.0;13.0;1.0;0.0;7.844444444444445;0.07777777777777771;2.1444444444444444;2.6966666666666668;5.0;14.0;1.0;0.0;6.966666666666668;0.0666666666666666;2.088888888888889;3.4450000000000003;5.0;14.0;1.0;0.0;7.8;0.07777777777777771;2.1;3.693333333333334;5.0;15.0;1.0;0.0;7.133333333333333;0.0666666666666666;2.1777777777777776;4.726666666666667;5.0;15.0;1.0;0.0;7.855555555555555;0.08888888888888884;2.1444444444444444;4.078333333333334;5.0;16.0;1.0;0.0;7.022222222222222;0.0666666666666666;2.088888888888889;3.721666666666667;5.0;16.0;1.0;0.0;7.633333333333334;0.07777777777777771;2.1222222222222222;4.046666666666667;5.0;17.0;1.0;0.0;6.966666666666666;0.07777777777777771;2.088888888888889;3.4133333333333336;5.0;17.0;1.0;0.0;7.644444444444445;0.07777777777777771;2.0777777777777775;3.525;5.0;18.0;0.0
1.0;0.0;7.844444444444445;0.07777777777777771;2.1444444444444444;2.6966666666666668;5.0;14.0;1.0;0.0;6.966666666666668;0.0666666666666666;2.088888888888889;3.4450000000000003;5.0;14.0;1.0;0.0;7.8;0.07777777777777771;2.1;3.693333333333334;5.0;15.0;1.0;0.0;7.133333333333333;0.0666666666666666;2.1777777777777776;4.726666666666667;5.0;15.0;1.0;0.0;7.855555555555555;0.08888888888888884;2.1444444444444444;4.078333333333334;5.0;16.0;1.0;0.0;7.022222222222222;0.0666666666666666;2.088888888888889;3.721666666666667;5.0;16.0;1.0;0.0;7.633333333333334;0.07777777777777771;2.1222222222222222;4.046666666666667;5.0;17.0;1.0;0.0;6.966666666666666;0.07777777777777771;2.088888888888889;3.4133333333333336;5.0;17.0;1.0;0.0;7.644444444444445;0.07777777777777771;2.0777777777777775;3.525;5.0;18.0;1.0;0.0;6.933333333333334;0.0666666666666666;2.066666666666667;2.7983333333333333;5.0;18.0;0.0
1.0;0.0;6.966666666666668;0.0666666666666666;2.088888888888889;3.4450000000000003;5.0;14.0;1.0;0.0;7.8;0.07777777777777771;2.1;3.693333333333334;5.0;15.0;1.0;0.0;7.133333333333333;0.0666666666666666;2.1777777777777776;4.726666666666667;5.0;15.0;1.0;0.0;7.855555555555555;0.08888888888888884;2.1444444444444444;4.078333333333334;5.0;16.0;1.0;0.0;7.022222222222222;0.0666666666666666;2.088888888888889;3.721666666666667;5.0;16.0;1.0;0.0;7.633333333333334;0.07777777777777771;2.1222222222222222;4.046666666666667;5.0;17.0;1.0;0.0;6.966666666666666;0.07777777777777771;2.088888888888889;3.4133333333333336;5.0;17.0;1.0;0.0;7.644444444444445;0.07777777777777771;2.0777777777777775;3.525;5.0;18.0;1.0;0.0;6.933333333333334;0.0666666666666666;2.066666666666667;2.7983333333333333;5.0;18.0;1.0;0.0;7.633333333333333;0.07777777777777771;2.077777777777778;3.405;5.0;19.0;0.0
1.0;0.0;7.8;0.07777777777777771;2.1;3.693333333333334;5.0;15.0;1.0;0.0;7.133333333333333;0.0666666666666666;2.1777777777777776;4.726666666666667;5.0;15.0;1.0;0.0;7.855555555555555;0.08888888888888884;2.1444444444444444;4.078333333333334;5.0;16.0;1.0;0.0;7.022222222222222;0.0666666666666666;2.088888888888889;3.721666666666667;5.0;16.0;1.0;0.0;7.633333333333334;0.07777777777777771;2.1222222222222222;4.046666666666667;5.0;17.0;1.0;0.0;6.966666666666666;0.07777777777777771;2.088888888888889;3.4133333333333336;5.0;17.0;1.0;0.0;7.644444444444445;0.07777777777777771;2.0777777777777775;3.525;5.0;18.0;1.0;0.0;6.933333333333334;0.0666666666666666;2.066666666666667;2.7983333333333333;5.0;18.0;1.0;0.0;7.633333333333333;0.07777777777777771;2.077777777777778;3.405;5.0;19.0;1.0;0.0;7.01111111111111;0.07777777777777771;2.1;3.235;5.0;19.0;0.0
1.0;0.0;7.133333333333333;0.0666666666666666;2.1777777777777776;4.726666666666667;5.0;15.0;1.0;0.0;7.855555555555555;0.08888888888888884;2.1444444444444444;4.078333333333334;5.0;16.0;1.0;0.0;7.022222222222222;0.0666666666666666;2.088888888888889;3.721666666666667;5.0;16.0;1.0;0.0;7.633333333333334;0.07777777777777771;2.1222222222222222;4.046666666666667;5.0;17.0;1.0;0.0;6.966666666666666;0.07777777777777771;2.088888888888889;3.4133333333333336;5.0;17.0;1.0;0.0;7.644444444444445;0.07777777777777771;2.0777777777777775;3.525;5.0;18.0;1.0;0.0;6.933333333333334;0.0666666666666666;2.066666666666667;2.7983333333333333;5.0;18.0;1.0;0.0;7.633333333333333;0.07777777777777771;2.077777777777778;3.405;5.0;19.0;1.0;0.0;7.01111111111111;0.07777777777777771;2.1;3.235;5.0;19.0;1.0;0.0;7.966666666666668;0.06666666666666661;2.111111111111111;2.7483333333333335;5.0;20.0;0.0
1.0;0.0;7.855555555555555;0.08888888888888884;2.1444444444444444;4.078333333333334;5.0;16.0;1.0;0.0;7.022222222222222;0.0666666666666666;2.088888888888889;3.721666666666667;5.0;16.0;1.0;0.0;7.633333333333334;0.07777777777777771;2.1222222222222222;4.046666666666667;5.0;17.0;1.0;0.0;6.966666666666666;0.07777777777777771;2.088888888888889;3.4133333333333336;5.0;17.0;1.0;0.0;7.644444444444445;0.07777777777777771;2.0777777777777775;3.525;5.0;18.0;1.0;0.0;6.933333333333334;0.0666666666666666;2.066666666666667;2.7983333333333333;5.0;18.0;1.0;0.0;7.633333333333333;0.07777777777777771;2.077777777777778;3.405;5.0;19.0;1.0;0.0;7.01111111111111;0.07777777777777771;2.1;3.235;5.0;19.0;1.0;0.0;7.966666666666668;0.06666666666666661;2.111111111111111;2.7483333333333335;5.0;20.0;1.0;0.0;6.844444444444445;0.0666666666666666;2.1;4.031666666666666;5.0;20.0;0.0
1.0;0.0;7.022222222222222;0.0666666666666666;2.088888888888889;3.721666666666667;5.0;16.0;1.0;0.0;7.633333333333334;0.07777777777777771;2.1222222222222222;4.046666666666667;5.0;17.0;1.0;0.0;6.966666666666666;0.07777777777777771;2.088888888888889;3.4133333333333336;5.0;17.0;1.0;0.0;7.644444444444445;0.07777777777777771;2.0777777777777775;3.525;5.0;18.0;1.0;0.0;6.933333333333334;0.0666666666666666;2.066666666666667;2.7983333333333333;5.0;18.0;1.0;0.0;7.633333333333333;0.07777777777777771;2.077777777777778;3.405;5.0;19.0;1.0;0.0;7.01111111111111;0.07777777777777771;2.1;3.235;5.0;19.0;1.0;0.0;7.966666666666668;0.06666666666666661;2.111111111111111;2.7483333333333335;5.0;20.0;1.0;0.0;6.844444444444445;0.0666666666666666;2.1;4.031666666666666;5.0;20.0;1.0;0.0;7.777777777777779;0.07777777777777771;2.1333333333333333;3.661666666666667;5.0;21.0;0.0
1.0;0.0;7.633333333333334;0.07777777777777771;2.1222222222222222;4.046666666666667;5.0;17.0;1.0;0.0;6.966666666666666;0.07777777777777771;2.088888888888889;3.4133333333333336;5.0;17.0;1.0;0.0;7.644444444444445;0.07777777777777771;2.0777777777777775;3.525;5.0;18.0;1.0;0.0;6.933333333333334;0.0666666666666666;2.066666666666667;2.7983333333333333;5.0;18.0;1.0;0.0;7.633333333333333;0.07777777777777771;2.077777777777778;3.405;5.0;19.0;1.0;0.0;7.01111111111111;0.07777777777777771;2.1;3.235;5.0;19.0;1.0;0.0;7.966666666666668;0.06666666666666661;2.111111111111111;2.7483333333333335;5.0;20.0;1.0;0.0;6.844444444444445;0.0666666666666666;2.1;4.031666666666666;5.0;20.0;1.0;0.0;7.777777777777779;0.07777777777777771;2.1333333333333333;3.661666666666667;5.0;21.0;1.0;0.0;6.922222222222222;0.0666666666666666;2.1444444444444444;3.1283333333333334;5.0;21.0;0.0
1.0;0.0;6.966666666666666;0.07777777777777771;2.088888888888889;3.4133333333333336;5.0;17.0;1.0;0.0;7.644444444444445;0.07777777777777771;2.0777777777777775;3.525;5.0;18.0;1.0;0.0;6.933333333333334;0.0666666666666666;2.066666666666667;2.7983333333333333;5.0;18.0;1.0;0.0;7.633333333333333;0.07777777777777771;2.077777777777778;3.405;5.0;19.0;1.0;0.0;7.01111111111111;0.07777777777777771;2.1;3.235;5.0;19.0;1.0;0.0;7.966666666666668;0.06666666666666661;2.111111111111111;2.7483333333333335;5.0;20.0;1.0;0.0;6.844444444444445;0.0666666666666666;2.1;4.031666666666666;5.0;20.0;1.0;0.0;7.777777777777779;0.07777777777777771;2.1333333333333333;3.661666666666667;5.0;21.0;1.0;0.0;6.922222222222222;0.0666666666666666;2.1444444444444444;3.1283333333333334;5.0;21.0;1.0;0.0;7.722222222222221;0.07777777777777771;2.222222222222222;4.278333333333333;5.0;22.0;0.0
1.0;0.0;7.644444444444445;0.07777777777777771;2.0777777777777775;3.525;5.0;18.0;1.0;0.0;6.933333333333334;0.0666666666666666;2.066666666666667;2.7983333333333333;5.0;18.0;1.0;0.0;7.633333333333333;0.07777777777777771;2.077777777777778;3.405;5.0;19.0;1.0;0.0;7.01111111111111;0.07777777777777771;2.1;3.235;5.0;19.0;1.0;0.0;7.966666666666668;0.06666666666666661;2.111111111111111;2.7483333333333335;5.0;20.0;1.0;0.0;6.844444444444445;0.0666666666666666;2.1;4.031666666666666;5.0;20.0;1.0;0.0;7.777777777777779;0.07777777777777771;2.1333333333333333;3.661666666666667;5.0;21.0;1.0;0.0;6.922222222222222;0.0666666666666666;2.1444444444444444;3.1283333333333334;5.0;21.0;1.0;0.0;7.722222222222221;0.07777777777777771;2.222222222222222;4.278333333333333;5.0;22.0;1.0;0.0;7.177777777777777;0.0666666666666666;2.1666666666666665;3.4949999999999997;5.0;22.0;0.0
1.0;0.0;6.933333333333334;0.0666666666666666;2.066666666666667;2.7983333333333333;5.0;18.0;1.0;0.0;7.633333333333333;0.07777777777777771;2.077777777777778;3.405;5.0;19.0;1.0;0.0;7.01111111111111;0.07777777777777771;2.1;3.235;5.0;19.0;1.0;0.0;7.966666666666668;0.06666666666666661;2.111111111111111;2.7483333333333335;5.0;20.0;1.0;0.0;6.844444444444445;0.0666666666666666;2.1;4.031666666666666;5.0;20.0;1.0;0.0;7.777777777777779;0.07777777777777771;2.1333333333333333;3.661666666666667;5.0;21.0;1.0;0.0;6.922222222222222;0.0666666666666666;2.1444444444444444;3.1283333333333334;5.0;21.0;1.0;0.0;7.722222222222221;0.07777777777777771;2.222222222222222;4.278333333333333;5.0;22.0;1.0;0.0;7.177777777777777;0.0666666666666666;2.1666666666666665;3.4949999999999997;5.0;22.0;1.0;0.0;7.766666666666666;0.07777777777777771;2.222222222222222;3.4450000000000003;5.0;23.0;0.0
1.0;0.0;7.633333333333333;0.07777777777777771;2.077777777777778;3.405;5.0;19.0;1.0;0.0;7.01111111111111;0.07777777777777771;2.1;3.235;5.0;19.0;1.0;0.0;7.966666666666668;0.06666666666666661;2.111111111111111;2.7483333333333335;5.0;20.0;1.0;0.0;6.844444444444445;0.0666666666666666;2.1;4.031666666666666;5.0;20.0;1.0;0.0;7.777777777777779;0.07777777777777771;2.1333333333333333;3.661666666666667;5.0;21.0;1.0;0.0;6.922222222222222;0.0666666666666666;2.1444444444444444;3.1283333333333334;5.0;21.0;1.0;0.0;7.722222222222221;0.07777777777777771;2.222222222222222;4.278333333333333;5.0;22.0;1.0;0.0;7.177777777777777;0.0666666666666666;2.1666666666666665;3.4949999999999997;5.0;22.0;1.0;0.0;7.766666666666666;0.07777777777777771;2.222222222222222;3.4450000000000003;5.0;23.0;1.0;0.0;6.811111111111111;0.0666666666666666;2.1666666666666665;2.4983333333333335;5.0;23.0;0.0
1.0;0.0;7.01111111111111;0.07777777777777771;2.1;3.235;5.0;19.0;1.0;0.0;7.966666666666668;0.06666666666666661;2.111111111111111;2.7483333333333335;5.0;20.0;1.0;0.0;6.844444444444445;0.0666666666666666;2.1;4.031666666666666;5.0;20.0;1.0;0.0;7.777777777777779;0.07777777777777771;2.1333333333333333;3.661666666666667;5.0;21.0;1.0;0.0;6.922222222222222;0.0666666666666666;2.1444444444444444;3.1283333333333334;5.0;21.0;1.0;0.0;7.722222222222221;0.07777777777777771;2.222222222222222;4.278333333333333;5.0;22.0;1.0;0.0;7.177777777777777;0.0666666666666666;2.1666666666666665;3.4949999999999997;5.0;22.0;1.0;0.0;7.766666666666666;0.07777777777777771;2.222222222222222;3.4450000000000003;5.0;23.0;1.0;0.0;6.811111111111111;0.0666666666666666;2.1666666666666665;2.4983333333333335;5.0;23.0;1.0333333333333332;0.0;7.975213675213674;0.07777777777777771;2.1888888888888887;3.5133333333333336;6.0;0.0;0.0
1.0;0.0;7.966666666666668;0.06666666666666661;2.111111111111111;2.7483333333333335;5.0;20.0;1.0;0.0;6.844444444444445;0.0666666666666666;2.1;4.031666666666666;5.0;20.0;1.0;0.0;7.777777777777779;0.07777777777777771;2.1333333333333333;3.661666666666667;5.0;21.0;1.0;0.0;6.922222222222222;0.0666666666666666;2.1444444444444444;3.1283333333333334;5.0;21.0;1.0;0.0;7.722222222222221;0.07777777777777771;2.222222222222222;4.278333333333333;5.0;22.0;1.0;0.0;7.177777777777777;0.0666666666666666;2.1666666666666665;3.4949999999999997;5.0;22.0;1.0;0.0;7.766666666666666;0.07777777777777771;2.222222222222222;3.4450000000000003;5.0;23.0;1.0;0.0;6.811111111111111;0.0666666666666666;2.1666666666666665;2.4983333333333335;5.0;23.0;1.0333333333333332;0.0;7.975213675213674;0.07777777777777771;2.1888888888888887;3.5133333333333336;6.0;0.0;1.0;0.0;7.344444444444444;0.0666666666666666;2.1777777777777776;3.3366666666666664;6.0;0.0;0.0
1.0;0.0;6.844444444444445;0.0666666666666666;2.1;4.031666666666666;5.0;20.0;1.0;0.0;7.777777777777779;0.07777777777777771;2.1333333333333333;3.661666666666667;5.0;21.0;1.0;0.0;6.922222222222222;0.0666666666666666;2.1444444444444444;3.1283333333333334;5.0;21.0;1.0;0.0;7.722222222222221;0.07777777777777771;2.222222222222222;4.278333333333333;5.0;22.0;1.0;0.0;7.177777777777777;0.0666666666666666;2.1666666666666665;3.4949999999999997;5.0;22.0;1.0;0.0;7.766666666666666;0.07777777777777771;2.222222222222222;3.4450000000000003;5.0;23.0;1.0;0.0;6.811111111111111;0.0666666666666666;2.1666666666666665;2.4983333333333335;5.0;23.0;1.0333333333333332;0.0;7.975213675213674;0.07777777777777771;2.1888888888888887;3.5133333333333336;6.0;0.0;1.0;0.0;7.344444444444444;0.0666666666666666;2.1777777777777776;3.3366666666666664;6.0;0.0;1.0;0.0;7.5555555555555545;0.08888888888888884;2.211111111111111;3.0499999999999994;6.0;1.0;0.0
1.0;0.0;7.777777777777779;0.07777777777777771;2.1333333333333333;3.661666666666667;5.0;21.0;1.0;0.0;6.922222222222222;0.0666666666666666;2.1444444444444444;3.1283333333333334;5.0;21.0;1.0;0.0;7.722222222222221;0.07777777777777771;2.222222222222222;4.278333333333333;5.0;22.0;1.0;0.0;7.177777777777777;0.0666666666666666;2.1666666666666665;3.4949999999999997;5.0;22.0;1.0;0.0;7.766666666666666;0.07777777777777771;2.222222222222222;3.4450000000000003;5.0;23.0;1.0;0.0;6.811111111111111;0.0666666666666666;2.1666666666666665;2.4983333333333335;5.0;23.0;1.0333333333333332;0.0;7.975213675213674;0.07777777777777771;2.1888888888888887;3.5133333333333336;6.0;0.0;1.0;0.0;7.344444444444444;0.0666666666666666;2.1777777777777776;3.3366666666666664;6.0;0.0;1.0;0.0;7.5555555555555545;0.08888888888888884;2.211111111111111;3.0499999999999994;6.0;1.0;1.0;0.0;6.8;0.11111111111111106;2.1888888888888887;4.745;6.0;1.0;0.0
1.0;0.0;6.922222222222222;0.0666666666666666;2.1444444444444444;3.1283333333333334;5.0;21.0;1.0;0.0;7.722222222222221;0.07777777777777771;2.222222222222222;4.278333333333333;5.0;22.0;1.0;0.0;7.177777777777777;0.0666666666666666;2.1666666666666665;3.4949999999999997;5.0;22.0;1.0;0.0;7.766666666666666;0.07777777777777771;2.222222222222222;3.4450000000000003;5.0;23.0;1.0;0.0;6.811111111111111;0.0666666666666666;2.1666666666666665;2.4983333333333335;5.0;23.0;1.0333333333333332;0.0;7.975213675213674;0.07777777777777771;2.1888888888888887;3.5133333333333336;6.0;0.0;1.0;0.0;7.344444444444444;0.0666666666666666;2.1777777777777776;3.3366666666666664;6.0;0.0;1.0;0.0;7.5555555555555545;0.08888888888888884;2.211111111111111;3.0499999999999994;6.0;1.0;1.0;0.0;6.8;0.11111111111111106;2.1888888888888887;4.745;6.0;1.0;1.0;0.0;7.2444444444444445;0.08888888888888884;2.1777777777777776;3.3083333333333336;6.0;2.0;0.0
1.0;0.0;7.722222222222221;0.07777777777777771;2.222222222222222;4.278333333333333;5.0;22.0;1.0;0.0;7.177777777777777;0.0666666666666666;2.1666666666666665;3.4949999999999997;5.0;22.0;1.0;0.0;7.766666666666666;0.07777777777777771;2.222222222222222;3.4450000000000003;5.0;23.0;1.0;0.0;6.811111111111111;0.0666666666666666;2.1666666666666665;2.4983333333333335;5.0;23.0;1.0333333333333332;0.0;7.975213675213674;0.07777777777777771;2.1888888888888887;3.5133333333333336;6.0;0.0;1.0;0.0;7.344444444444444;0.0666666666666666;2.1777777777777776;3.3366666666666664;6.0;0.0;1.0;0.0;7.5555555555555545;0.08888888888888884;2.211111111111111;3.0499999999999994;6.0;1.0;1.0;0.0;6.8;0.11111111111111106;2.1888888888888887;4.745;6.0;1.0;1.0;0.0;7.2444444444444445;0.08888888888888884;2.1777777777777776;3.3083333333333336;6.0;2.0;1.0;0.0;6.855555555555555;0.07777777777777771;2.1999999999999997;2.9616666666666664;6.0;2.0;0.0
1.0;0.0;7.177777777777777;0.0666666666666666;2.1666666666666665;3.4949999999999997;5.0;22.0;1.0;0.0;7.766666666666666;0.07777777777777771;2.222222222222222;3.4450000000000003;5.0;23.0;1.0;0.0;6.811111111111111;0.0666666666666666;2.1666666666666665;2.4983333333333335;5.0;23.0;1.0333333333333332;0.0;7.975213675213674;0.07777777777777771;2.1888888888888887;3.5133333333333336;6.0;0.0;1.0;0.0;7.344444444444444;0.0666666666666666;2.1777777777777776;3.3366666666666664;6.0;0.0;1.0;0.0;7.5555555555555545;0.08888888888888884;2.211111111111111;3.0499999999999994;6.0;1.0;1.0;0.0;6.8;0.11111111111111106;2.1888888888888887;4.745;6.0;1.0;1.0;0.0;7.2444444444444445;0.08888888888888884;2.1777777777777776;3.3083333333333336;6.0;2.0;1.0;0.0;6.855555555555555;0.07777777777777771;2.1999999999999997;2.9616666666666664;6.0;2.0;1.1666666666666667;0.0;15.344444444444447;1.0222222222222221;2.2777777777777772;4.456666666666667;6.0;3.0;0.0
1.0;0.0;7.766666666666666;0.07777777777777771;2.222222222222222;3.4450000000000003;5.0;23.0;1.0;0.0;6.811111111111111;0.0666666666666666;2.1666666666666665;2.4983333333333335;5.0;23.0;1.0333333333333332;0.0;7.975213675213674;0.07777777777777771;2.1888888888888887;3.5133333333333336;6.0;0.0;1.0;0.0;7.344444444444444;0.0666666666666666;2.1777777777777776;3.3366666666666664;6.0;0.0;1.0;0.0;7.5555555555555545;0.08888888888888884;2.211111111111111;3.0499999999999994;6.0;1.0;1.0;0.0;6.8;0.11111111111111106;2.1888888888888887;4.745;6.0;1.0;1.0;0.0;7.2444444444444445;0.08888888888888884;2.1777777777777776;3.3083333333333336;6.0;2.0;1.0;0.0;6.855555555555555;0.07777777777777771;2.1999999999999997;2.9616666666666664;6.0;2.0;1.1666666666666667;0.0;15.344444444444447;1.0222222222222221;2.2777777777777772;4.456666666666667;6.0;3.0;1.0;0.0;6.822222222222223;0.09999999999999994;2.1777777777777776;2.8166666666666664;6.0;3.0;0.0
1.0;0.0;6.811111111111111;0.0666666666666666;2.1666666666666665;2.4983333333333335;5.0;23.0;1.0333333333333332;0.0;7.975213675213674;0.07777777777777771;2.1888888888888887;3.5133333333333336;6.0;0.0;1.0;0.0;7.344444444444444;0.0666666666666666;2.1777777777777776;3.3366666666666664;6.0;0.0;1.0;0.0;7.5555555555555545;0.08888888888888884;2.211111111111111;3.0499999999999994;6.0;1.0;1.0;0.0;6.8;0.11111111111111106;2.1888888888888887;4.745;6.0;1.0;1.0;0.0;7.2444444444444445;0.08888888888888884;2.1777777777777776;3.3083333333333336;6.0;2.0;1.0;0.0;6.855555555555555;0.07777777777777771;2.1999999999999997;2.9616666666666664;6.0;2.0;1.1666666666666667;0.0;15.344444444444447;1.0222222222222221;2.2777777777777772;4.456666666666667;6.0;3.0;1.0;0.0;6.822222222222223;0.09999999999999994;2.1777777777777776;2.8166666666666664;6.0;3.0;1.0;0.0;7.533333333333334;0.09999999999999994;2.233333333333333;2.7016666666666667;6.0;4.0;0.0
1.0333333333333332;0.0;7.975213675213674;0.07777777777777771;2.1888888888888887;3.5133333333333336;6.0;0.0;1.0;0.0;7.344444444444444;0.0666666666666666;2.1777777777777776;3.3366666666666664;6.0;0.0;1.0;0.0;7.5555555555555545;0.08888888888888884;2.211111111111111;3.0499999999999994;6.0;1.0;1.0;0.0;6.8;0.11111111111111106;2.1888888888888887;4.745;6.0;1.0;1.0;0.0;7.2444444444444445;0.08888888888888884;2.1777777777777776;3.3083333333333336;6.0;2.0;1.0;0.0;6.855555555555555;0.07777777777777771;2.1999999999999997;2.9616666666666664;6.0;2.0;1.1666666666666667;0.0;15.344444444444447;1.0222222222222221;2.2777777777777772;4.456666666666667;6.0;3.0;1.0;0.0;6.822222222222223;0.09999999999999994;2.1777777777777776;2.8166666666666664;6.0;3.0;1.0;0.0;7.533333333333334;0.09999999999999994;2.233333333333333;2.7016666666666667;6.0;4.0;1.0;0.0;6.622222222222223;0.09999999999999994;2.1888888888888887;2.828333333333333;6.0;4.0;0.0
1.0;0.0;7.344444444444444;0.0666666666666666;2.1777777777777776;3.3366666666666664;6.0;0.0;1.0;0.0;7.5555555555555545;0.08888888888888884;2.211111111111111;3.0499999999999994;6.0;1.0;1.0;0.0;6.8;0.11111111111111106;2.1888888888888887;4.745;6.0;1.0;1.0;0.0;7.2444444444444445;0.08888888888888884;2.1777777777777776;3.3083333333333336;6.0;2.0;1.0;0.0;6.855555555555555;0.07777777777777771;2.1999999999999997;2.9616666666666664;6.0;2.0;1.1666666666666667;0.0;15.344444444444447;1.0222222222222221;2.2777777777777772;4.456666666666667;6.0;3.0;1.0;0.0;6.822222222222223;0.09999999999999994;2.1777777777777776;2.8166666666666664;6.0;3.0;1.0;0.0;7.533333333333334;0.09999999999999994;2.233333333333333;2.7016666666666667;6.0;4.0;1.0;0.0;6.622222222222223;0.09999999999999994;2.1888888888888887;2.828333333333333;6.0;4.0;1.0;0.0;7.633333333333333;0.11111111111111109;2.1999999999999997;2.99;6.0;5.0;0.0
1.0;0.0;7.5555555555555545;0.08888888888888884;2.211111111111111;3.0499999999999994;6.0;1.0;1.0;0.0;6.8;0.11111111111111106;2.1888888888888887;4.745;6.0;1.0;1.0;0.0;7.2444444444444445;0.08888888888888884;2.1777777777777776;3.3083333333333336;6.0;2.0;1.0;0.0;6.855555555555555;0.07777777777777771;2.1999999999999997;2.9616666666666664;6.0;2.0;1.1666666666666667;0.0;15.344444444444447;1.0222222222222221;2.2777777777777772;4.456666666666667;6.0;3.0;1.0;0.0;6.822222222222223;0.09999999999999994;2.1777777777777776;2.8166666666666664;6.0;3.0;1.0;0.0;7.533333333333334;0.09999999999999994;2.233333333333333;2.7016666666666667;6.0;4.0;1.0;0.0;6.622222222222223;0.09999999999999994;2.1888888888888887;2.828333333333333;6.0;4.0;1.0;0.0;7.633333333333333;0.11111111111111109;2.1999999999999997;2.99;6.0;5.0;1.0;0.0;6.966666666666666;0.12222222222222219;2.222222222222222;3.106666666666667;6.0;5.0;0.0
1.0;0.0;6.8;0.11111111111111106;2.1888888888888887;4.745;6.0;1.0;1.0;0.0;7.2444444444444445;0.08888888888888884;2.1777777777777776;3.3083333333333336;6.0;2.0;1.0;0.0;6.855555555555555;0.07777777777777771;2.1999999999999997;2.9616666666666664;6.0;2.0;1.1666666666666667;0.0;15.344444444444447;1.0222222222222221;2.2777777777777772;4.456666666666667;6.0;3.0;1.0;0.0;6.822222222222223;0.09999999999999994;2.1777777777777776;2.8166666666666664;6.0;3.0;1.0;0.0;7.533333333333334;0.09999999999999994;2.233333333333333;2.7016666666666667;6.0;4.0;1.0;0.0;6.622222222222223;0.09999999999999994;2.1888888888888887;2.828333333333333;6.0;4.0;1.0;0.0;7.633333333333333;0.11111111111111109;2.1999999999999997;2.99;6.0;5.0;1.0;0.0;6.966666666666666;0.12222222222222219;2.222222222222222;3.106666666666667;6.0;5.0;1.0;0.0;7.68888888888889;0.07777777777777771;2.1888888888888887;3.1783333333333332;6.0;6.0;0.0
1.0;0.0;7.2444444444444445;0.08888888888888884;2.1777777777777776;3.3083333333333336;6.0;2.0;1.0;0.0;6.855555555555555;0.07777777777777771;2.1999999999999997;2.9616666666666664;6.0;2.0;1.1666666666666667;0.0;15.344444444444447;1.0222222222222221;2.2777777777777772;4.456666666666667;6.0;3.0;1.0;0.0;6.822222222222223;0.09999999999999994;2.1777777777777776;2.8166666666666664;6.0;3.0;1.0;0.0;7.533333333333334;0.09999999999999994;2.233333333333333;2.7016666666666667;6.0;4.0;1.0;0.0;6.622222222222223;0.09999999999999994;2.1888888888888887;2.828333333333333;6.0;4.0;1.0;0.0;7.633333333333333;0.11111111111111109;2.1999999999999997;2.99;6.0;5.0;1.0;0.0;6.966666666666666;0.12222222222222219;2.222222222222222;3.106666666666667;6.0;5.0;1.0;0.0;7.68888888888889;0.07777777777777771;2.1888888888888887;3.1783333333333332;6.0;6.0;1.0;0.0;6.877777777777777;0.08888888888888884;2.1444444444444444;2.5533333333333332;6.0;6.0;0.0
1.0;0.0;6.855555555555555;0.07777777777777771;2.1999999999999997;2.9616666666666664;6.0;2.0;1.1666666666666667;0.0;15.344444444444447;1.0222222222222221;2.2777777777777772;4.456666666666667;6.0;3.0;1.0;0.0;6.822222222222223;0.09999999999999994;2.1777777777777776;2.8166666666666664;6.0;3.0;1.0;0.0;7.533333333333334;0.09999999999999994;2.233333333333333;2.7016666666666667;6.0;4.0;1.0;0.0;6.622222222222223;0.09999999999999994;2.1888888888888887;2.828333333333333;6.0;4.0;1.0;0.0;7.633333333333333;0.11111111111111109;2.1999999999999997;2.99;6.0;5.0;1.0;0.0;6.966666666666666;0.12222222222222219;2.222222222222222;3.106666666666667;6.0;5.0;1.0;0.0;7.68888888888889;0.07777777777777771;2.1888888888888887;3.1783333333333332;6.0;6.0;1.0;0.0;6.877777777777777;0.08888888888888884;2.1444444444444444;2.5533333333333332;6.0;6.0;1.0;0.0;7.788888888888889;0.12222222222222219;2.1888888888888887;3.7316666666666674;6.0;7.0;0.0
1.1666666666666667;0.0;15.344444444444447;1.0222222222222221;2.2777777777777772;4.456666666666667;6.0;3.0;1.0;0.0;6.822222222222223;0.09999999999999994;2.1777777777777776;2.8166666666666664;6.0;3.0;1.0;0.0;7.533333333333334;0.09999999999999994;2.233333333333333;2.7016666666666667;6.0;4.0;1.0;0.0;6.622222222222223;0.09999999999999994;2.1888888888888887;2.828333333333333;6.0;4.0;1.0;0.0;7.633333333333333;0.11111111111111109;2.1999999999999997;2.99;6.0;5.0;1.0;0.0;6.966666666666666;0.12222222222222219;2.222222222222222;3.106666666666667;6.0;5.0;1.0;0.0;7.68888888888889;0.07777777777777771;2.1888888888888887;3.1783333333333332;6.0;6.0;1.0;0.0;6.877777777777777;0.08888888888888884;2.1444444444444444;2.5533333333333332;6.0;6.0;1.0;0.0;7.788888888888889;0.12222222222222219;2.1888888888888887;3.7316666666666674;6.0;7.0;1.0;0.0;6.844444444444445;0.11111111111111106;2.211111111111111;3.4249999999999994;6.0;7.0;0.0
1.0;0.0;6.822222222222223;0.09999999999999994;2.1777777777777776;2.8166666666666664;6.0;3.0;1.0;0.0;7.533333333333334;0.09999999999999994;2.233333333333333;2.7016666666666667;6.0;4.0;1.0;0.0;6.622222222222223;0.09999999999999994;2.1888888888888887;2.828333333333333;6.0;4.0;1.0;0.0;7.633333333333333;0.11111111111111109;2.1999999999999997;2.99;6.0;5.0;1.0;0.0;6.966666666666666;0.12222222222222219;2.222222222222222;3.106666666666667;6.0;5.0;1.0;0.0;7.68888888888889;0.07777777777777771;2.1888888888888887;3.1783333333333332;6.0;6.0;1.0;0.0;6.877777777777777;0.08888888888888884;2.1444444444444444;2.5533333333333332;6.0;6.0;1.0;0.0;7.788888888888889;0.12222222222222219;2.1888888888888887;3.7316666666666674;6.0;7.0;1.0;0.0;6.844444444444445;0.11111111111111106;2.211111111111111;3.4249999999999994;6.0;7.0;1.0;0.0;7.455555555555556;0.12222222222222219;2.222222222222222;3.57;6.0;8.0;0.0
1.0;0.0;7.533333333333334;0.09999999999999994;2.233333333333333;2.7016666666666667;6.0;4.0;1.0;0.0;6.622222222222223;0.09999999999999994;2.1888888888888887;2.828333333333333;6.0;4.0;1.0;0.0;7.633333333333333;0.11111111111111109;2.1999999999999997;2.99;6.0;5.0;1.0;0.0;6.966666666666666;0.12222222222222219;2.222222222222222;3.106666666666667;6.0;5.0;1.0;0.0;7.68888888888889;0.07777777777777771;2.1888888888888887;3.1783333333333332;6.0;6.0;1.0;0.0;6.877777777777777;0.08888888888888884;2.1444444444444444;2.5533333333333332;6.0;6.0;1.0;0.0;7.788888888888889;0.12222222222222219;2.1888888888888887;3.7316666666666674;6.0;7.0;1.0;0.0;6.844444444444445;0.11111111111111106;2.211111111111111;3.4249999999999994;6.0;7.0;1.0;0.0;7.455555555555556;0.12222222222222219;2.222222222222222;3.57;6.0;8.0;1.0;0.0;6.922222222222222;0.08888888888888884;2.233333333333333;3.41;6.0;8.0;0.0
1.0;0.0;6.622222222222223;0.09999999999999994;2.1888888888888887;2.828333333333333;6.0;4.0;1.0;0.0;7.633333333333333;0.11111111111111109;2.1999999999999997;2.99;6.0;5.0;1.0;0.0;6.966666666666666;0.12222222222222219;2.222222222222222;3.106666666666667;6.0;5.0;1.0;0.0;7.68888888888889;0.07777777777777771;2.1888888888888887;3.1783333333333332;6.0;6.0;1.0;0.0;6.877777777777777;0.08888888888888884;2.1444444444444444;2.5533333333333332;6.0;6.0;1.0;0.0;7.788888888888889;0.12222222222222219;2.1888888888888887;3.7316666666666674;6.0;7.0;1.0;0.0;6.844444444444445;0.11111111111111106;2.211111111111111;3.4249999999999994;6.0;7.0;1.0;0.0;7.455555555555556;0.12222222222222219;2.222222222222222;3.57;6.0;8.0;1.0;0.0;6.922222222222222;0.08888888888888884;2.233333333333333;3.41;6.0;8.0;1.0;0.0;7.422222222222223;0.12222222222222219;2.233333333333333;3.1199999999999997;6.0;9.0;0.0
1.0;0.0;7.633333333333333;0.11111111111111109;2.1999999999999997;2.99;6.0;5.0;1.0;0.0;6.966666666666666;0.12222222222222219;2.222222222222222;3.106666666666667;6.0;5.0;1.0;0.0;7.68888888888889;0.07777777777777771;2.1888888888888887;3.1783333333333332;6.0;6.0;1.0;0.0;6.877777777777777;0.08888888888888884;2.1444444444444444;2.5533333333333332;6.0;6.0;1.0;0.0;7.788888888888889;0.12222222222222219;2.1888888888888887;3.7316666666666674;6.0;7.0;1.0;0.0;6.844444444444445;0.11111111111111106;2.211111111111111;3.4249999999999994;6.0;7.0;1.0;0.0;7.455555555555556;0.12222222222222219;2.222222222222222;3.57;6.0;8.0;1.0;0.0;6.922222222222222;0.08888888888888884;2.233333333333333;3.41;6.0;8.0;1.0;0.0;7.422222222222223;0.12222222222222219;2.233333333333333;3.1199999999999997;6.0;9.0;1.0;0.0;6.7555555555555555;0.11111111111111106;2.1999999999999997;2.483333333333333;6.0;9.0;0.0
1.0;0.0;6.966666666666666;0.12222222222222219;2.222222222222222;3.106666666666667;6.0;5.0;1.0;0.0;7.68888888888889;0.07777777777777771;2.1888888888888887;3.1783333333333332;6.0;6.0;1.0;0.0;6.877777777777777;0.08888888888888884;2.1444444444444444;2.5533333333333332;6.0;6.0;1.0;0.0;7.788888888888889;0.12222222222222219;2.1888888888888887;3.7316666666666674;6.0;7.0;1.0;0.0;6.844444444444445;0.11111111111111106;2.211111111111111;3.4249999999999994;6.0;7.0;1.0;0.0;7.455555555555556;0.12222222222222219;2.222222222222222;3.57;6.0;8.0;1.0;0.0;6.922222222222222;0.08888888888888884;2.233333333333333;3.41;6.0;8.0;1.0;0.0;7.422222222222223;0.12222222222222219;2.233333333333333;3.1199999999999997;6.0;9.0;1.0;0.0;6.7555555555555555;0.11111111111111106;2.1999999999999997;2.483333333333333;6.0;9.0;1.0;0.0;7.377777777777779;0.11111111111111109;2.255555555555555;2.9766666666666666;6.0;10.0;0.0
1.0;0.0;7.68888888888889;0.07777777777777771;2.1888888888888887;3.1783333333333332;6.0;6.0;1.0;0.0;6.877777777777777;0.08888888888888884;2.1444444444444444;2.5533333333333332;6.0;6.0;1.0;0.0;7.788888888888889;0.12222222222222219;2.1888888888888887;3.7316666666666674;6.0;7.0;1.0;0.0;6.844444444444445;0.11111111111111106;2.211111111111111;3.4249999999999994;6.0;7.0;1.0;0.0;7.455555555555556;0.12222222222222219;2.222222222222222;3.57;6.0;8.0;1.0;0.0;6.922222222222222;0.08888888888888884;2.233333333333333;3.41;6.0;8.0;1.0;0.0;7.422222222222223;0.12222222222222219;2.233333333333333;3.1199999999999997;6.0;9.0;1.0;0.0;6.7555555555555555;0.11111111111111106;2.1999999999999997;2.483333333333333;6.0;9.0;1.0;0.0;7.377777777777779;0.11111111111111109;2.255555555555555;2.9766666666666666;6.0;10.0;1.0;0.0;6.766666666666667;0.11111111111111106;2.1555555555555554;2.481666666666667;6.0;10.0;0.0
1.0;0.0;6.877777777777777;0.08888888888888884;2.1444444444444444;2.5533333333333332;6.0;6.0;1.0;0.0;7.788888888888889;0.12222222222222219;2.1888888888888887;3.7316666666666674;6.0;7.0;1.0;0.0;6.844444444444445;0.11111111111111106;2.211111111111111;3.4249999999999994;6.0;7.0;1.0;0.0;7.455555555555556;0.12222222222222219;2.222222222222222;3.57;6.0;8.0;1.0;0.0;6.922222222222222;0.08888888888888884;2.233333333333333;3.41;6.0;8.0;1.0;0.0;7.422222222222223;0.12222222222222219;2.233333333333333;3.1199999999999997;6.0;9.0;1.0;0.0;6.7555555555555555;0.11111111111111106;2.1999999999999997;2.483333333333333;6.0;9.0;1.0;0.0;7.377777777777779;0.11111111111111109;2.255555555555555;2.9766666666666666;6.0;10.0;1.0;0.0;6.766666666666667;0.11111111111111106;2.1555555555555554;2.481666666666667;6.0;10.0;1.0;0.0;7.622222222222223;0.11111111111111106;2.2777777777777772;4.034999999999999;6.0;11.0;0.0
1.0;0.0;7.788888888888889;0.12222222222222219;2.1888888888888887;3.7316666666666674;6.0;7.0;1.0;0.0;6.844444444444445;0.11111111111111106;2.211111111111111;3.4249999999999994;6.0;7.0;1.0;0.0;7.455555555555556;0.12222222222222219;2.222222222222222;3.57;6.0;8.0;1.0;0.0;6.922222222222222;0.08888888888888884;2.233333333333333;3.41;6.0;8.0;1.0;0.0;7.422222222222223;0.12222222222222219;2.233333333333333;3.1199999999999997;6.0;9.0;1.0;0.0;6.7555555555555555;0.11111111111111106;2.1999999999999997;2.483333333333333;6.0;9.0;1.0;0.0;7.377777777777779;0.11111111111111109;2.255555555555555;2.9766666666666666;6.0;10.0;1.0;0.0;6.766666666666667;0.11111111111111106;2.1555555555555554;2.481666666666667;6.0;10.0;1.0;0.0;7.622222222222223;0.11111111111111106;2.2777777777777772;4.034999999999999;6.0;11.0;1.0;0.0;6.877777777777777;0.11111111111111106;2.233333333333333;3.1933333333333334;6.0;11.0;0.0
1.0;0.0;6.844444444444445;0.11111111111111106;2.211111111111111;3.4249999999999994;6.0;7.0;1.0;0.0;7.455555555555556;0.12222222222222219;2.222222222222222;3.57;6.0;8.0;1.0;0.0;6.922222222222222;0.08888888888888884;2.233333333333333;3.41;6.0;8.0;1.0;0.0;7.422222222222223;0.12222222222222219;2.233333333333333;3.1199999999999997;6.0;9.0;1.0;0.0;6.7555555555555555;0.11111111111111106;2.1999999999999997;2.483333333333333;6.0;9.0;1.0;0.0;7.377777777777779;0.11111111111111109;2.255555555555555;2.9766666666666666;6.0;10.0;1.0;0.0;6.766666666666667;0.11111111111111106;2.1555555555555554;2.481666666666667;6.0;10.0;1.0;0.0;7.622222222222223;0.11111111111111106;2.2777777777777772;4.034999999999999;6.0;11.0;1.0;0.0;6.877777777777777;0.11111111111111106;2.233333333333333;3.1933333333333334;6.0;11.0;1.0;0.0;7.466666666666668;0.11111111111111109;2.1999999999999997;3.0199999999999996;6.0;12.0;0.0
1.0;0.0;7.455555555555556;0.12222222222222219;2.222222222222222;3.57;6.0;8.0;1.0;0.0;6.922222222222222;0.08888888888888884;2.233333333333333;3.41;6.0;8.0;1.0;0.0;7.422222222222223;0.12222222222222219;2.233333333333333;3.1199999999999997;6.0;9.0;1.0;0.0;6.7555555555555555;0.11111111111111106;2.1999999999999997;2.483333333333333;6.0;9.0;1.0;0.0;7.377777777777779;0.11111111111111109;2.255555555555555;2.9766666666666666;6.0;10.0;1.0;0.0;6.766666666666667;0.11111111111111106;2.1555555555555554;2.481666666666667;6.0;10.0;1.0;0.0;7.622222222222223;0.11111111111111106;2.2777777777777772;4.034999999999999;6.0;11.0;1.0;0.0;6.877777777777777;0.11111111111111106;2.233333333333333;3.1933333333333334;6.0;11.0;1.0;0.0;7.466666666666668;0.11111111111111109;2.1999999999999997;3.0199999999999996;6.0;12.0;1.0;0.0;6.911111111111111;0.09999999999999994;2.211111111111111;3.8166666666666664;6.0;12.0;0.0
1.0;0.0;6.922222222222222;0.08888888888888884;2.233333333333333;3.41;6.0;8.0;1.0;0.0;7.422222222222223;0.12222222222222219;2.233333333333333;3.1199999999999997;6.0;9.0;1.0;0.0;6.7555555555555555;0.11111111111111106;2.1999999999999997;2.483333333333333;6.0;9.0;1.0;0.0;7.377777777777779;0.11111111111111109;2.255555555555555;2.9766666666666666;6.0;10.0;1.0;0.0;6.766666666666667;0.11111111111111106;2.1555555555555554;2.481666666666667;6.0;10.0;1.0;0.0;7.622222222222223;0.11111111111111106;2.2777777777777772;4.034999999999999;6.0;11.0;1.0;0.0;6.877777777777777;0.11111111111111106;2.233333333333333;3.1933333333333334;6.0;11.0;1.0;0.0;7.466666666666668;0.11111111111111109;2.1999999999999997;3.0199999999999996;6.0;12.0;1.0;0.0;6.911111111111111;0.09999999999999994;2.211111111111111;3.8166666666666664;6.0;12.0;1.0;0.0;7.944444444444444;0.12222222222222219;2.1999999999999997;3.67;6.0;13.0;0.0
1.0;0.0;7.422222222222223;0.12222222222222219;2.233333333333333;3.1199999999999997;6.0;9.0;1.0;0.0;6.7555555555555555;0.11111111111111106;2.1999999999999997;2.483333333333333;6.0;9.0;1.0;0.0;7.377777777777779;0.11111111111111109;2.255555555555555;2.9766666666666666;6.0;10.0;1.0;0.0;6.766666666666667;0.11111111111111106;2.1555555555555554;2.481666666666667;6.0;10.0;1.0;0.0;7.622222222222223;0.11111111111111106;2.2777777777777772;4.034999999999999;6.0;11.0;1.0;0.0;6.877777777777777;0.11111111111111106;2.233333333333333;3.1933333333333334;6.0;11.0;1.0;0.0;7.466666666666668;0.11111111111111109;2.1999999999999997;3.0199999999999996;6.0;12.0;1.0;0.0;6.911111111111111;0.09999999999999994;2.211111111111111;3.8166666666666664;6.0;12.0;1.0;0.0;7.944444444444444;0.12222222222222219;2.1999999999999997;3.67;6.0;13.0;1.0;0.0;6.933333333333334;0.11111111111111106;2.1777777777777776;2.8000000000000003;6.0;13.0;0.0
1.0;0.0;6.7555555555555555;0.11111111111111106;2.1999999999999997;2.483333333333333;6.0;9.0;1.0;0.0;7.377777777777779;0.11111111111111109;2.255555555555555;2.9766666666666666;6.0;10.0;1.0;0.0;6.766666666666667;0.11111111111111106;2.1555555555555554;2.481666666666667;6.0;10.0;1.0;0.0;7.622222222222223;0.11111111111111106;2.2777777777777772;4.034999999999999;6.0;11.0;1.0;0.0;6.877777777777777;0.11111111111111106;2.233333333333333;3.1933333333333334;6.0;11.0;1.0;0.0;7.466666666666668;0.11111111111111109;2.1999999999999997;3.0199999999999996;6.0;12.0;1.0;0.0;6.911111111111111;0.09999999999999994;2.211111111111111;3.8166666666666664;6.0;12.0;1.0;0.0;7.944444444444444;0.12222222222222219;2.1999999999999997;3.67;6.0;13.0;1.0;0.0;6.933333333333334;0.11111111111111106;2.1777777777777776;2.8000000000000003;6.0;13.0;1.0;0.0;7.666666666666667;0.12222222222222219;2.233333333333333;3.978333333333333;6.0;14.0;0.0
1.0;0.0;7.377777777777779;0.11111111111111109;2.255555555555555;2.9766666666666666;6.0;10.0;1.0;0.0;6.766666666666667;0.11111111111111106;2.1555555555555554;2.481666666666667;6.0;10.0;1.0;0.0;7.622222222222223;0.11111111111111106;2.2777777777777772;4.034999999999999;6.0;11.0;1.0;0.0;6.877777777777777;0.11111111111111106;2.233333333333333;3.1933333333333334;6.0;11.0;1.0;0.0;7.466666666666668;0.11111111111111109;2.1999999999999997;3.0199999999999996;6.0;12.0;1.0;0.0;6.911111111111111;0.09999999999999994;2.211111111111111;3.8166666666666664;6.0;12.0;1.0;0.0;7.944444444444444;0.12222222222222219;2.1999999999999997;3.67;6.0;13.0;1.0;0.0;6.933333333333334;0.11111111111111106;2.1777777777777776;2.8000000000000003;6.0;13.0;1.0;0.0;7.666666666666667;0.12222222222222219;2.233333333333333;3.978333333333333;6.0;14.0;1.0;0.0;7.022222222222222;0.11111111111111106;2.1777777777777776;2.758333333333333;6.0;14.0;0.0
1.0;0.0;6.766666666666667;0.11111111111111106;2.1555555555555554;2.481666666666667;6.0;10.0;1.0;0.0;7.622222222222223;0.11111111111111106;2.2777777777777772;4.034999999999999;6.0;11.0;1.0;0.0;6.877777777777777;0.11111111111111106;2.233333333333333;3.1933333333333334;6.0;11.0;1.0;0.0;7.466666666666668;0.11111111111111109;2.1999999999999997;3.0199999999999996;6.0;12.0;1.0;0.0;6.911111111111111;0.09999999999999994;2.211111111111111;3.8166666666666664;6.0;12.0;1.0;0.0;7.944444444444444;0.12222222222222219;2.1999999999999997;3.67;6.0;13.0;1.0;0.0;6.933333333333334;0.11111111111111106;2.1777777777777776;2.8000000000000003;6.0;13.0;1.0;0.0;7.666666666666667;0.12222222222222219;2.233333333333333;3.978333333333333;6.0;14.0;1.0;0.0;7.022222222222222;0.11111111111111106;2.1777777777777776;2.758333333333333;6.0;14.0;1.0;0.0;7.511111111111112;0.1333333333333333;2.1888888888888887;2.8016666666666663;6.0;15.0;0.0
1.0;0.0;7.622222222222223;0.11111111111111106;2.2777777777777772;4.034999999999999;6.0;11.0;1.0;0.0;6.877777777777777;0.11111111111111106;2.233333333333333;3.1933333333333334;6.0;11.0;1.0;0.0;7.466666666666668;0.11111111111111109;2.1999999999999997;3.0199999999999996;6.0;12.0;1.0;0.0;6.911111111111111;0.09999999999999994;2.211111111111111;3.8166666666666664;6.0;12.0;1.0;0.0;7.944444444444444;0.12222222222222219;2.1999999999999997;3.67;6.0;13.0;1.0;0.0;6.933333333333334;0.11111111111111106;2.1777777777777776;2.8000000000000003;6.0;13.0;1.0;0.0;7.666666666666667;0.12222222222222219;2.233333333333333;3.978333333333333;6.0;14.0;1.0;0.0;7.022222222222222;0.11111111111111106;2.1777777777777776;2.758333333333333;6.0;14.0;1.0;0.0;7.511111111111112;0.1333333333333333;2.1888888888888887;2.8016666666666663;6.0;15.0;1.0;0.0;6.977777777777778;0.11111111111111106;2.211111111111111;4.223333333333334;6.0;15.0;0.0
1.0;0.0;6.877777777777777;0.11111111111111106;2.233333333333333;3.1933333333333334;6.0;11.0;1.0;0.0;7.466666666666668;0.11111111111111109;2.1999999999999997;3.0199999999999996;6.0;12.0;1.0;0.0;6.911111111111111;0.09999999999999994;2.211111111111111;3.8166666666666664;6.0;12.0;1.0;0.0;7.944444444444444;0.12222222222222219;2.1999999999999997;3.67;6.0;13.0;1.0;0.0;6.933333333333334;0.11111111111111106;2.1777777777777776;2.8000000000000003;6.0;13.0;1.0;0.0;7.666666666666667;0.12222222222222219;2.233333333333333;3.978333333333333;6.0;14.0;1.0;0.0;7.022222222222222;0.11111111111111106;2.1777777777777776;2.758333333333333;6.0;14.0;1.0;0.0;7.511111111111112;0.1333333333333333;2.1888888888888887;2.8016666666666663;6.0;15.0;1.0;0.0;6.977777777777778;0.11111111111111106;2.211111111111111;4.223333333333334;6.0;15.0;1.0;0.0;7.800000000000001;0.08888888888888884;2.222222222222222;3.8616666666666664;6.0;16.0;0.0
1.0;0.0;7.466666666666668;0.11111111111111109;2.1999999999999997;3.0199999999999996;6.0;12.0;1.0;0.0;6.911111111111111;0.09999999999999994;2.211111111111111;3.8166666666666664;6.0;12.0;1.0;0.0;7.944444444444444;0.12222222222222219;2.1999999999999997;3.67;6.0;13.0;1.0;0.0;6.933333333333334;0.11111111111111106;2.1777777777777776;2.8000000000000003;6.0;13.0;1.0;0.0;7.666666666666667;0.12222222222222219;2.233333333333333;3.978333333333333;6.0;14.0;1.0;0.0;7.022222222222222;0.11111111111111106;2.1777777777777776;2.758333333333333;6.0;14.0;1.0;0.0;7.511111111111112;0.1333333333333333;2.1888888888888887;2.8016666666666663;6.0;15.0;1.0;0.0;6.977777777777778;0.11111111111111106;2.211111111111111;4.223333333333334;6.0;15.0;1.0;0.0;7.800000000000001;0.08888888888888884;2.222222222222222;3.8616666666666664;6.0;16.0;1.0;0.0;7.233333333333333;0.07777777777777771;2.1555555555555554;3.41;6.0;16.0;0.0
1.0;0.0;6.911111111111111;0.09999999999999994;2.211111111111111;3.8166666666666664;6.0;12.0;1.0;0.0;7.944444444444444;0.12222222222222219;2.1999999999999997;3.67;6.0;13.0;1.0;0.0;6.933333333333334;0.11111111111111106;2.1777777777777776;2.8000000000000003;6.0;13.0;1.0;0.0;7.666666666666667;0.12222222222222219;2.233333333333333;3.978333333333333;6.0;14.0;1.0;0.0;7.022222222222222;0.11111111111111106;2.1777777777777776;2.758333333333333;6.0;14.0;1.0;0.0;7.511111111111112;0.1333333333333333;2.1888888888888887;2.8016666666666663;6.0;15.0;1.0;0.0;6.977777777777778;0.11111111111111106;2.211111111111111;4.223333333333334;6.0;15.0;1.0;0.0;7.800000000000001;0.08888888888888884;2.222222222222222;3.8616666666666664;6.0;16.0;1.0;0.0;7.233333333333333;0.07777777777777771;2.1555555555555554;3.41;6.0;16.0;1.0;0.0;7.3;0.08888888888888884;2.211111111111111;3.831666666666667;6.0;17.0;0.0
1.0;0.0;7.944444444444444;0.12222222222222219;2.1999999999999997;3.67;6.0;13.0;1.0;0.0;6.933333333333334;0.11111111111111106;2.1777777777777776;2.8000000000000003;6.0;13.0;1.0;0.0;7.666666666666667;0.12222222222222219;2.233333333333333;3.978333333333333;6.0;14.0;1.0;0.0;7.022222222222222;0.11111111111111106;2.1777777777777776;2.758333333333333;6.0;14.0;1.0;0.0;7.511111111111112;0.1333333333333333;2.1888888888888887;2.8016666666666663;6.0;15.0;1.0;0.0;6.977777777777778;0.11111111111111106;2.211111111111111;4.223333333333334;6.0;15.0;1.0;0.0;7.800000000000001;0.08888888888888884;2.222222222222222;3.8616666666666664;6.0;16.0;1.0;0.0;7.233333333333333;0.07777777777777771;2.1555555555555554;3.41;6.0;16.0;1.0;0.0;7.3;0.08888888888888884;2.211111111111111;3.831666666666667;6.0;17.0;1.0;0.0;6.711111111111112;0.0666666666666666;2.1777777777777776;3.3250000000000006;6.0;17.0;0.0
1.0;0.0;6.933333333333334;0.11111111111111106;2.1777777777777776;2.8000000000000003;6.0;13.0;1.0;0.0;7.666666666666667;0.12222222222222219;2.233333333333333;3.978333333333333;6.0;14.0;1.0;0.0;7.022222222222222;0.11111111111111106;2.1777777777777776;2.758333333333333;6.0;14.0;1.0;0.0;7.511111111111112;0.1333333333333333;2.1888888888888887;2.8016666666666663;6.0;15.0;1.0;0.0;6.977777777777778;0.11111111111111106;2.211111111111111;4.223333333333334;6.0;15.0;1.0;0.0;7.800000000000001;0.08888888888888884;2.222222222222222;3.8616666666666664;6.0;16.0;1.0;0.0;7.233333333333333;0.07777777777777771;2.1555555555555554;3.41;6.0;16.0;1.0;0.0;7.3;0.08888888888888884;2.211111111111111;3.831666666666667;6.0;17.0;1.0;0.0;6.711111111111112;0.0666666666666666;2.1777777777777776;3.3250000000000006;6.0;17.0;1.0;0.0;7.466666666666668;0.11111111111111109;2.1555555555555554;2.51;6.0;18.0;0.0
1.0;0.0;7.666666666666667;0.12222222222222219;2.233333333333333;3.978333333333333;6.0;14.0;1.0;0.0;7.022222222222222;0.11111111111111106;2.1777777777777776;2.758333333333333;6.0;14.0;1.0;0.0;7.511111111111112;0.1333333333333333;2.1888888888888887;2.8016666666666663;6.0;15.0;1.0;0.0;6.977777777777778;0.11111111111111106;2.211111111111111;4.223333333333334;6.0;15.0;1.0;0.0;7.800000000000001;0.08888888888888884;2.222222222222222;3.8616666666666664;6.0;16.0;1.0;0.0;7.233333333333333;0.07777777777777771;2.1555555555555554;3.41;6.0;16.0;1.0;0.0;7.3;0.08888888888888884;2.211111111111111;3.831666666666667;6.0;17.0;1.0;0.0;6.711111111111112;0.0666666666666666;2.1777777777777776;3.3250000000000006;6.0;17.0;1.0;0.0;7.466666666666668;0.11111111111111109;2.1555555555555554;2.51;6.0;18.0;1.0;0.0;6.733333333333334;0.0666666666666666;2.1555555555555554;2.9183333333333334;6.0;18.0;0.0
1.0;0.0;7.022222222222222;0.11111111111111106;2.1777777777777776;2.758333333333333;6.0;14.0;1.0;0.0;7.511111111111112;0.1333333333333333;2.1888888888888887;2.8016666666666663;6.0;15.0;1.0;0.0;6.977777777777778;0.11111111111111106;2.211111111111111;4.223333333333334;6.0;15.0;1.0;0.0;7.800000000000001;0.08888888888888884;2.222222222222222;3.8616666666666664;6.0;16.0;1.0;0.0;7.233333333333333;0.07777777777777771;2.1555555555555554;3.41;6.0;16.0;1.0;0.0;7.3;0.08888888888888884;2.211111111111111;3.831666666666667;6.0;17.0;1.0;0.0;6.711111111111112;0.0666666666666666;2.1777777777777776;3.3250000000000006;6.0;17.0;1.0;0.0;7.466666666666668;0.11111111111111109;2.1555555555555554;2.51;6.0;18.0;1.0;0.0;6.733333333333334;0.0666666666666666;2.1555555555555554;2.9183333333333334;6.0;18.0;1.0;0.0;7.9444444444444455;0.07777777777777771;2.1666666666666665;2.5833333333333335;6.0;19.0;0.0
1.0;0.0;7.511111111111112;0.1333333333333333;2.1888888888888887;2.8016666666666663;6.0;15.0;1.0;0.0;6.977777777777778;0.11111111111111106;2.211111111111111;4.223333333333334;6.0;15.0;1.0;0.0;7.800000000000001;0.08888888888888884;2.222222222222222;3.8616666666666664;6.0;16.0;1.0;0.0;7.233333333333333;0.07777777777777771;2.1555555555555554;3.41;6.0;16.0;1.0;0.0;7.3;0.08888888888888884;2.211111111111111;3.831666666666667;6.0;17.0;1.0;0.0;6.711111111111112;0.0666666666666666;2.1777777777777776;3.3250000000000006;6.0;17.0;1.0;0.0;7.466666666666668;0.11111111111111109;2.1555555555555554;2.51;6.0;18.0;1.0;0.0;6.733333333333334;0.0666666666666666;2.1555555555555554;2.9183333333333334;6.0;18.0;1.0;0.0;7.9444444444444455;0.07777777777777771;2.1666666666666665;2.5833333333333335;6.0;19.0;1.0;0.0;6.766666666666666;0.0666666666666666;2.1777777777777776;3.061666666666666;6.0;19.0;0.0
1.0;0.0;6.977777777777778;0.11111111111111106;2.211111111111111;4.223333333333334;6.0;15.0;1.0;0.0;7.800000000000001;0.08888888888888884;2.222222222222222;3.8616666666666664;6.0;16.0;1.0;0.0;7.233333333333333;0.07777777777777771;2.1555555555555554;3.41;6.0;16.0;1.0;0.0;7.3;0.08888888888888884;2.211111111111111;3.831666666666667;6.0;17.0;1.0;0.0;6.711111111111112;0.0666666666666666;2.1777777777777776;3.3250000000000006;6.0;17.0;1.0;0.0;7.466666666666668;0.11111111111111109;2.1555555555555554;2.51;6.0;18.0;1.0;0.0;6.733333333333334;0.0666666666666666;2.1555555555555554;2.9183333333333334;6.0;18.0;1.0;0.0;7.9444444444444455;0.07777777777777771;2.1666666666666665;2.5833333333333335;6.0;19.0;1.0;0.0;6.766666666666666;0.0666666666666666;2.1777777777777776;3.061666666666666;6.0;19.0;1.0;0.0;7.555555555555556;0.07777777777777771;2.1666666666666665;2.7300000000000004;6.0;20.0;0.0
1.0;0.0;7.800000000000001;0.08888888888888884;2.222222222222222;3.8616666666666664;6.0;16.0;1.0;0.0;7.233333333333333;0.07777777777777771;2.1555555555555554;3.41;6.0;16.0;1.0;0.0;7.3;0.08888888888888884;2.211111111111111;3.831666666666667;6.0;17.0;1.0;0.0;6.711111111111112;0.0666666666666666;2.1777777777777776;3.3250000000000006;6.0;17.0;1.0;0.0;7.466666666666668;0.11111111111111109;2.1555555555555554;2.51;6.0;18.0;1.0;0.0;6.733333333333334;0.0666666666666666;2.1555555555555554;2.9183333333333334;6.0;18.0;1.0;0.0;7.9444444444444455;0.07777777777777771;2.1666666666666665;2.5833333333333335;6.0;19.0;1.0;0.0;6.766666666666666;0.0666666666666666;2.1777777777777776;3.061666666666666;6.0;19.0;1.0;0.0;7.555555555555556;0.07777777777777771;2.1666666666666665;2.7300000000000004;6.0;20.0;1.0;0.0;7.155555555555555;0.0666666666666666;2.1888888888888887;3.528333333333333;6.0;20.0;0.0
1.0;0.0;7.233333333333333;0.07777777777777771;2.1555555555555554;3.41;6.0;16.0;1.0;0.0;7.3;0.08888888888888884;2.211111111111111;3.831666666666667;6.0;17.0;1.0;0.0;6.711111111111112;0.0666666666666666;2.1777777777777776;3.3250000000000006;6.0;17.0;1.0;0.0;7.466666666666668;0.11111111111111109;2.1555555555555554;2.51;6.0;18.0;1.0;0.0;6.733333333333334;0.0666666666666666;2.1555555555555554;2.9183333333333334;6.0;18.0;1.0;0.0;7.9444444444444455;0.07777777777777771;2.1666666666666665;2.5833333333333335;6.0;19.0;1.0;0.0;6.766666666666666;0.0666666666666666;2.1777777777777776;3.061666666666666;6.0;19.0;1.0;0.0;7.555555555555556;0.07777777777777771;2.1666666666666665;2.7300000000000004;6.0;20.0;1.0;0.0;7.155555555555555;0.0666666666666666;2.1888888888888887;3.528333333333333;6.0;20.0;1.0;0.0;7.711111111111111;0.07777777777777771;2.1999999999999997;4.295;6.0;21.0;0.0
1.0;0.0;7.3;0.08888888888888884;2.211111111111111;3.831666666666667;6.0;17.0;1.0;0.0;6.711111111111112;0.0666666666666666;2.1777777777777776;3.3250000000000006;6.0;17.0;1.0;0.0;7.466666666666668;0.11111111111111109;2.1555555555555554;2.51;6.0;18.0;1.0;0.0;6.733333333333334;0.0666666666666666;2.1555555555555554;2.9183333333333334;6.0;18.0;1.0;0.0;7.9444444444444455;0.07777777777777771;2.1666666666666665;2.5833333333333335;6.0;19.0;1.0;0.0;6.766666666666666;0.0666666666666666;2.1777777777777776;3.061666666666666;6.0;19.0;1.0;0.0;7.555555555555556;0.07777777777777771;2.1666666666666665;2.7300000000000004;6.0;20.0;1.0;0.0;7.155555555555555;0.0666666666666666;2.1888888888888887;3.528333333333333;6.0;20.0;1.0;0.0;7.711111111111111;0.07777777777777771;2.1999999999999997;4.295;6.0;21.0;1.0;0.0;7.222222222222221;0.0666666666666666;2.1222222222222222;2.8000000000000003;6.0;21.0;0.0
1.0;0.0;6.711111111111112;0.0666666666666666;2.1777777777777776;3.3250000000000006;6.0;17.0;1.0;0.0;7.466666666666668;0.11111111111111109;2.1555555555555554;2.51;6.0;18.0;1.0;0.0;6.733333333333334;0.0666666666666666;2.1555555555555554;2.9183333333333334;6.0;18.0;1.0;0.0;7.9444444444444455;0.07777777777777771;2.1666666666666665;2.5833333333333335;6.0;19.0;1.0;0.0;6.766666666666666;0.0666666666666666;2.1777777777777776;3.061666666666666;6.0;19.0;1.0;0.0;7.555555555555556;0.07777777777777771;2.1666666666666665;2.7300000000000004;6.0;20.0;1.0;0.0;7.155555555555555;0.0666666666666666;2.1888888888888887;3.528333333333333;6.0;20.0;1.0;0.0;7.711111111111111;0.07777777777777771;2.1999999999999997;4.295;6.0;21.0;1.0;0.0;7.222222222222221;0.0666666666666666;2.1222222222222222;2.8000000000000003;6.0;21.0;1.0;0.0;8.266666666666667;0.07777777777777771;2.1555555555555554;3.016666666666667;6.0;22.0;0.0
1.0;0.0;7.466666666666668;0.11111111111111109;2.1555555555555554;2.51;6.0;18.0;1.0;0.0;6.733333333333334;0.0666666666666666;2.1555555555555554;2.9183333333333334;6.0;18.0;1.0;0.0;7.9444444444444455;0.07777777777777771;2.1666666666666665;2.5833333333333335;6.0;19.0;1.0;0.0;6.766666666666666;0.0666666666666666;2.1777777777777776;3.061666666666666;6.0;19.0;1.0;0.0;7.555555555555556;0.07777777777777771;2.1666666666666665;2.7300000000000004;6.0;20.0;1.0;0.0;7.155555555555555;0.0666666666666666;2.1888888888888887;3.528333333333333;6.0;20.0;1.0;0.0;7.711111111111111;0.07777777777777771;2.1999999999999997;4.295;6.0;21.0;1.0;0.0;7.222222222222221;0.0666666666666666;2.1222222222222222;2.8000000000000003;6.0;21.0;1.0;0.0;8.266666666666667;0.07777777777777771;2.1555555555555554;3.016666666666667;6.0;22.0;1.0;0.0;8.011111111111111;0.0666666666666666;2.0555555555555554;3.265;6.0;22.0;0.0
1.0;0.0;6.733333333333334;0.0666666666666666;2.1555555555555554;2.9183333333333334;6.0;18.0;1.0;0.0;7.9444444444444455;0.07777777777777771;2.1666666666666665;2.5833333333333335;6.0;19.0;1.0;0.0;6.766666666666666;0.0666666666666666;2.1777777777777776;3.061666666666666;6.0;19.0;1.0;0.0;7.555555555555556;0.07777777777777771;2.1666666666666665;2.7300000000000004;6.0;20.0;1.0;0.0;7.155555555555555;0.0666666666666666;2.1888888888888887;3.528333333333333;6.0;20.0;1.0;0.0;7.711111111111111;0.07777777777777771;2.1999999999999997;4.295;6.0;21.0;1.0;0.0;7.222222222222221;0.0666666666666666;2.1222222222222222;2.8000000000000003;6.0;21.0;1.0;0.0;8.266666666666667;0.07777777777777771;2.1555555555555554;3.016666666666667;6.0;22.0;1.0;0.0;8.011111111111111;0.0666666666666666;2.0555555555555554;3.265;6.0;22.0;1.0;0.0;8.144444444444444;0.07777777777777771;2.1444444444444444;3.2383333333333333;6.0;23.0;0.0
1.0;0.0;7.9444444444444455;0.07777777777777771;2.1666666666666665;2.5833333333333335;6.0;19.0;1.0;0.0;6.766666666666666;0.0666666666666666;2.1777777777777776;3.061666666666666;6.0;19.0;1.0;0.0;7.555555555555556;0.07777777777777771;2.1666666666666665;2.7300000000000004;6.0;20.0;1.0;0.0;7.155555555555555;0.0666666666666666;2.1888888888888887;3.528333333333333;6.0;20.0;1.0;0.0;7.711111111111111;0.07777777777777771;2.1999999999999997;4.295;6.0;21.0;1.0;0.0;7.222222222222221;0.0666666666666666;2.1222222222222222;2.8000000000000003;6.0;21.0;1.0;0.0;8.266666666666667;0.07777777777777771;2.1555555555555554;3.016666666666667;6.0;22.0;1.0;0.0;8.011111111111111;0.0666666666666666;2.0555555555555554;3.265;6.0;22.0;1.0;0.0;8.144444444444444;0.07777777777777771;2.1444444444444444;3.2383333333333333;6.0;23.0;1.0;0.0;6.833333333333332;0.0666666666666666;2.1333333333333333;2.5116666666666667;6.0;23.0;0.0
1.0;0.0;6.766666666666666;0.0666666666666666;2.1777777777777776;3.061666666666666;6.0;19.0;1.0;0.0;7.555555555555556;0.07777777777777771;2.1666666666666665;2.7300000000000004;6.0;20.0;1.0;0.0;7.155555555555555;0.0666666666666666;2.1888888888888887;3.528333333333333;6.0;20.0;1.0;0.0;7.711111111111111;0.07777777777777771;2.1999999999999997;4.295;6.0;21.0;1.0;0.0;7.222222222222221;0.0666666666666666;2.1222222222222222;2.8000000000000003;6.0;21.0;1.0;0.0;8.266666666666667;0.07777777777777771;2.1555555555555554;3.016666666666667;6.0;22.0;1.0;0.0;8.011111111111111;0.0666666666666666;2.0555555555555554;3.265;6.0;22.0;1.0;0.0;8.144444444444444;0.07777777777777771;2.1444444444444444;3.2383333333333333;6.0;23.0;1.0;0.0;6.833333333333332;0.0666666666666666;2.1333333333333333;2.5116666666666667;6.0;23.0;1.0333333333333334;0.0;7.674603174603174;0.07777777777777771;2.1666666666666665;3.3666666666666667;0.0;0.0;0.0
1.0;0.0;7.555555555555556;0.07777777777777771;2.1666666666666665;2.7300000000000004;6.0;20.0;1.0;0.0;7.155555555555555;0.0666666666666666;2.1888888888888887;3.528333333333333;6.0;20.0;1.0;0.0;7.711111111111111;0.07777777777777771;2.1999999999999997;4.295;6.0;21.0;1.0;0.0;7.222222222222221;0.0666666666666666;2.1222222222222222;2.8000000000000003;6.0;21.0;1.0;0.0;8.266666666666667;0.07777777777777771;2.1555555555555554;3.016666666666667;6.0;22.0;1.0;0.0;8.011111111111111;0.0666666666666666;2.0555555555555554;3.265;6.0;22.0;1.0;0.0;8.144444444444444;0.07777777777777771;2.1444444444444444;3.2383333333333333;6.0;23.0;1.0;0.0;6.833333333333332;0.0666666666666666;2.1333333333333333;2.5116666666666667;6.0;23.0;1.0333333333333334;0.0;7.674603174603174;0.07777777777777771;2.1666666666666665;3.3666666666666667;0.0;0.0;1.0;0.0;7.2;0.07777777777777771;2.1999999999999997;4.53;0.0;0.0;0.0
1.0;0.0;7.155555555555555;0.0666666666666666;2.1888888888888887;3.528333333333333;6.0;20.0;1.0;0.0;7.711111111111111;0.07777777777777771;2.1999999999999997;4.295;6.0;21.0;1.0;0.0;7.222222222222221;0.0666666666666666;2.1222222222222222;2.8000000000000003;6.0;21.0;1.0;0.0;8.266666666666667;0.07777777777777771;2.1555555555555554;3.016666666666667;6.0;22.0;1.0;0.0;8.011111111111111;0.0666666666666666;2.0555555555555554;3.265;6.0;22.0;1.0;0.0;8.144444444444444;0.07777777777777771;2.1444444444444444;3.2383333333333333;6.0;23.0;1.0;0.0;6.833333333333332;0.0666666666666666;2.1333333333333333;2.5116666666666667;6.0;23.0;1.0333333333333334;0.0;7.674603174603174;0.07777777777777771;2.1666666666666665;3.3666666666666667;0.0;0.0;1.0;0.0;7.2;0.07777777777777771;2.1999999999999997;4.53;0.0;0.0;1.0;0.0;7.733333333333333;0.09999999999999994;2.1999999999999997;3.2516666666666665;0.0;1.0;0.0
1.0;0.0;7.711111111111111;0.07777777777777771;2.1999999999999997;4.295;6.0;21.0;1.0;0.0;7.222222222222221;0.0666666666666666;2.1222222222222222;2.8000000000000003;6.0;21.0;1.0;0.0;8.266666666666667;0.07777777777777771;2.1555555555555554;3.016666666666667;6.0;22.0;1.0;0.0;8.011111111111111;0.0666666666666666;2.0555555555555554;3.265;6.0;22.0;1.0;0.0;8.144444444444444;0.07777777777777771;2.1444444444444444;3.2383333333333333;6.0;23.0;1.0;0.0;6.833333333333332;0.0666666666666666;2.1333333333333333;2.5116666666666667;6.0;23.0;1.0333333333333334;0.0;7.674603174603174;0.07777777777777771;2.1666666666666665;3.3666666666666667;0.0;0.0;1.0;0.0;7.2;0.07777777777777771;2.1999999999999997;4.53;0.0;0.0;1.0;0.0;7.733333333333333;0.09999999999999994;2.1999999999999997;3.2516666666666665;0.0;1.0;1.0;0.0;7.033333333333332;0.11111111111111109;2.111111111111111;4.238333333333333;0.0;1.0;0.0
1.0;0.0;7.222222222222221;0.0666666666666666;2.1222222222222222;2.8000000000000003;6.0;21.0;1.0;0.0;8.266666666666667;0.07777777777777771;2.1555555555555554;3.016666666666667;6.0;22.0;1.0;0.0;8.011111111111111;0.0666666666666666;2.0555555555555554;3.265;6.0;22.0;1.0;0.0;8.144444444444444;0.07777777777777771;2.1444444444444444;3.2383333333333333;6.0;23.0;1.0;0.0;6.833333333333332;0.0666666666666666;2.1333333333333333;2.5116666666666667;6.0;23.0;1.0333333333333334;0.0;7.674603174603174;0.07777777777777771;2.1666666666666665;3.3666666666666667;0.0;0.0;1.0;0.0;7.2;0.07777777777777771;2.1999999999999997;4.53;0.0;0.0;1.0;0.0;7.733333333333333;0.09999999999999994;2.1999999999999997;3.2516666666666665;0.0;1.0;1.0;0.0;7.033333333333332;0.11111111111111109;2.111111111111111;4.238333333333333;0.0;1.0;1.2666666666666666;0.0;38.67777777777777;6.211111111111111;2.3000000000000003;6.603333333333333;0.0;2.0;0.0
1.0;0.0;8.266666666666667;0.07777777777777771;2.1555555555555554;3.016666666666667;6.0;22.0;1.0;0.0;8.011111111111111;0.0666666666666666;2.0555555555555554;3.265;6.0;22.0;1.0;0.0;8.144444444444444;0.07777777777777771;2.1444444444444444;3.2383333333333333;6.0;23.0;1.0;0.0;6.833333333333332;0.0666666666666666;2.1333333333333333;2.5116666666666667;6.0;23.0;1.0333333333333334;0.0;7.674603174603174;0.07777777777777771;2.1666666666666665;3.3666666666666667;0.0;0.0;1.0;0.0;7.2;0.07777777777777771;2.1999999999999997;4.53;0.0;0.0;1.0;0.0;7.733333333333333;0.09999999999999994;2.1999999999999997;3.2516666666666665;0.0;1.0;1.0;0.0;7.033333333333332;0.11111111111111109;2.111111111111111;4.238333333333333;0.0;1.0;1.2666666666666666;0.0;38.67777777777777;6.211111111111111;2.3000000000000003;6.603333333333333;0.0;2.0;1.0;0.0;7.044444444444444;0.08888888888888884;2.1555555555555554;3.1783333333333332;0.0;2.0;0.0
1.0;0.0;8.011111111111111;0.0666666666666666;2.0555555555555554;3.265;6.0;22.0;1.0;0.0;8.144444444444444;0.07777777777777771;2.1444444444444444;3.2383333333333333;6.0;23.0;1.0;0.0;6.833333333333332;0.0666666666666666;2.1333333333333333;2.5116666666666667;6.0;23.0;1.0333333333333334;0.0;7.674603174603174;0.07777777777777771;2.1666666666666665;3.3666666666666667;0.0;0.0;1.0;0.0;7.2;0.07777777777777771;2.1999999999999997;4.53;0.0;0.0;1.0;0.0;7.733333333333333;0.09999999999999994;2.1999999999999997;3.2516666666666665;0.0;1.0;1.0;0.0;7.033333333333332;0.11111111111111109;2.111111111111111;4.238333333333333;0.0;1.0;1.2666666666666666;0.0;38.67777777777777;6.211111111111111;2.3000000000000003;6.603333333333333;0.0;2.0;1.0;0.0;7.044444444444444;0.08888888888888884;2.1555555555555554;3.1783333333333332;0.0;2.0;1.0;0.0;7.7;0.09999999999999994;2.222222222222222;2.858333333333333;0.0;3.0;0.0
1.0;0.0;8.144444444444444;0.07777777777777771;2.1444444444444444;3.2383333333333333;6.0;23.0;1.0;0.0;6.833333333333332;0.0666666666666666;2.1333333333333333;2.5116666666666667;6.0;23.0;1.0333333333333334;0.0;7.674603174603174;0.07777777777777771;2.1666666666666665;3.3666666666666667;0.0;0.0;1.0;0.0;7.2;0.07777777777777771;2.1999999999999997;4.53;0.0;0.0;1.0;0.0;7.733333333333333;0.09999999999999994;2.1999999999999997;3.2516666666666665;0.0;1.0;1.0;0.0;7.033333333333332;0.11111111111111109;2.111111111111111;4.238333333333333;0.0;1.0;1.2666666666666666;0.0;38.67777777777777;6.211111111111111;2.3000000000000003;6.603333333333333;0.0;2.0;1.0;0.0;7.044444444444444;0.08888888888888884;2.1555555555555554;3.1783333333333332;0.0;2.0;1.0;0.0;7.7;0.09999999999999994;2.222222222222222;2.858333333333333;0.0;3.0;1.0;0.0;7.277777777777778;0.09999999999999994;2.1888888888888887;3.0766666666666667;0.0;3.0;0.0
1.0;0.0;6.833333333333332;0.0666666666666666;2.1333333333333333;2.5116666666666667;6.0;23.0;1.0333333333333334;0.0;7.674603174603174;0.07777777777777771;2.1666666666666665;3.3666666666666667;0.0;0.0;1.0;0.0;7.2;0.07777777777777771;2.1999999999999997;4.53;0.0;0.0;1.0;0.0;7.733333333333333;0.09999999999999994;2.1999999999999997;3.2516666666666665;0.0;1.0;1.0;0.0;7.033333333333332;0.11111111111111109;2.111111111111111;4.238333333333333;0.0;1.0;1.2666666666666666;0.0;38.67777777777777;6.211111111111111;2.3000000000000003;6.603333333333333;0.0;2.0;1.0;0.0;7.044444444444444;0.08888888888888884;2.1555555555555554;3.1783333333333332;0.0;2.0;1.0;0.0;7.7;0.09999999999999994;2.222222222222222;2.858333333333333;0.0;3.0;1.0;0.0;7.277777777777778;0.09999999999999994;2.1888888888888887;3.0766666666666667;0.0;3.0;1.0;0.0;7.7555555555555555;0.11111111111111106;2.1999999999999997;2.7733333333333334;0.0;4.0;0.0
1.0333333333333334;0.0;7.674603174603174;0.07777777777777771;2.1666666666666665;3.3666666666666667;0.0;0.0;1.0;0.0;7.2;0.07777777777777771;2.1999999999999997;4.53;0.0;0.0;1.0;0.0;7.733333333333333;0.09999999999999994;2.1999999999999997;3.2516666666666665;0.0;1.0;1.0;0.0;7.033333333333332;0.11111111111111109;2.111111111111111;4.238333333333333;0.0;1.0;1.2666666666666666;0.0;38.67777777777777;6.211111111111111;2.3000000000000003;6.603333333333333;0.0;2.0;1.0;0.0;7.044444444444444;0.08888888888888884;2.1555555555555554;3.1783333333333332;0.0;2.0;1.0;0.0;7.7;0.09999999999999994;2.222222222222222;2.858333333333333;0.0;3.0;1.0;0.0;7.277777777777778;0.09999999999999994;2.1888888888888887;3.0766666666666667;0.0;3.0;1.0;0.0;7.7555555555555555;0.11111111111111106;2.1999999999999997;2.7733333333333334;0.0;4.0;1.0;0.0;7.066666666666666;0.09999999999999994;2.1999999999999997;3.4116666666666666;0.0;4.0;0.0
1.0;0.0;7.2;0.07777777777777771;2.1999999999999997;4.53;0.0;0.0;1.0;0.0;7.733333333333333;0.09999999999999994;2.1999999999999997;3.2516666666666665;0.0;1.0;1.0;0.0;7.033333333333332;0.11111111111111109;2.111111111111111;4.238333333333333;0.0;1.0;1.2666666666666666;0.0;38.67777777777777;6.211111111111111;2.3000000000000003;6.603333333333333;0.0;2.0;1.0;0.0;7.044444444444444;0.08888888888888884;2.1555555555555554;3.1783333333333332;0.0;2.0;1.0;0.0;7.7;0.09999999999999994;2.222222222222222;2.858333333333333;0.0;3.0;1.0;0.0;7.277777777777778;0.09999999999999994;2.1888888888888887;3.0766666666666667;0.0;3.0;1.0;0.0;7.7555555555555555;0.11111111111111106;2.1999999999999997;2.7733333333333334;0.0;4.0;1.0;0.0;7.066666666666666;0.09999999999999994;2.1999999999999997;3.4116666666666666;0.0;4.0;1.0;0.0;8.044444444444444;0.09999999999999994;2.1777777777777776;3.1183333333333336;0.0;5.0;0.0
1.0;0.0;7.733333333333333;0.09999999999999994;2.1999999999999997;3.2516666666666665;0.0;1.0;1.0;0.0;7.033333333333332;0.11111111111111109;2.111111111111111;4.238333333333333;0.0;1.0;1.2666666666666666;0.0;38.67777777777777;6.211111111111111;2.3000000000000003;6.603333333333333;0.0;2.0;1.0;0.0;7.044444444444444;0.08888888888888884;2.1555555555555554;3.1783333333333332;0.0;2.0;1.0;0.0;7.7;0.09999999999999994;2.222222222222222;2.858333333333333;0.0;3.0;1.0;0.0;7.277777777777778;0.09999999999999994;2.1888888888888887;3.0766666666666667;0.0;3.0;1.0;0.0;7.7555555555555555;0.11111111111111106;2.1999999999999997;2.7733333333333334;0.0;4.0;1.0;0.0;7.066666666666666;0.09999999999999994;2.1999999999999997;3.4116666666666666;0.0;4.0;1.0;0.0;8.044444444444444;0.09999999999999994;2.1777777777777776;3.1183333333333336;0.0;5.0;1.0;0.0;6.855555555555555;0.08888888888888884;2.1888888888888887;3.1649999999999996;0.0;5.0;0.0
1.0;0.0;7.033333333333332;0.11111111111111109;2.111111111111111;4.238333333333333;0.0;1.0;1.2666666666666666;0.0;38.67777777777777;6.211111111111111;2.3000000000000003;6.603333333333333;0.0;2.0;1.0;0.0;7.044444444444444;0.08888888888888884;2.1555555555555554;3.1783333333333332;0.0;2.0;1.0;0.0;7.7;0.09999999999999994;2.222222222222222;2.858333333333333;0.0;3.0;1.0;0.0;7.277777777777778;0.09999999999999994;2.1888888888888887;3.0766666666666667;0.0;3.0;1.0;0.0;7.7555555555555555;0.11111111111111106;2.1999999999999997;2.7733333333333334;0.0;4.0;1.0;0.0;7.066666666666666;0.09999999999999994;2.1999999999999997;3.4116666666666666;0.0;4.0;1.0;0.0;8.044444444444444;0.09999999999999994;2.1777777777777776;3.1183333333333336;0.0;5.0;1.0;0.0;6.855555555555555;0.08888888888888884;2.1888888888888887;3.1649999999999996;0.0;5.0;1.0;0.0;7.7555555555555555;0.08888888888888884;2.222222222222222;2.901666666666667;0.0;6.0;0.0
1.2666666666666666;0.0;38.67777777777777;6.211111111111111;2.3000000000000003;6.603333333333333;0.0;2.0;1.0;0.0;7.044444444444444;0.08888888888888884;2.1555555555555554;3.1783333333333332;0.0;2.0;1.0;0.0;7.7;0.09999999999999994;2.222222222222222;2.858333333333333;0.0;3.0;1.0;0.0;7.277777777777778;0.09999999999999994;2.1888888888888887;3.0766666666666667;0.0;3.0;1.0;0.0;7.7555555555555555;0.11111111111111106;2.1999999999999997;2.7733333333333334;0.0;4.0;1.0;0.0;7.066666666666666;0.09999999999999994;2.1999999999999997;3.4116666666666666;0.0;4.0;1.0;0.0;8.044444444444444;0.09999999999999994;2.1777777777777776;3.1183333333333336;0.0;5.0;1.0;0.0;6.855555555555555;0.08888888888888884;2.1888888888888887;3.1649999999999996;0.0;5.0;1.0;0.0;7.7555555555555555;0.08888888888888884;2.222222222222222;2.901666666666667;0.0;6.0;1.0;0.0;7.022222222222223;0.08888888888888884;2.1666666666666665;2.12;0.0;6.0;0.0
1.0;0.0;7.044444444444444;0.08888888888888884;2.1555555555555554;3.1783333333333332;0.0;2.0;1.0;0.0;7.7;0.09999999999999994;2.222222222222222;2.858333333333333;0.0;3.0;1.0;0.0;7.277777777777778;0.09999999999999994;2.1888888888888887;3.0766666666666667;0.0;3.0;1.0;0.0;7.7555555555555555;0.11111111111111106;2.1999999999999997;2.7733333333333334;0.0;4.0;1.0;0.0;7.066666666666666;0.09999999999999994;2.1999999999999997;3.4116666666666666;0.0;4.0;1.0;0.0;8.044444444444444;0.09999999999999994;2.1777777777777776;3.1183333333333336;0.0;5.0;1.0;0.0;6.855555555555555;0.08888888888888884;2.1888888888888887;3.1649999999999996;0.0;5.0;1.0;0.0;7.7555555555555555;0.08888888888888884;2.222222222222222;2.901666666666667;0.0;6.0;1.0;0.0;7.022222222222223;0.08888888888888884;2.1666666666666665;2.12;0.0;6.0;1.0;0.0;7.500000000000001;0.09999999999999994;2.211111111111111;3.2366666666666664;0.0;7.0;0.0
1.0;0.0;7.7;0.09999999999999994;2.222222222222222;2.858333333333333;0.0;3.0;1.0;0.0;7.277777777777778;0.09999999999999994;2.1888888888888887;3.0766666666666667;0.0;3.0;1.0;0.0;7.7555555555555555;0.11111111111111106;2.1999999999999997;2.7733333333333334;0.0;4.0;1.0;0.0;7.066666666666666;0.09999999999999994;2.1999999999999997;3.4116666666666666;0.0;4.0;1.0;0.0;8.044444444444444;0.09999999999999994;2.1777777777777776;3.1183333333333336;0.0;5.0;1.0;0.0;6.855555555555555;0.08888888888888884;2.1888888888888887;3.1649999999999996;0.0;5.0;1.0;0.0;7.7555555555555555;0.08888888888888884;2.222222222222222;2.901666666666667;0.0;6.0;1.0;0.0;7.022222222222223;0.08888888888888884;2.1666666666666665;2.12;0.0;6.0;1.0;0.0;7.500000000000001;0.09999999999999994;2.211111111111111;3.2366666666666664;0.0;7.0;1.0;0.0;7.011111111111112;0.11111111111111106;2.1666666666666665;3.003333333333334;0.0;7.0;0.0
1.0;0.0;7.277777777777778;0.09999999999999994;2.1888888888888887;3.0766666666666667;0.0;3.0;1.0;0.0;7.7555555555555555;0.11111111111111106;2.1999999999999997;2.7733333333333334;0.0;4.0;1.0;0.0;7.066666666666666;0.09999999999999994;2.1999999999999997;3.4116666666666666;0.0;4.0;1.0;0.0;8.044444444444444;0.09999999999999994;2.1777777777777776;3.1183333333333336;0.0;5.0;1.0;0.0;6.855555555555555;0.08888888888888884;2.1888888888888887;3.1649999999999996;0.0;5.0;1.0;0.0;7.7555555555555555;0.08888888888888884;2.222222222222222;2.901666666666667;0.0;6.0;1.0;0.0;7.022222222222223;0.08888888888888884;2.1666666666666665;2.12;0.0;6.0;1.0;0.0;7.500000000000001;0.09999999999999994;2.211111111111111;3.2366666666666664;0.0;7.0;1.0;0.0;7.011111111111112;0.11111111111111106;2.1666666666666665;3.003333333333334;0.0;7.0;1.0;0.0;7.5;0.11111111111111109;2.1666666666666665;3.481666666666667;0.0;8.0;0.0
1.0;0.0;7.7555555555555555;0.11111111111111106;2.1999999999999997;2.7733333333333334;0.0;4.0;1.0;0.0;7.066666666666666;0.09999999999999994;2.1999999999999997;3.4116666666666666;0.0;4.0;1.0;0.0;8.044444444444444;0.09999999999999994;2.1777777777777776;3.1183333333333336;0.0;5.0;1.0;0.0;6.855555555555555;0.08888888888888884;2.1888888888888887;3.1649999999999996;0.0;5.0;1.0;0.0;7.7555555555555555;0.08888888888888884;2.222222222222222;2.901666666666667;0.0;6.0;1.0;0.0;7.022222222222223;0.08888888888888884;2.1666666666666665;2.12;0.0;6.0;1.0;0.0;7.500000000000001;0.09999999999999994;2.211111111111111;3.2366666666666664;0.0;7.0;1.0;0.0;7.011111111111112;0.11111111111111106;2.1666666666666665;3.003333333333334;0.0;7.0;1.0;0.0;7.5;0.11111111111111109;2.1666666666666665;3.481666666666667;0.0;8.0;1.0;0.0;7.077777777777778;0.08888888888888884;2.1888888888888887;4.191666666666667;0.0;8.0;0.0
1.0;0.0;7.066666666666666;0.09999999999999994;2.1999999999999997;3.4116666666666666;0.0;4.0;1.0;0.0;8.044444444444444;0.09999999999999994;2.1777777777777776;3.1183333333333336;0.0;5.0;1.0;0.0;6.855555555555555;0.08888888888888884;2.1888888888888887;3.1649999999999996;0.0;5.0;1.0;0.0;7.7555555555555555;0.08888888888888884;2.222222222222222;2.901666666666667;0.0;6.0;1.0;0.0;7.022222222222223;0.08888888888888884;2.1666666666666665;2.12;0.0;6.0;1.0;0.0;7.500000000000001;0.09999999999999994;2.211111111111111;3.2366666666666664;0.0;7.0;1.0;0.0;7.011111111111112;0.11111111111111106;2.1666666666666665;3.003333333333334;0.0;7.0;1.0;0.0;7.5;0.11111111111111109;2.1666666666666665;3.481666666666667;0.0;8.0;1.0;0.0;7.077777777777778;0.08888888888888884;2.1888888888888887;4.191666666666667;0.0;8.0;1.0;0.0;7.577777777777777;0.08888888888888884;2.1444444444444444;3.1783333333333332;0.0;9.0;0.0
1.0;0.0;8.044444444444444;0.09999999999999994;2.1777777777777776;3.1183333333333336;0.0;5.0;1.0;0.0;6.855555555555555;0.08888888888888884;2.1888888888888887;3.1649999999999996;0.0;5.0;1.0;0.0;7.7555555555555555;0.08888888888888884;2.222222222222222;2.901666666666667;0.0;6.0;1.0;0.0;7.022222222222223;0.08888888888888884;2.1666666666666665;2.12;0.0;6.0;1.0;0.0;7.500000000000001;0.09999999999999994;2.211111111111111;3.2366666666666664;0.0;7.0;1.0;0.0;7.011111111111112;0.11111111111111106;2.1666666666666665;3.003333333333334;0.0;7.0;1.0;0.0;7.5;0.11111111111111109;2.1666666666666665;3.481666666666667;0.0;8.0;1.0;0.0;7.077777777777778;0.08888888888888884;2.1888888888888887;4.191666666666667;0.0;8.0;1.0;0.0;7.577777777777777;0.08888888888888884;2.1444444444444444;3.1783333333333332;0.0;9.0;1.0;0.0;6.966666666666668;0.09999999999999994;2.1333333333333333;3.18;0.0;9.0;0.0
1.0;0.0;6.855555555555555;0.08888888888888884;2.1888888888888887;3.1649999999999996;0.0;5.0;1.0;0.0;7.7555555555555555;0.08888888888888884;2.222222222222222;2.901666666666667;0.0;6.0;1.0;0.0;7.022222222222223;0.08888888888888884;2.1666666666666665;2.12;0.0;6.0;1.0;0.0;7.500000000000001;0.09999999999999994;2.211111111111111;3.2366666666666664;0.0;7.0;1.0;0.0;7.011111111111112;0.11111111111111106;2.1666666666666665;3.003333333333334;0.0;7.0;1.0;0.0;7.5;0.11111111111111109;2.1666666666666665;3.481666666666667;0.0;8.0;1.0;0.0;7.077777777777778;0.08888888888888884;2.1888888888888887;4.191666666666667;0.0;8.0;1.0;0.0;7.577777777777777;0.08888888888888884;2.1444444444444444;3.1783333333333332;0.0;9.0;1.0;0.0;6.966666666666668;0.09999999999999994;2.1333333333333333;3.18;0.0;9.0;1.0;0.0;7.644444444444445;0.07777777777777771;2.0777777777777775;2.888333333333333;0.0;10.0;0.0
1.0;0.0;7.7555555555555555;0.08888888888888884;2.222222222222222;2.901666666666667;0.0;6.0;1.0;0.0;7.022222222222223;0.08888888888888884;2.1666666666666665;2.12;0.0;6.0;1.0;0.0;7.500000000000001;0.09999999999999994;2.211111111111111;3.2366666666666664;0.0;7.0;1.0;0.0;7.011111111111112;0.11111111111111106;2.1666666666666665;3.003333333333334;0.0;7.0;1.0;0.0;7.5;0.11111111111111109;2.1666666666666665;3.481666666666667;0.0;8.0;1.0;0.0;7.077777777777778;0.08888888888888884;2.1888888888888887;4.191666666666667;0.0;8.0;1.0;0.0;7.577777777777777;0.08888888888888884;2.1444444444444444;3.1783333333333332;0.0;9.0;1.0;0.0;6.966666666666668;0.09999999999999994;2.1333333333333333;3.18;0.0;9.0;1.0;0.0;7.644444444444445;0.07777777777777771;2.0777777777777775;2.888333333333333;0.0;10.0;1.0;0.0;6.955555555555556;0.0666666666666666;2.033333333333333;3.496666666666666;0.0;10.0;0.0
1.0;0.0;7.022222222222223;0.08888888888888884;2.1666666666666665;2.12;0.0;6.0;1.0;0.0;7.500000000000001;0.09999999999999994;2.211111111111111;3.2366666666666664;0.0;7.0;1.0;0.0;7.011111111111112;0.11111111111111106;2.1666666666666665;3.003333333333334;0.0;7.0;1.0;0.0;7.5;0.11111111111111109;2.1666666666666665;3.481666666666667;0.0;8.0;1.0;0.0;7.077777777777778;0.08888888888888884;2.1888888888888887;4.191666666666667;0.0;8.0;1.0;0.0;7.577777777777777;0.08888888888888884;2.1444444444444444;3.1783333333333332;0.0;9.0;1.0;0.0;6.966666666666668;0.09999999999999994;2.1333333333333333;3.18;0.0;9.0;1.0;0.0;7.644444444444445;0.07777777777777771;2.0777777777777775;2.888333333333333;0.0;10.0;1.0;0.0;6.955555555555556;0.0666666666666666;2.033333333333333;3.496666666666666;0.0;10.0;1.0;0.0;7.644444444444445;0.11111111111111106;2.1;3.83;0.0;11.0;0.0
1.0;0.0;7.500000000000001;0.09999999999999994;2.211111111111111;3.2366666666666664;0.0;7.0;1.0;0.0;7.011111111111112;0.11111111111111106;2.1666666666666665;3.003333333333334;0.0;7.0;1.0;0.0;7.5;0.11111111111111109;2.1666666666666665;3.481666666666667;0.0;8.0;1.0;0.0;7.077777777777778;0.08888888888888884;2.1888888888888887;4.191666666666667;0.0;8.0;1.0;0.0;7.577777777777777;0.08888888888888884;2.1444444444444444;3.1783333333333332;0.0;9.0;1.0;0.0;6.966666666666668;0.09999999999999994;2.1333333333333333;3.18;0.0;9.0;1.0;0.0;7.644444444444445;0.07777777777777771;2.0777777777777775;2.888333333333333;0.0;10.0;1.0;0.0;6.955555555555556;0.0666666666666666;2.033333333333333;3.496666666666666;0.0;10.0;1.0;0.0;7.644444444444445;0.11111111111111106;2.1;3.83;0.0;11.0;1.0;0.0;6.966666666666666;0.08888888888888884;2.077777777777778;4.1466666666666665;0.0;11.0;0.0
1.0;0.0;7.011111111111112;0.11111111111111106;2.1666666666666665;3.003333333333334;0.0;7.0;1.0;0.0;7.5;0.11111111111111109;2.1666666666666665;3.481666666666667;0.0;8.0;1.0;0.0;7.077777777777778;0.08888888888888884;2.1888888888888887;4.191666666666667;0.0;8.0;1.0;0.0;7.577777777777777;0.08888888888888884;2.1444444444444444;3.1783333333333332;0.0;9.0;1.0;0.0;6.966666666666668;0.09999999999999994;2.1333333333333333;3.18;0.0;9.0;1.0;0.0;7.644444444444445;0.07777777777777771;2.0777777777777775;2.888333333333333;0.0;10.0;1.0;0.0;6.955555555555556;0.0666666666666666;2.033333333333333;3.496666666666666;0.0;10.0;1.0;0.0;7.644444444444445;0.11111111111111106;2.1;3.83;0.0;11.0;1.0;0.0;6.966666666666666;0.08888888888888884;2.077777777777778;4.1466666666666665;0.0;11.0;1.0;0.0;7.677777777777778;0.09999999999999994;2.0444444444444447;3.7583333333333333;0.0;12.0;0.0
1.0;0.0;7.5;0.11111111111111109;2.1666666666666665;3.481666666666667;0.0;8.0;1.0;0.0;7.077777777777778;0.08888888888888884;2.1888888888888887;4.191666666666667;0.0;8.0;1.0;0.0;7.577777777777777;0.08888888888888884;2.1444444444444444;3.1783333333333332;0.0;9.0;1.0;0.0;6.966666666666668;0.09999999999999994;2.1333333333333333;3.18;0.0;9.0;1.0;0.0;7.644444444444445;0.07777777777777771;2.0777777777777775;2.888333333333333;0.0;10.0;1.0;0.0;6.955555555555556;0.0666666666666666;2.033333333333333;3.496666666666666;0.0;10.0;1.0;0.0;7.644444444444445;0.11111111111111106;2.1;3.83;0.0;11.0;1.0;0.0;6.966666666666666;0.08888888888888884;2.077777777777778;4.1466666666666665;0.0;11.0;1.0;0.0;7.677777777777778;0.09999999999999994;2.0444444444444447;3.7583333333333333;0.0;12.0;1.0;0.0;7.455555555555556;0.08888888888888884;2.0444444444444443;3.1316666666666664;0.0;12.0;0.0
1.0;0.0;7.077777777777778;0.08888888888888884;2.1888888888888887;4.191666666666667;0.0;8.0;1.0;0.0;7.577777777777777;0.08888888888888884;2.1444444444444444;3.1783333333333332;0.0;9.0;1.0;0.0;6.966666666666668;0.09999999999999994;2.1333333333333333;3.18;0.0;9.0;1.0;0.0;7.644444444444445;0.07777777777777771;2.0777777777777775;2.888333333333333;0.0;10.0;1.0;0.0;6.955555555555556;0.0666666666666666;2.033333333333333;3.496666666666666;0.0;10.0;1.0;0.0;7.644444444444445;0.11111111111111106;2.1;3.83;0.0;11.0;1.0;0.0;6.966666666666666;0.08888888888888884;2.077777777777778;4.1466666666666665;0.0;11.0;1.0;0.0;7.677777777777778;0.09999999999999994;2.0444444444444447;3.7583333333333333;0.0;12.0;1.0;0.0;7.455555555555556;0.08888888888888884;2.0444444444444443;3.1316666666666664;0.0;12.0;1.0;0.0;7.81111111111111;0.09999999999999994;2.1;3.941666666666667;0.0;13.0;0.0
1.0;0.0;7.577777777777777;0.08888888888888884;2.1444444444444444;3.1783333333333332;0.0;9.0;1.0;0.0;6.966666666666668;0.09999999999999994;2.1333333333333333;3.18;0.0;9.0;1.0;0.0;7.644444444444445;0.07777777777777771;2.0777777777777775;2.888333333333333;0.0;10.0;1.0;0.0;6.955555555555556;0.0666666666666666;2.033333333333333;3.496666666666666;0.0;10.0;1.0;0.0;7.644444444444445;0.11111111111111106;2.1;3.83;0.0;11.0;1.0;0.0;6.966666666666666;0.08888888888888884;2.077777777777778;4.1466666666666665;0.0;11.0;1.0;0.0;7.677777777777778;0.09999999999999994;2.0444444444444447;3.7583333333333333;0.0;12.0;1.0;0.0;7.455555555555556;0.08888888888888884;2.0444444444444443;3.1316666666666664;0.0;12.0;1.0;0.0;7.81111111111111;0.09999999999999994;2.1;3.941666666666667;0.0;13.0;1.0;0.0;7.088888888888889;0.09999999999999994;2.1;3.0883333333333334;0.0;13.0;0.0
1.0;0.0;6.966666666666668;0.09999999999999994;2.1333333333333333;3.18;0.0;9.0;1.0;0.0;7.644444444444445;0.07777777777777771;2.0777777777777775;2.888333333333333;0.0;10.0;1.0;0.0;6.955555555555556;0.0666666666666666;2.033333333333333;3.496666666666666;0.0;10.0;1.0;0.0;7.644444444444445;0.11111111111111106;2.1;3.83;0.0;11.0;1.0;0.0;6.966666666666666;0.08888888888888884;2.077777777777778;4.1466666666666665;0.0;11.0;1.0;0.0;7.677777777777778;0.09999999999999994;2.0444444444444447;3.7583333333333333;0.0;12.0;1.0;0.0;7.455555555555556;0.08888888888888884;2.0444444444444443;3.1316666666666664;0.0;12.0;1.0;0.0;7.81111111111111;0.09999999999999994;2.1;3.941666666666667;0.0;13.0;1.0;0.0;7.088888888888889;0.09999999999999994;2.1;3.0883333333333334;0.0;13.0;1.0;0.0;7.711111111111112;0.12222222222222219;2.1;3.434999999999999;0.0;14.0;0.0
1.0;0.0;7.644444444444445;0.07777777777777771;2.0777777777777775;2.888333333333333;0.0;10.0;1.0;0.0;6.955555555555556;0.0666666666666666;2.033333333333333;3.496666666666666;0.0;10.0;1.0;0.0;7.644444444444445;0.11111111111111106;2.1;3.83;0.0;11.0;1.0;0.0;6.966666666666666;0.08888888888888884;2.077777777777778;4.1466666666666665;0.0;11.0;1.0;0.0;7.677777777777778;0.09999999999999994;2.0444444444444447;3.7583333333333333;0.0;12.0;1.0;0.0;7.455555555555556;0.08888888888888884;2.0444444444444443;3.1316666666666664;0.0;12.0;1.0;0.0;7.81111111111111;0.09999999999999994;2.1;3.941666666666667;0.0;13.0;1.0;0.0;7.088888888888889;0.09999999999999994;2.1;3.0883333333333334;0.0;13.0;1.0;0.0;7.711111111111112;0.12222222222222219;2.1;3.434999999999999;0.0;14.0;1.0;0.0;6.911111111111111;0.07777777777777771;2.0666666666666664;4.03;0.0;14.0;0.0
1.0;0.0;6.955555555555556;0.0666666666666666;2.033333333333333;3.496666666666666;0.0;10.0;1.0;0.0;7.644444444444445;0.11111111111111106;2.1;3.83;0.0;11.0;1.0;0.0;6.966666666666666;0.08888888888888884;2.077777777777778;4.1466666666666665;0.0;11.0;1.0;0.0;7.677777777777778;0.09999999999999994;2.0444444444444447;3.7583333333333333;0.0;12.0;1.0;0.0;7.455555555555556;0.08888888888888884;2.0444444444444443;3.1316666666666664;0.0;12.0;1.0;0.0;7.81111111111111;0.09999999999999994;2.1;3.941666666666667;0.0;13.0;1.0;0.0;7.088888888888889;0.09999999999999994;2.1;3.0883333333333334;0.0;13.0;1.0;0.0;7.711111111111112;0.12222222222222219;2.1;3.434999999999999;0.0;14.0;1.0;0.0;6.911111111111111;0.07777777777777771;2.0666666666666664;4.03;0.0;14.0;1.0;0.0;7.977777777777777;0.11111111111111106;2.088888888888889;2.9883333333333333;0.0;15.0;0.0
1.0;0.0;7.644444444444445;0.11111111111111106;2.1;3.83;0.0;11.0;1.0;0.0;6.966666666666666;0.08888888888888884;2.077777777777778;4.1466666666666665;0.0;11.0;1.0;0.0;7.677777777777778;0.09999999999999994;2.0444444444444447;3.7583333333333333;0.0;12.0;1.0;0.0;7.455555555555556;0.08888888888888884;2.0444444444444443;3.1316666666666664;0.0;12.0;1.0;0.0;7.81111111111111;0.09999999999999994;2.1;3.941666666666667;0.0;13.0;1.0;0.0;7.088888888888889;0.09999999999999994;2.1;3.0883333333333334;0.0;13.0;1.0;0.0;7.711111111111112;0.12222222222222219;2.1;3.434999999999999;0.0;14.0;1.0;0.0;6.911111111111111;0.07777777777777771;2.0666666666666664;4.03;0.0;14.0;1.0;0.0;7.977777777777777;0.11111111111111106;2.088888888888889;2.9883333333333333;0.0;15.0;1.0;0.0;7.533333333333332;0.12222222222222219;2.088888888888889;2.3333333333333335;0.0;15.0;0.0
1.0;0.0;6.966666666666666;0.08888888888888884;2.077777777777778;4.1466666666666665;0.0;11.0;1.0;0.0;7.677777777777778;0.09999999999999994;2.0444444444444447;3.7583333333333333;0.0;12.0;1.0;0.0;7.455555555555556;0.08888888888888884;2.0444444444444443;3.1316666666666664;0.0;12.0;1.0;0.0;7.81111111111111;0.09999999999999994;2.1;3.941666666666667;0.0;13.0;1.0;0.0;7.088888888888889;0.09999999999999994;2.1;3.0883333333333334;0.0;13.0;1.0;0.0;7.711111111111112;0.12222222222222219;2.1;3.434999999999999;0.0;14.0;1.0;0.0;6.911111111111111;0.07777777777777771;2.0666666666666664;4.03;0.0;14.0;1.0;0.0;7.977777777777777;0.11111111111111106;2.088888888888889;2.9883333333333333;0.0;15.0;1.0;0.0;7.533333333333332;0.12222222222222219;2.088888888888889;2.3333333333333335;0.0;15.0;1.0;0.0;8.022222222222222;0.11111111111111106;2.1222222222222222;4.176666666666667;0.0;16.0;0.0
1.0;0.0;7.677777777777778;0.09999999999999994;2.0444444444444447;3.7583333333333333;0.0;12.0;1.0;0.0;7.455555555555556;0.08888888888888884;2.0444444444444443;3.1316666666666664;0.0;12.0;1.0;0.0;7.81111111111111;0.09999999999999994;2.1;3.941666666666667;0.0;13.0;1.0;0.0;7.088888888888889;0.09999999999999994;2.1;3.0883333333333334;0.0;13.0;1.0;0.0;7.711111111111112;0.12222222222222219;2.1;3.434999999999999;0.0;14.0;1.0;0.0;6.911111111111111;0.07777777777777771;2.0666666666666664;4.03;0.0;14.0;1.0;0.0;7.977777777777777;0.11111111111111106;2.088888888888889;2.9883333333333333;0.0;15.0;1.0;0.0;7.533333333333332;0.12222222222222219;2.088888888888889;2.3333333333333335;0.0;15.0;1.0;0.0;8.022222222222222;0.11111111111111106;2.1222222222222222;4.176666666666667;0.0;16.0;1.0;0.0;7.211111111111111;0.08888888888888884;2.0555555555555554;2.6249999999999996;0.0;16.0;0.0
1.0;0.0;7.455555555555556;0.08888888888888884;2.0444444444444443;3.1316666666666664;0.0;12.0;1.0;0.0;7.81111111111111;0.09999999999999994;2.1;3.941666666666667;0.0;13.0;1.0;0.0;7.088888888888889;0.09999999999999994;2.1;3.0883333333333334;0.0;13.0;1.0;0.0;7.711111111111112;0.12222222222222219;2.1;3.434999999999999;0.0;14.0;1.0;0.0;6.911111111111111;0.07777777777777771;2.0666666666666664;4.03;0.0;14.0;1.0;0.0;7.977777777777777;0.11111111111111106;2.088888888888889;2.9883333333333333;0.0;15.0;1.0;0.0;7.533333333333332;0.12222222222222219;2.088888888888889;2.3333333333333335;0.0;15.0;1.0;0.0;8.022222222222222;0.11111111111111106;2.1222222222222222;4.176666666666667;0.0;16.0;1.0;0.0;7.211111111111111;0.08888888888888884;2.0555555555555554;2.6249999999999996;0.0;16.0;1.0;0.0;7.877777777777779;0.1333333333333333;2.0666666666666664;2.9266666666666663;0.0;17.0;0.0
1.0;0.0;7.81111111111111;0.09999999999999994;2.1;3.941666666666667;0.0;13.0;1.0;0.0;7.088888888888889;0.09999999999999994;2.1;3.0883333333333334;0.0;13.0;1.0;0.0;7.711111111111112;0.12222222222222219;2.1;3.434999999999999;0.0;14.0;1.0;0.0;6.911111111111111;0.07777777777777771;2.0666666666666664;4.03;0.0;14.0;1.0;0.0;7.977777777777777;0.11111111111111106;2.088888888888889;2.9883333333333333;0.0;15.0;1.0;0.0;7.533333333333332;0.12222222222222219;2.088888888888889;2.3333333333333335;0.0;15.0;1.0;0.0;8.022222222222222;0.11111111111111106;2.1222222222222222;4.176666666666667;0.0;16.0;1.0;0.0;7.211111111111111;0.08888888888888884;2.0555555555555554;2.6249999999999996;0.0;16.0;1.0;0.0;7.877777777777779;0.1333333333333333;2.0666666666666664;2.9266666666666663;0.0;17.0;1.0;0.0;7.277777777777778;0.08888888888888884;2.0555555555555554;2.9283333333333332;0.0;17.0;0.0
1.0;0.0;7.088888888888889;0.09999999999999994;2.1;3.0883333333333334;0.0;13.0;1.0;0.0;7.711111111111112;0.12222222222222219;2.1;3.434999999999999;0.0;14.0;1.0;0.0;6.911111111111111;0.07777777777777771;2.0666666666666664;4.03;0.0;14.0;1.0;0.0;7.977777777777777;0.11111111111111106;2.088888888888889;2.9883333333333333;0.0;15.0;1.0;0.0;7.533333333333332;0.12222222222222219;2.088888888888889;2.3333333333333335;0.0;15.0;1.0;0.0;8.022222222222222;0.11111111111111106;2.1222222222222222;4.176666666666667;0.0;16.0;1.0;0.0;7.211111111111111;0.08888888888888884;2.0555555555555554;2.6249999999999996;0.0;16.0;1.0;0.0;7.877777777777779;0.1333333333333333;2.0666666666666664;2.9266666666666663;0.0;17.0;1.0;0.0;7.277777777777778;0.08888888888888884;2.0555555555555554;2.9283333333333332;0.0;17.0;1.0;0.0;7.7555555555555555;0.1333333333333333;2.088888888888889;2.7699999999999996;0.0;18.0;0.0
1.0;0.0;7.711111111111112;0.12222222222222219;2.1;3.434999999999999;0.0;14.0;1.0;0.0;6.911111111111111;0.07777777777777771;2.0666666666666664;4.03;0.0;14.0;1.0;0.0;7.977777777777777;0.11111111111111106;2.088888888888889;2.9883333333333333;0.0;15.0;1.0;0.0;7.533333333333332;0.12222222222222219;2.088888888888889;2.3333333333333335;0.0;15.0;1.0;0.0;8.022222222222222;0.11111111111111106;2.1222222222222222;4.176666666666667;0.0;16.0;1.0;0.0;7.211111111111111;0.08888888888888884;2.0555555555555554;2.6249999999999996;0.0;16.0;1.0;0.0;7.877777777777779;0.1333333333333333;2.0666666666666664;2.9266666666666663;0.0;17.0;1.0;0.0;7.277777777777778;0.08888888888888884;2.0555555555555554;2.9283333333333332;0.0;17.0;1.0;0.0;7.7555555555555555;0.1333333333333333;2.088888888888889;2.7699999999999996;0.0;18.0;1.0;0.0;7.011111111111112;0.0666666666666666;2.022222222222222;3.0466666666666664;0.0;18.0;0.0
1.0;0.0;6.911111111111111;0.07777777777777771;2.0666666666666664;4.03;0.0;14.0;1.0;0.0;7.977777777777777;0.11111111111111106;2.088888888888889;2.9883333333333333;0.0;15.0;1.0;0.0;7.533333333333332;0.12222222222222219;2.088888888888889;2.3333333333333335;0.0;15.0;1.0;0.0;8.022222222222222;0.11111111111111106;2.1222222222222222;4.176666666666667;0.0;16.0;1.0;0.0;7.211111111111111;0.08888888888888884;2.0555555555555554;2.6249999999999996;0.0;16.0;1.0;0.0;7.877777777777779;0.1333333333333333;2.0666666666666664;2.9266666666666663;0.0;17.0;1.0;0.0;7.277777777777778;0.08888888888888884;2.0555555555555554;2.9283333333333332;0.0;17.0;1.0;0.0;7.7555555555555555;0.1333333333333333;2.088888888888889;2.7699999999999996;0.0;18.0;1.0;0.0;7.011111111111112;0.0666666666666666;2.022222222222222;3.0466666666666664;0.0;18.0;1.0;0.0;7.677777777777777;0.07777777777777771;2.0444444444444443;3.1183333333333336;0.0;19.0;0.0
1.0;0.0;7.977777777777777;0.11111111111111106;2.088888888888889;2.9883333333333333;0.0;15.0;1.0;0.0;7.533333333333332;0.12222222222222219;2.088888888888889;2.3333333333333335;0.0;15.0;1.0;0.0;8.022222222222222;0.11111111111111106;2.1222222222222222;4.176666666666667;0.0;16.0;1.0;0.0;7.211111111111111;0.08888888888888884;2.0555555555555554;2.6249999999999996;0.0;16.0;1.0;0.0;7.877777777777779;0.1333333333333333;2.0666666666666664;2.9266666666666663;0.0;17.0;1.0;0.0;7.277777777777778;0.08888888888888884;2.0555555555555554;2.9283333333333332;0.0;17.0;1.0;0.0;7.7555555555555555;0.1333333333333333;2.088888888888889;2.7699999999999996;0.0;18.0;1.0;0.0;7.011111111111112;0.0666666666666666;2.022222222222222;3.0466666666666664;0.0;18.0;1.0;0.0;7.677777777777777;0.07777777777777771;2.0444444444444443;3.1183333333333336;0.0;19.0;1.0;0.0;7.0;0.0666666666666666;2.0555555555555554;3.0283333333333338;0.0;19.0;0.0
1.0;0.0;7.533333333333332;0.12222222222222219;2.088888888888889;2.3333333333333335;0.0;15.0;1.0;0.0;8.022222222222222;0.11111111111111106;2.1222222222222222;4.176666666666667;0.0;16.0;1.0;0.0;7.211111111111111;0.08888888888888884;2.0555555555555554;2.6249999999999996;0.0;16.0;1.0;0.0;7.877777777777779;0.1333333333333333;2.0666666666666664;2.9266666666666663;0.0;17.0;1.0;0.0;7.277777777777778;0.08888888888888884;2.0555555555555554;2.9283333333333332;0.0;17.0;1.0;0.0;7.7555555555555555;0.1333333333333333;2.088888888888889;2.7699999999999996;0.0;18.0;1.0;0.0;7.011111111111112;0.0666666666666666;2.022222222222222;3.0466666666666664;0.0;18.0;1.0;0.0;7.677777777777777;0.07777777777777771;2.0444444444444443;3.1183333333333336;0.0;19.0;1.0;0.0;7.0;0.0666666666666666;2.0555555555555554;3.0283333333333338;0.0;19.0;1.0;0.0;7.922222222222222;0.07777777777777771;2.0444444444444447;3.1449999999999996;0.0;20.0;0.0
1.0;0.0;8.022222222222222;0.11111111111111106;2.1222222222222222;4.176666666666667;0.0;16.0;1.0;0.0;7.211111111111111;0.08888888888888884;2.0555555555555554;2.6249999999999996;0.0;16.0;1.0;0.0;7.877777777777779;0.1333333333333333;2.0666666666666664;2.9266666666666663;0.0;17.0;1.0;0.0;7.277777777777778;0.08888888888888884;2.0555555555555554;2.9283333333333332;0.0;17.0;1.0;0.0;7.7555555555555555;0.1333333333333333;2.088888888888889;2.7699999999999996;0.0;18.0;1.0;0.0;7.011111111111112;0.0666666666666666;2.022222222222222;3.0466666666666664;0.0;18.0;1.0;0.0;7.677777777777777;0.07777777777777771;2.0444444444444443;3.1183333333333336;0.0;19.0;1.0;0.0;7.0;0.0666666666666666;2.0555555555555554;3.0283333333333338;0.0;19.0;1.0;0.0;7.922222222222222;0.07777777777777771;2.0444444444444447;3.1449999999999996;0.0;20.0;1.0;0.0;7.944444444444444;0.0666666666666666;2.0444444444444443;3.1633333333333336;0.0;20.0;0.0
1.0;0.0;7.211111111111111;0.08888888888888884;2.0555555555555554;2.6249999999999996;0.0;16.0;1.0;0.0;7.877777777777779;0.1333333333333333;2.0666666666666664;2.9266666666666663;0.0;17.0;1.0;0.0;7.277777777777778;0.08888888888888884;2.0555555555555554;2.9283333333333332;0.0;17.0;1.0;0.0;7.7555555555555555;0.1333333333333333;2.088888888888889;2.7699999999999996;0.0;18.0;1.0;0.0;7.011111111111112;0.0666666666666666;2.022222222222222;3.0466666666666664;0.0;18.0;1.0;0.0;7.677777777777777;0.07777777777777771;2.0444444444444443;3.1183333333333336;0.0;19.0;1.0;0.0;7.0;0.0666666666666666;2.0555555555555554;3.0283333333333338;0.0;19.0;1.0;0.0;7.922222222222222;0.07777777777777771;2.0444444444444447;3.1449999999999996;0.0;20.0;1.0;0.0;7.944444444444444;0.0666666666666666;2.0444444444444443;3.1633333333333336;0.0;20.0;1.0;0.0;8.466666666666667;0.07777777777777771;2.0555555555555554;3.3783333333333334;0.0;21.0;0.0
1.0;0.0;7.877777777777779;0.1333333333333333;2.0666666666666664;2.9266666666666663;0.0;17.0;1.0;0.0;7.277777777777778;0.08888888888888884;2.0555555555555554;2.9283333333333332;0.0;17.0;1.0;0.0;7.7555555555555555;0.1333333333333333;2.088888888888889;2.7699999999999996;0.0;18.0;1.0;0.0;7.011111111111112;0.0666666666666666;2.022222222222222;3.0466666666666664;0.0;18.0;1.0;0.0;7.677777777777777;0.07777777777777771;2.0444444444444443;3.1183333333333336;0.0;19.0;1.0;0.0;7.0;0.0666666666666666;2.0555555555555554;3.0283333333333338;0.0;19.0;1.0;0.0;7.922222222222222;0.07777777777777771;2.0444444444444447;3.1449999999999996;0.0;20.0;1.0;0.0;7.944444444444444;0.0666666666666666;2.0444444444444443;3.1633333333333336;0.0;20.0;1.0;0.0;8.466666666666667;0.07777777777777771;2.0555555555555554;3.3783333333333334;0.0;21.0;1.0;0.0;7.2555555555555555;0.0666666666666666;2.022222222222222;2.8699999999999997;0.0;21.0;0.0
1.0;0.0;7.277777777777778;0.08888888888888884;2.0555555555555554;2.9283333333333332;0.0;17.0;1.0;0.0;7.7555555555555555;0.1333333333333333;2.088888888888889;2.7699999999999996;0.0;18.0;1.0;0.0;7.011111111111112;0.0666666666666666;2.022222222222222;3.0466666666666664;0.0;18.0;1.0;0.0;7.677777777777777;0.07777777777777771;2.0444444444444443;3.1183333333333336;0.0;19.0;1.0;0.0;7.0;0.0666666666666666;2.0555555555555554;3.0283333333333338;0.0;19.0;1.0;0.0;7.922222222222222;0.07777777777777771;2.0444444444444447;3.1449999999999996;0.0;20.0;1.0;0.0;7.944444444444444;0.0666666666666666;2.0444444444444443;3.1633333333333336;0.0;20.0;1.0;0.0;8.466666666666667;0.07777777777777771;2.0555555555555554;3.3783333333333334;0.0;21.0;1.0;0.0;7.2555555555555555;0.0666666666666666;2.022222222222222;2.8699999999999997;0.0;21.0;1.0;0.0;7.8;0.07777777777777771;2.0444444444444443;3.5683333333333334;0.0;22.0;0.0
1.0;0.0;7.7555555555555555;0.1333333333333333;2.088888888888889;2.7699999999999996;0.0;18.0;1.0;0.0;7.011111111111112;0.0666666666666666;2.022222222222222;3.0466666666666664;0.0;18.0;1.0;0.0;7.677777777777777;0.07777777777777771;2.0444444444444443;3.1183333333333336;0.0;19.0;1.0;0.0;7.0;0.0666666666666666;2.0555555555555554;3.0283333333333338;0.0;19.0;1.0;0.0;7.922222222222222;0.07777777777777771;2.0444444444444447;3.1449999999999996;0.0;20.0;1.0;0.0;7.944444444444444;0.0666666666666666;2.0444444444444443;3.1633333333333336;0.0;20.0;1.0;0.0;8.466666666666667;0.07777777777777771;2.0555555555555554;3.3783333333333334;0.0;21.0;1.0;0.0;7.2555555555555555;0.0666666666666666;2.022222222222222;2.8699999999999997;0.0;21.0;1.0;0.0;7.8;0.07777777777777771;2.0444444444444443;3.5683333333333334;0.0;22.0;1.0;0.0;7.366666666666667;0.07777777777777771;2.066666666666667;2.6666666666666665;0.0;22.0;0.0
1.0;0.0;7.011111111111112;0.0666666666666666;2.022222222222222;3.0466666666666664;0.0;18.0;1.0;0.0;7.677777777777777;0.07777777777777771;2.0444444444444443;3.1183333333333336;0.0;19.0;1.0;0.0;7.0;0.0666666666666666;2.0555555555555554;3.0283333333333338;0.0;19.0;1.0;0.0;7.922222222222222;0.07777777777777771;2.0444444444444447;3.1449999999999996;0.0;20.0;1.0;0.0;7.944444444444444;0.0666666666666666;2.0444444444444443;3.1633333333333336;0.0;20.0;1.0;0.0;8.466666666666667;0.07777777777777771;2.0555555555555554;3.3783333333333334;0.0;21.0;1.0;0.0;7.2555555555555555;0.0666666666666666;2.022222222222222;2.8699999999999997;0.0;21.0;1.0;0.0;7.8;0.07777777777777771;2.0444444444444443;3.5683333333333334;0.0;22.0;1.0;0.0;7.366666666666667;0.07777777777777771;2.066666666666667;2.6666666666666665;0.0;22.0;1.0;0.0;8.055555555555555;0.07777777777777771;2.066666666666667;3.2466666666666666;0.0;23.0;0.0
1.0;0.0;7.677777777777777;0.07777777777777771;2.0444444444444443;3.1183333333333336;0.0;19.0;1.0;0.0;7.0;0.0666666666666666;2.0555555555555554;3.0283333333333338;0.0;19.0;1.0;0.0;7.922222222222222;0.07777777777777771;2.0444444444444447;3.1449999999999996;0.0;20.0;1.0;0.0;7.944444444444444;0.0666666666666666;2.0444444444444443;3.1633333333333336;0.0;20.0;1.0;0.0;8.466666666666667;0.07777777777777771;2.0555555555555554;3.3783333333333334;0.0;21.0;1.0;0.0;7.2555555555555555;0.0666666666666666;2.022222222222222;2.8699999999999997;0.0;21.0;1.0;0.0;7.8;0.07777777777777771;2.0444444444444443;3.5683333333333334;0.0;22.0;1.0;0.0;7.366666666666667;0.07777777777777771;2.066666666666667;2.6666666666666665;0.0;22.0;1.0;0.0;8.055555555555555;0.07777777777777771;2.066666666666667;3.2466666666666666;0.0;23.0;1.0;0.0;7.266666666666668;0.0666666666666666;2.1;3.2049999999999996;0.0;23.0;0.0
1.0;0.0;7.0;0.0666666666666666;2.0555555555555554;3.0283333333333338;0.0;19.0;1.0;0.0;7.922222222222222;0.07777777777777771;2.0444444444444447;3.1449999999999996;0.0;20.0;1.0;0.0;7.944444444444444;0.0666666666666666;2.0444444444444443;3.1633333333333336;0.0;20.0;1.0;0.0;8.466666666666667;0.07777777777777771;2.0555555555555554;3.3783333333333334;0.0;21.0;1.0;0.0;7.2555555555555555;0.0666666666666666;2.022222222222222;2.8699999999999997;0.0;21.0;1.0;0.0;7.8;0.07777777777777771;2.0444444444444443;3.5683333333333334;0.0;22.0;1.0;0.0;7.366666666666667;0.07777777777777771;2.066666666666667;2.6666666666666665;0.0;22.0;1.0;0.0;8.055555555555555;0.07777777777777771;2.066666666666667;3.2466666666666666;0.0;23.0;1.0;0.0;7.266666666666668;0.0666666666666666;2.1;3.2049999999999996;0.0;23.0;1.011111111111111;0.0;7.791666666666665;0.07777777777777771;2.1222222222222222;2.6799999999999997;1.0;0.0;0.0
1.0;0.0;7.922222222222222;0.07777777777777771;2.0444444444444447;3.1449999999999996;0.0;20.0;1.0;0.0;7.944444444444444;0.0666666666666666;2.0444444444444443;3.1633333333333336;0.0;20.0;1.0;0.0;8.466666666666667;0.07777777777777771;2.0555555555555554;3.3783333333333334;0.0;21.0;1.0;0.0;7.2555555555555555;0.0666666666666666;2.022222222222222;2.8699999999999997;0.0;21.0;1.0;0.0;7.8;0.07777777777777771;2.0444444444444443;3.5683333333333334;0.0;22.0;1.0;0.0;7.366666666666667;0.07777777777777771;2.066666666666667;2.6666666666666665;0.0;22.0;1.0;0.0;8.055555555555555;0.07777777777777771;2.066666666666667;3.2466666666666666;0.0;23.0;1.0;0.0;7.266666666666668;0.0666666666666666;2.1;3.2049999999999996;0.0;23.0;1.011111111111111;0.0;7.791666666666665;0.07777777777777771;2.1222222222222222;2.6799999999999997;1.0;0.0;1.011111111111111;0.0;6.888888888888889;0.0666666666666666;2.1222222222222222;3.2033333333333336;1.0;0.0;0.0
1.0;0.0;7.944444444444444;0.0666666666666666;2.0444444444444443;3.1633333333333336;0.0;20.0;1.0;0.0;8.466666666666667;0.07777777777777771;2.0555555555555554;3.3783333333333334;0.0;21.0;1.0;0.0;7.2555555555555555;0.0666666666666666;2.022222222222222;2.8699999999999997;0.0;21.0;1.0;0.0;7.8;0.07777777777777771;2.0444444444444443;3.5683333333333334;0.0;22.0;1.0;0.0;7.366666666666667;0.07777777777777771;2.066666666666667;2.6666666666666665;0.0;22.0;1.0;0.0;8.055555555555555;0.07777777777777771;2.066666666666667;3.2466666666666666;0.0;23.0;1.0;0.0;7.266666666666668;0.0666666666666666;2.1;3.2049999999999996;0.0;23.0;1.011111111111111;0.0;7.791666666666665;0.07777777777777771;2.1222222222222222;2.6799999999999997;1.0;0.0;1.011111111111111;0.0;6.888888888888889;0.0666666666666666;2.1222222222222222;3.2033333333333336;1.0;0.0;1.0;0.0;7.666666666666667;0.07777777777777771;2.077777777777778;3.9583333333333335;1.0;1.0;0.0
1.0;0.0;8.466666666666667;0.07777777777777771;2.0555555555555554;3.3783333333333334;0.0;21.0;1.0;0.0;7.2555555555555555;0.0666666666666666;2.022222222222222;2.8699999999999997;0.0;21.0;1.0;0.0;7.8;0.07777777777777771;2.0444444444444443;3.5683333333333334;0.0;22.0;1.0;0.0;7.366666666666667;0.07777777777777771;2.066666666666667;2.6666666666666665;0.0;22.0;1.0;0.0;8.055555555555555;0.07777777777777771;2.066666666666667;3.2466666666666666;0.0;23.0;1.0;0.0;7.266666666666668;0.0666666666666666;2.1;3.2049999999999996;0.0;23.0;1.011111111111111;0.0;7.791666666666665;0.07777777777777771;2.1222222222222222;2.6799999999999997;1.0;0.0;1.011111111111111;0.0;6.888888888888889;0.0666666666666666;2.1222222222222222;3.2033333333333336;1.0;0.0;1.0;0.0;7.666666666666667;0.07777777777777771;2.077777777777778;3.9583333333333335;1.0;1.0;1.0;0.0;7.122222222222223;0.0666666666666666;2.088888888888889;3.348333333333333;1.0;1.0;0.0
1.0;0.0;7.2555555555555555;0.0666666666666666;2.022222222222222;2.8699999999999997;0.0;21.0;1.0;0.0;7.8;0.07777777777777771;2.0444444444444443;3.5683333333333334;0.0;22.0;1.0;0.0;7.366666666666667;0.07777777777777771;2.066666666666667;2.6666666666666665;0.0;22.0;1.0;0.0;8.055555555555555;0.07777777777777771;2.066666666666667;3.2466666666666666;0.0;23.0;1.0;0.0;7.266666666666668;0.0666666666666666;2.1;3.2049999999999996;0.0;23.0;1.011111111111111;0.0;7.791666666666665;0.07777777777777771;2.1222222222222222;2.6799999999999997;1.0;0.0;1.011111111111111;0.0;6.888888888888889;0.0666666666666666;2.1222222222222222;3.2033333333333336;1.0;0.0;1.0;0.0;7.666666666666667;0.07777777777777771;2.077777777777778;3.9583333333333335;1.0;1.0;1.0;0.0;7.122222222222223;0.0666666666666666;2.088888888888889;3.348333333333333;1.0;1.0;1.0;0.0;7.622222222222223;0.07777777777777771;2.088888888888889;3.856666666666666;1.0;2.0;0.0
1.0;0.0;7.8;0.07777777777777771;2.0444444444444443;3.5683333333333334;0.0;22.0;1.0;0.0;7.366666666666667;0.07777777777777771;2.066666666666667;2.6666666666666665;0.0;22.0;1.0;0.0;8.055555555555555;0.07777777777777771;2.066666666666667;3.2466666666666666;0.0;23.0;1.0;0.0;7.266666666666668;0.0666666666666666;2.1;3.2049999999999996;0.0;23.0;1.011111111111111;0.0;7.791666666666665;0.07777777777777771;2.1222222222222222;2.6799999999999997;1.0;0.0;1.011111111111111;0.0;6.888888888888889;0.0666666666666666;2.1222222222222222;3.2033333333333336;1.0;0.0;1.0;0.0;7.666666666666667;0.07777777777777771;2.077777777777778;3.9583333333333335;1.0;1.0;1.0;0.0;7.122222222222223;0.0666666666666666;2.088888888888889;3.348333333333333;1.0;1.0;1.0;0.0;7.622222222222223;0.07777777777777771;2.088888888888889;3.856666666666666;1.0;2.0;1.0;0.0;6.844444444444444;0.0666666666666666;2.0777777777777775;3.233333333333333;1.0;2.0;0.0
1.0;0.0;7.366666666666667;0.07777777777777771;2.066666666666667;2.6666666666666665;0.0;22.0;1.0;0.0;8.055555555555555;0.07777777777777771;2.066666666666667;3.2466666666666666;0.0;23.0;1.0;0.0;7.266666666666668;0.0666666666666666;2.1;3.2049999999999996;0.0;23.0;1.011111111111111;0.0;7.791666666666665;0.07777777777777771;2.1222222222222222;2.6799999999999997;1.0;0.0;1.011111111111111;0.0;6.888888888888889;0.0666666666666666;2.1222222222222222;3.2033333333333336;1.0;0.0;1.0;0.0;7.666666666666667;0.07777777777777771;2.077777777777778;3.9583333333333335;1.0;1.0;1.0;0.0;7.122222222222223;0.0666666666666666;2.088888888888889;3.348333333333333;1.0;1.0;1.0;0.0;7.622222222222223;0.07777777777777771;2.088888888888889;3.856666666666666;1.0;2.0;1.0;0.0;6.844444444444444;0.0666666666666666;2.0777777777777775;3.233333333333333;1.0;2.0;1.2555555555555555;0.0;28.63333333333333;4.422222222222222;2.233333333333333;4.653333333333333;1.0;3.0;0.0
1.0;0.0;8.055555555555555;0.07777777777777771;2.066666666666667;3.2466666666666666;0.0;23.0;1.0;0.0;7.266666666666668;0.0666666666666666;2.1;3.2049999999999996;0.0;23.0;1.011111111111111;0.0;7.791666666666665;0.07777777777777771;2.1222222222222222;2.6799999999999997;1.0;0.0;1.011111111111111;0.0;6.888888888888889;0.0666666666666666;2.1222222222222222;3.2033333333333336;1.0;0.0;1.0;0.0;7.666666666666667;0.07777777777777771;2.077777777777778;3.9583333333333335;1.0;1.0;1.0;0.0;7.122222222222223;0.0666666666666666;2.088888888888889;3.348333333333333;1.0;1.0;1.0;0.0;7.622222222222223;0.07777777777777771;2.088888888888889;3.856666666666666;1.0;2.0;1.0;0.0;6.844444444444444;0.0666666666666666;2.0777777777777775;3.233333333333333;1.0;2.0;1.2555555555555555;0.0;28.63333333333333;4.422222222222222;2.233333333333333;4.653333333333333;1.0;3.0;1.0;0.0;6.888888888888888;0.0666666666666666;2.111111111111111;3.5866666666666664;1.0;3.0;0.0
1.0;0.0;7.266666666666668;0.0666666666666666;2.1;3.2049999999999996;0.0;23.0;1.011111111111111;0.0;7.791666666666665;0.07777777777777771;2.1222222222222222;2.6799999999999997;1.0;0.0;1.011111111111111;0.0;6.888888888888889;0.0666666666666666;2.1222222222222222;3.2033333333333336;1.0;0.0;1.0;0.0;7.666666666666667;0.07777777777777771;2.077777777777778;3.9583333333333335;1.0;1.0;1.0;0.0;7.122222222222223;0.0666666666666666;2.088888888888889;3.348333333333333;1.0;1.0;1.0;0.0;7.622222222222223;0.07777777777777771;2.088888888888889;3.856666666666666;1.0;2.0;1.0;0.0;6.844444444444444;0.0666666666666666;2.0777777777777775;3.233333333333333;1.0;2.0;1.2555555555555555;0.0;28.63333333333333;4.422222222222222;2.233333333333333;4.653333333333333;1.0;3.0;1.0;0.0;6.888888888888888;0.0666666666666666;2.111111111111111;3.5866666666666664;1.0;3.0;1.0;0.0;7.544444444444444;0.07777777777777771;2.1333333333333333;3.2266666666666666;1.0;4.0;0.0
1.011111111111111;0.0;7.791666666666665;0.07777777777777771;2.1222222222222222;2.6799999999999997;1.0;0.0;1.011111111111111;0.0;6.888888888888889;0.0666666666666666;2.1222222222222222;3.2033333333333336;1.0;0.0;1.0;0.0;7.666666666666667;0.07777777777777771;2.077777777777778;3.9583333333333335;1.0;1.0;1.0;0.0;7.122222222222223;0.0666666666666666;2.088888888888889;3.348333333333333;1.0;1.0;1.0;0.0;7.622222222222223;0.07777777777777771;2.088888888888889;3.856666666666666;1.0;2.0;1.0;0.0;6.844444444444444;0.0666666666666666;2.0777777777777775;3.233333333333333;1.0;2.0;1.2555555555555555;0.0;28.63333333333333;4.422222222222222;2.233333333333333;4.653333333333333;1.0;3.0;1.0;0.0;6.888888888888888;0.0666666666666666;2.111111111111111;3.5866666666666664;1.0;3.0;1.0;0.0;7.544444444444444;0.07777777777777771;2.1333333333333333;3.2266666666666666;1.0;4.0;1.0;0.0;7.022222222222221;0.0666666666666666;2.111111111111111;2.9233333333333333;1.0;4.0;0.0
1.011111111111111;0.0;6.888888888888889;0.0666666666666666;2.1222222222222222;3.2033333333333336;1.0;0.0;1.0;0.0;7.666666666666667;0.07777777777777771;2.077777777777778;3.9583333333333335;1.0;1.0;1.0;0.0;7.122222222222223;0.0666666666666666;2.088888888888889;3.348333333333333;1.0;1.0;1.0;0.0;7.622222222222223;0.07777777777777771;2.088888888888889;3.856666666666666;1.0;2.0;1.0;0.0;6.844444444444444;0.0666666666666666;2.0777777777777775;3.233333333333333;1.0;2.0;1.2555555555555555;0.0;28.63333333333333;4.422222222222222;2.233333333333333;4.653333333333333;1.0;3.0;1.0;0.0;6.888888888888888;0.0666666666666666;2.111111111111111;3.5866666666666664;1.0;3.0;1.0;0.0;7.544444444444444;0.07777777777777771;2.1333333333333333;3.2266666666666666;1.0;4.0;1.0;0.0;7.022222222222221;0.0666666666666666;2.111111111111111;2.9233333333333333;1.0;4.0;1.0;0.0;7.777777777777778;0.07777777777777771;2.1222222222222222;3.328333333333333;1.0;5.0;0.0
1.0;0.0;7.666666666666667;0.07777777777777771;2.077777777777778;3.9583333333333335;1.0;1.0;1.0;0.0;7.122222222222223;0.0666666666666666;2.088888888888889;3.348333333333333;1.0;1.0;1.0;0.0;7.622222222222223;0.07777777777777771;2.088888888888889;3.856666666666666;1.0;2.0;1.0;0.0;6.844444444444444;0.0666666666666666;2.0777777777777775;3.233333333333333;1.0;2.0;1.2555555555555555;0.0;28.63333333333333;4.422222222222222;2.233333333333333;4.653333333333333;1.0;3.0;1.0;0.0;6.888888888888888;0.0666666666666666;2.111111111111111;3.5866666666666664;1.0;3.0;1.0;0.0;7.544444444444444;0.07777777777777771;2.1333333333333333;3.2266666666666666;1.0;4.0;1.0;0.0;7.022222222222221;0.0666666666666666;2.111111111111111;2.9233333333333333;1.0;4.0;1.0;0.0;7.777777777777778;0.07777777777777771;2.1222222222222222;3.328333333333333;1.0;5.0;1.0;0.0;6.855555555555554;0.0666666666666666;2.111111111111111;3.1816666666666666;1.0;5.0;0.0
1.0;0.0;7.122222222222223;0.0666666666666666;2.088888888888889;3.348333333333333;1.0;1.0;1.0;0.0;7.622222222222223;0.07777777777777771;2.088888888888889;3.856666666666666;1.0;2.0;1.0;0.0;6.844444444444444;0.0666666666666666;2.0777777777777775;3.233333333333333;1.0;2.0;1.2555555555555555;0.0;28.63333333333333;4.422222222222222;2.233333333333333;4.653333333333333;1.0;3.0;1.0;0.0;6.888888888888888;0.0666666666666666;2.111111111111111;3.5866666666666664;1.0;3.0;1.0;0.0;7.544444444444444;0.07777777777777771;2.1333333333333333;3.2266666666666666;1.0;4.0;1.0;0.0;7.022222222222221;0.0666666666666666;2.111111111111111;2.9233333333333333;1.0;4.0;1.0;0.0;7.777777777777778;0.07777777777777771;2.1222222222222222;3.328333333333333;1.0;5.0;1.0;0.0;6.855555555555554;0.0666666666666666;2.111111111111111;3.1816666666666666;1.0;5.0;1.0;0.0;7.455555555555556;0.07777777777777771;2.1333333333333333;3.055;1.0;6.0;0.0
1.0;0.0;7.622222222222223;0.07777777777777771;2.088888888888889;3.856666666666666;1.0;2.0;1.0;0.0;6.844444444444444;0.0666666666666666;2.0777777777777775;3.233333333333333;1.0;2.0;1.2555555555555555;0.0;28.63333333333333;4.422222222222222;2.233333333333333;4.653333333333333;1.0;3.0;1.0;0.0;6.888888888888888;0.0666666666666666;2.111111111111111;3.5866666666666664;1.0;3.0;1.0;0.0;7.544444444444444;0.07777777777777771;2.1333333333333333;3.2266666666666666;1.0;4.0;1.0;0.0;7.022222222222221;0.0666666666666666;2.111111111111111;2.9233333333333333;1.0;4.0;1.0;0.0;7.777777777777778;0.07777777777777771;2.1222222222222222;3.328333333333333;1.0;5.0;1.0;0.0;6.855555555555554;0.0666666666666666;2.111111111111111;3.1816666666666666;1.0;5.0;1.0;0.0;7.455555555555556;0.07777777777777771;2.1333333333333333;3.055;1.0;6.0;7.333333333333333;201.52222222222224;14.111111111111109;58.96666666666667;66.74444444444444;11.908333333333333;1.0;6.0;0.0
1.0;0.0;6.844444444444444;0.0666666666666666;2.0777777777777775;3.233333333333333;1.0;2.0;1.2555555555555555;0.0;28.63333333333333;4.422222222222222;2.233333333333333;4.653333333333333;1.0;3.0;1.0;0.0;6.888888888888888;0.0666666666666666;2.111111111111111;3.5866666666666664;1.0;3.0;1.0;0.0;7.544444444444444;0.07777777777777771;2.1333333333333333;3.2266666666666666;1.0;4.0;1.0;0.0;7.022222222222221;0.0666666666666666;2.111111111111111;2.9233333333333333;1.0;4.0;1.0;0.0;7.777777777777778;0.07777777777777771;2.1222222222222222;3.328333333333333;1.0;5.0;1.0;0.0;6.855555555555554;0.0666666666666666;2.111111111111111;3.1816666666666666;1.0;5.0;1.0;0.0;7.455555555555556;0.07777777777777771;2.1333333333333333;3.055;1.0;6.0;7.333333333333333;201.52222222222224;14.111111111111109;58.96666666666667;66.74444444444444;11.908333333333333;1.0;6.0;1.011111111111111;0.0;7.577777777777777;0.07777777777777771;2.222222222222222;4.696666666666666;1.0;7.0;0.0
1.2555555555555555;0.0;28.63333333333333;4.422222222222222;2.233333333333333;4.653333333333333;1.0;3.0;1.0;0.0;6.888888888888888;0.0666666666666666;2.111111111111111;3.5866666666666664;1.0;3.0;1.0;0.0;7.544444444444444;0.07777777777777771;2.1333333333333333;3.2266666666666666;1.0;4.0;1.0;0.0;7.022222222222221;0.0666666666666666;2.111111111111111;2.9233333333333333;1.0;4.0;1.0;0.0;7.777777777777778;0.07777777777777771;2.1222222222222222;3.328333333333333;1.0;5.0;1.0;0.0;6.855555555555554;0.0666666666666666;2.111111111111111;3.1816666666666666;1.0;5.0;1.0;0.0;7.455555555555556;0.07777777777777771;2.1333333333333333;3.055;1.0;6.0;7.333333333333333;201.52222222222224;14.111111111111109;58.96666666666667;66.74444444444444;11.908333333333333;1.0;6.0;1.011111111111111;0.0;7.577777777777777;0.07777777777777771;2.222222222222222;4.696666666666666;1.0;7.0;1.0;0.0;6.933333333333333;0.07777777777777771;2.211111111111111;4.135;1.0;7.0;0.0
1.0;0.0;6.888888888888888;0.0666666666666666;2.111111111111111;3.5866666666666664;1.0;3.0;1.0;0.0;7.544444444444444;0.07777777777777771;2.1333333333333333;3.2266666666666666;1.0;4.0;1.0;0.0;7.022222222222221;0.0666666666666666;2.111111111111111;2.9233333333333333;1.0;4.0;1.0;0.0;7.777777777777778;0.07777777777777771;2.1222222222222222;3.328333333333333;1.0;5.0;1.0;0.0;6.855555555555554;0.0666666666666666;2.111111111111111;3.1816666666666666;1.0;5.0;1.0;0.0;7.455555555555556;0.07777777777777771;2.1333333333333333;3.055;1.0;6.0;7.333333333333333;201.52222222222224;14.111111111111109;58.96666666666667;66.74444444444444;11.908333333333333;1.0;6.0;1.011111111111111;0.0;7.577777777777777;0.07777777777777771;2.222222222222222;4.696666666666666;1.0;7.0;1.0;0.0;6.933333333333333;0.07777777777777771;2.211111111111111;4.135;1.0;7.0;1.0333333333333334;0.0;7.911111111111111;0.07777777777777771;2.222222222222222;4.13;1.0;8.0;0.0
1.0;0.0;7.544444444444444;0.07777777777777771;2.1333333333333333;3.2266666666666666;1.0;4.0;1.0;0.0;7.022222222222221;0.0666666666666666;2.111111111111111;2.9233333333333333;1.0;4.0;1.0;0.0;7.777777777777778;0.07777777777777771;2.1222222222222222;3.328333333333333;1.0;5.0;1.0;0.0;6.855555555555554;0.0666666666666666;2.111111111111111;3.1816666666666666;1.0;5.0;1.0;0.0;7.455555555555556;0.07777777777777771;2.1333333333333333;3.055;1.0;6.0;7.333333333333333;201.52222222222224;14.111111111111109;58.96666666666667;66.74444444444444;11.908333333333333;1.0;6.0;1.011111111111111;0.0;7.577777777777777;0.07777777777777771;2.222222222222222;4.696666666666666;1.0;7.0;1.0;0.0;6.933333333333333;0.07777777777777771;2.211111111111111;4.135;1.0;7.0;1.0333333333333334;0.0;7.911111111111111;0.07777777777777771;2.222222222222222;4.13;1.0;8.0;1.0;0.0;7.344444444444444;0.0666666666666666;2.1999999999999997;3.3766666666666665;1.0;8.0;0.0
1.0;0.0;7.022222222222221;0.0666666666666666;2.111111111111111;2.9233333333333333;1.0;4.0;1.0;0.0;7.777777777777778;0.07777777777777771;2.1222222222222222;3.328333333333333;1.0;5.0;1.0;0.0;6.855555555555554;0.0666666666666666;2.111111111111111;3.1816666666666666;1.0;5.0;1.0;0.0;7.455555555555556;0.07777777777777771;2.1333333333333333;3.055;1.0;6.0;7.333333333333333;201.52222222222224;14.111111111111109;58.96666666666667;66.74444444444444;11.908333333333333;1.0;6.0;1.011111111111111;0.0;7.577777777777777;0.07777777777777771;2.222222222222222;4.696666666666666;1.0;7.0;1.0;0.0;6.933333333333333;0.07777777777777771;2.211111111111111;4.135;1.0;7.0;1.0333333333333334;0.0;7.911111111111111;0.07777777777777771;2.222222222222222;4.13;1.0;8.0;1.0;0.0;7.344444444444444;0.0666666666666666;2.1999999999999997;3.3766666666666665;1.0;8.0;1.011111111111111;0.0;7.844444444444444;0.07777777777777771;2.222222222222222;4.006666666666667;1.0;9.0;0.0
1.0;0.0;7.777777777777778;0.07777777777777771;2.1222222222222222;3.328333333333333;1.0;5.0;1.0;0.0;6.855555555555554;0.0666666666666666;2.111111111111111;3.1816666666666666;1.0;5.0;1.0;0.0;7.455555555555556;0.07777777777777771;2.1333333333333333;3.055;1.0;6.0;7.333333333333333;201.52222222222224;14.111111111111109;58.96666666666667;66.74444444444444;11.908333333333333;1.0;6.0;1.011111111111111;0.0;7.577777777777777;0.07777777777777771;2.222222222222222;4.696666666666666;1.0;7.0;1.0;0.0;6.933333333333333;0.07777777777777771;2.211111111111111;4.135;1.0;7.0;1.0333333333333334;0.0;7.911111111111111;0.07777777777777771;2.222222222222222;4.13;1.0;8.0;1.0;0.0;7.344444444444444;0.0666666666666666;2.1999999999999997;3.3766666666666665;1.0;8.0;1.011111111111111;0.0;7.844444444444444;0.07777777777777771;2.222222222222222;4.006666666666667;1.0;9.0;1.0;0.0;7.55;0.07222222222222217;2.222222222222222;4.165;1.0;9.0;0.0
1.0;0.0;6.855555555555554;0.0666666666666666;2.111111111111111;3.1816666666666666;1.0;5.0;1.0;0.0;7.455555555555556;0.07777777777777771;2.1333333333333333;3.055;1.0;6.0;7.333333333333333;201.52222222222224;14.111111111111109;58.96666666666667;66.74444444444444;11.908333333333333;1.0;6.0;1.011111111111111;0.0;7.577777777777777;0.07777777777777771;2.222222222222222;4.696666666666666;1.0;7.0;1.0;0.0;6.933333333333333;0.07777777777777771;2.211111111111111;4.135;1.0;7.0;1.0333333333333334;0.0;7.911111111111111;0.07777777777777771;2.222222222222222;4.13;1.0;8.0;1.0;0.0;7.344444444444444;0.0666666666666666;2.1999999999999997;3.3766666666666665;1.0;8.0;1.011111111111111;0.0;7.844444444444444;0.07777777777777771;2.222222222222222;4.006666666666667;1.0;9.0;1.0;0.0;7.55;0.07222222222222217;2.222222222222222;4.165;1.0;9.0;1.0222222222222221;0.0;7.977777777777779;0.07777777777777771;2.222222222222222;3.341666666666667;1.0;10.0;0.0
1.0;0.0;7.455555555555556;0.07777777777777771;2.1333333333333333;3.055;1.0;6.0;7.333333333333333;201.52222222222224;14.111111111111109;58.96666666666667;66.74444444444444;11.908333333333333;1.0;6.0;1.011111111111111;0.0;7.577777777777777;0.07777777777777771;2.222222222222222;4.696666666666666;1.0;7.0;1.0;0.0;6.933333333333333;0.07777777777777771;2.211111111111111;4.135;1.0;7.0;1.0333333333333334;0.0;7.911111111111111;0.07777777777777771;2.222222222222222;4.13;1.0;8.0;1.0;0.0;7.344444444444444;0.0666666666666666;2.1999999999999997;3.3766666666666665;1.0;8.0;1.011111111111111;0.0;7.844444444444444;0.07777777777777771;2.222222222222222;4.006666666666667;1.0;9.0;1.0;0.0;7.55;0.07222222222222217;2.222222222222222;4.165;1.0;9.0;1.0222222222222221;0.0;7.977777777777779;0.07777777777777771;2.222222222222222;3.341666666666667;1.0;10.0;1.0;0.0;7.2555555555555555;0.0666666666666666;2.211111111111111;4.34;1.0;10.0;0.0
7.333333333333333;201.52222222222224;14.111111111111109;58.96666666666667;66.74444444444444;11.908333333333333;1.0;6.0;1.011111111111111;0.0;7.577777777777777;0.07777777777777771;2.222222222222222;4.696666666666666;1.0;7.0;1.0;0.0;6.933333333333333;0.07777777777777771;2.211111111111111;4.135;1.0;7.0;1.0333333333333334;0.0;7.911111111111111;0.07777777777777771;2.222222222222222;4.13;1.0;8.0;1.0;0.0;7.344444444444444;0.0666666666666666;2.1999999999999997;3.3766666666666665;1.0;8.0;1.011111111111111;0.0;7.844444444444444;0.07777777777777771;2.222222222222222;4.006666666666667;1.0;9.0;1.0;0.0;7.55;0.07222222222222217;2.222222222222222;4.165;1.0;9.0;1.0222222222222221;0.0;7.977777777777779;0.07777777777777771;2.222222222222222;3.341666666666667;1.0;10.0;1.0;0.0;7.2555555555555555;0.0666666666666666;2.211111111111111;4.34;1.0;10.0;1.0333333333333334;0.0;7.844444444444445;0.07777777777777771;2.211111111111111;4.77;1.0;11.0;0.0
1.011111111111111;0.0;7.577777777777777;0.07777777777777771;2.222222222222222;4.696666666666666;1.0;7.0;1.0;0.0;6.933333333333333;0.07777777777777771;2.211111111111111;4.135;1.0;7.0;1.0333333333333334;0.0;7.911111111111111;0.07777777777777771;2.222222222222222;4.13;1.0;8.0;1.0;0.0;7.344444444444444;0.0666666666666666;2.1999999999999997;3.3766666666666665;1.0;8.0;1.011111111111111;0.0;7.844444444444444;0.07777777777777771;2.222222222222222;4.006666666666667;1.0;9.0;1.0;0.0;7.55;0.07222222222222217;2.222222222222222;4.165;1.0;9.0;1.0222222222222221;0.0;7.977777777777779;0.07777777777777771;2.222222222222222;3.341666666666667;1.0;10.0;1.0;0.0;7.2555555555555555;0.0666666666666666;2.211111111111111;4.34;1.0;10.0;1.0333333333333334;0.0;7.844444444444445;0.07777777777777771;2.211111111111111;4.77;1.0;11.0;1.0;0.0;7.177777777777778;0.0666666666666666;2.211111111111111;4.135000000000001;1.0;11.0;0.0
1.0;0.0;6.933333333333333;0.07777777777777771;2.211111111111111;4.135;1.0;7.0;1.0333333333333334;0.0;7.911111111111111;0.07777777777777771;2.222222222222222;4.13;1.0;8.0;1.0;0.0;7.344444444444444;0.0666666666666666;2.1999999999999997;3.3766666666666665;1.0;8.0;1.011111111111111;0.0;7.844444444444444;0.07777777777777771;2.222222222222222;4.006666666666667;1.0;9.0;1.0;0.0;7.55;0.07222222222222217;2.222222222222222;4.165;1.0;9.0;1.0222222222222221;0.0;7.977777777777779;0.07777777777777771;2.222222222222222;3.341666666666667;1.0;10.0;1.0;0.0;7.2555555555555555;0.0666666666666666;2.211111111111111;4.34;1.0;10.0;1.0333333333333334;0.0;7.844444444444445;0.07777777777777771;2.211111111111111;4.77;1.0;11.0;1.0;0.0;7.177777777777778;0.0666666666666666;2.211111111111111;4.135000000000001;1.0;11.0;1.0;0.0;7.655555555555555;0.07777777777777771;2.1999999999999997;3.3516666666666666;1.0;12.0;0.0
1.0333333333333334;0.0;7.911111111111111;0.07777777777777771;2.222222222222222;4.13;1.0;8.0;1.0;0.0;7.344444444444444;0.0666666666666666;2.1999999999999997;3.3766666666666665;1.0;8.0;1.011111111111111;0.0;7.844444444444444;0.07777777777777771;2.222222222222222;4.006666666666667;1.0;9.0;1.0;0.0;7.55;0.07222222222222217;2.222222222222222;4.165;1.0;9.0;1.0222222222222221;0.0;7.977777777777779;0.07777777777777771;2.222222222222222;3.341666666666667;1.0;10.0;1.0;0.0;7.2555555555555555;0.0666666666666666;2.211111111111111;4.34;1.0;10.0;1.0333333333333334;0.0;7.844444444444445;0.07777777777777771;2.211111111111111;4.77;1.0;11.0;1.0;0.0;7.177777777777778;0.0666666666666666;2.211111111111111;4.135000000000001;1.0;11.0;1.0;0.0;7.655555555555555;0.07777777777777771;2.1999999999999997;3.3516666666666666;1.0;12.0;1.0;0.0;7.0555555555555545;0.0666666666666666;2.1888888888888887;3.233333333333333;1.0;12.0;0.0
1.0;0.0;7.344444444444444;0.0666666666666666;2.1999999999999997;3.3766666666666665;1.0;8.0;1.011111111111111;0.0;7.844444444444444;0.07777777777777771;2.222222222222222;4.006666666666667;1.0;9.0;1.0;0.0;7.55;0.07222222222222217;2.222222222222222;4.165;1.0;9.0;1.0222222222222221;0.0;7.977777777777779;0.07777777777777771;2.222222222222222;3.341666666666667;1.0;10.0;1.0;0.0;7.2555555555555555;0.0666666666666666;2.211111111111111;4.34;1.0;10.0;1.0333333333333334;0.0;7.844444444444445;0.07777777777777771;2.211111111111111;4.77;1.0;11.0;1.0;0.0;7.177777777777778;0.0666666666666666;2.211111111111111;4.135000000000001;1.0;11.0;1.0;0.0;7.655555555555555;0.07777777777777771;2.1999999999999997;3.3516666666666666;1.0;12.0;1.0;0.0;7.0555555555555545;0.0666666666666666;2.1888888888888887;3.233333333333333;1.0;12.0;1.0;0.0;7.877777777777777;0.611111111111111;2.422222222222222;4.743333333333333;1.0;13.0;0.0
1.011111111111111;0.0;7.844444444444444;0.07777777777777771;2.222222222222222;4.006666666666667;1.0;9.0;1.0;0.0;7.55;0.07222222222222217;2.222222222222222;4.165;1.0;9.0;1.0222222222222221;0.0;7.977777777777779;0.07777777777777771;2.222222222222222;3.341666666666667;1.0;10.0;1.0;0.0;7.2555555555555555;0.0666666666666666;2.211111111111111;4.34;1.0;10.0;1.0333333333333334;0.0;7.844444444444445;0.07777777777777771;2.211111111111111;4.77;1.0;11.0;1.0;0.0;7.177777777777778;0.0666666666666666;2.211111111111111;4.135000000000001;1.0;11.0;1.0;0.0;7.655555555555555;0.07777777777777771;2.1999999999999997;3.3516666666666666;1.0;12.0;1.0;0.0;7.0555555555555545;0.0666666666666666;2.1888888888888887;3.233333333333333;1.0;12.0;1.0;0.0;7.877777777777777;0.611111111111111;2.422222222222222;4.743333333333333;1.0;13.0;1.7333333333333334;0.0;23.25555555555555;4.444444444444444;2.6666666666666665;5.583333333333333;1.0;13.0;0.0
1.0;0.0;7.55;0.07222222222222217;2.222222222222222;4.165;1.0;9.0;1.0222222222222221;0.0;7.977777777777779;0.07777777777777771;2.222222222222222;3.341666666666667;1.0;10.0;1.0;0.0;7.2555555555555555;0.0666666666666666;2.211111111111111;4.34;1.0;10.0;1.0333333333333334;0.0;7.844444444444445;0.07777777777777771;2.211111111111111;4.77;1.0;11.0;1.0;0.0;7.177777777777778;0.0666666666666666;2.211111111111111;4.135000000000001;1.0;11.0;1.0;0.0;7.655555555555555;0.07777777777777771;2.1999999999999997;3.3516666666666666;1.0;12.0;1.0;0.0;7.0555555555555545;0.0666666666666666;2.1888888888888887;3.233333333333333;1.0;12.0;1.0;0.0;7.877777777777777;0.611111111111111;2.422222222222222;4.743333333333333;1.0;13.0;1.7333333333333334;0.0;23.25555555555555;4.444444444444444;2.6666666666666665;5.583333333333333;1.0;13.0;1.6444444444444442;0.0;10.722222222222221;0.9222222222222224;2.6222222222222222;6.201666666666667;1.0;14.0;0.0
1.0222222222222221;0.0;7.977777777777779;0.07777777777777771;2.222222222222222;3.341666666666667;1.0;10.0;1.0;0.0;7.2555555555555555;0.0666666666666666;2.211111111111111;4.34;1.0;10.0;1.0333333333333334;0.0;7.844444444444445;0.07777777777777771;2.211111111111111;4.77;1.0;11.0;1.0;0.0;7.177777777777778;0.0666666666666666;2.211111111111111;4.135000000000001;1.0;11.0;1.0;0.0;7.655555555555555;0.07777777777777771;2.1999999999999997;3.3516666666666666;1.0;12.0;1.0;0.0;7.0555555555555545;0.0666666666666666;2.1888888888888887;3.233333333333333;1.0;12.0;1.0;0.0;7.877777777777777;0.611111111111111;2.422222222222222;4.743333333333333;1.0;13.0;1.7333333333333334;0.0;23.25555555555555;4.444444444444444;2.6666666666666665;5.583333333333333;1.0;13.0;1.6444444444444442;0.0;10.722222222222221;0.9222222222222224;2.6222222222222222;6.201666666666667;1.0;14.0;1.6555555555555557;0.0;9.866666666666667;0.9333333333333332;2.6555555555555554;6.4366666666666665;1.0;14.0;0.0
1.0;0.0;7.2555555555555555;0.0666666666666666;2.211111111111111;4.34;1.0;10.0;1.0333333333333334;0.0;7.844444444444445;0.07777777777777771;2.211111111111111;4.77;1.0;11.0;1.0;0.0;7.177777777777778;0.0666666666666666;2.211111111111111;4.135000000000001;1.0;11.0;1.0;0.0;7.655555555555555;0.07777777777777771;2.1999999999999997;3.3516666666666666;1.0;12.0;1.0;0.0;7.0555555555555545;0.0666666666666666;2.1888888888888887;3.233333333333333;1.0;12.0;1.0;0.0;7.877777777777777;0.611111111111111;2.422222222222222;4.743333333333333;1.0;13.0;1.7333333333333334;0.0;23.25555555555555;4.444444444444444;2.6666666666666665;5.583333333333333;1.0;13.0;1.6444444444444442;0.0;10.722222222222221;0.9222222222222224;2.6222222222222222;6.201666666666667;1.0;14.0;1.6555555555555557;0.0;9.866666666666667;0.9333333333333332;2.6555555555555554;6.4366666666666665;1.0;14.0;1.0;0.0;7.98888888888889;0.7999999999999999;2.5555555555555554;3.543333333333333;1.0;15.0;0.0
1.0333333333333334;0.0;7.844444444444445;0.07777777777777771;2.211111111111111;4.77;1.0;11.0;1.0;0.0;7.177777777777778;0.0666666666666666;2.211111111111111;4.135000000000001;1.0;11.0;1.0;0.0;7.655555555555555;0.07777777777777771;2.1999999999999997;3.3516666666666666;1.0;12.0;1.0;0.0;7.0555555555555545;0.0666666666666666;2.1888888888888887;3.233333333333333;1.0;12.0;1.0;0.0;7.877777777777777;0.611111111111111;2.422222222222222;4.743333333333333;1.0;13.0;1.7333333333333334;0.0;23.25555555555555;4.444444444444444;2.6666666666666665;5.583333333333333;1.0;13.0;1.6444444444444442;0.0;10.722222222222221;0.9222222222222224;2.6222222222222222;6.201666666666667;1.0;14.0;1.6555555555555557;0.0;9.866666666666667;0.9333333333333332;2.6555555555555554;6.4366666666666665;1.0;14.0;1.0;0.0;7.98888888888889;0.7999999999999999;2.5555555555555554;3.543333333333333;1.0;15.0;1.0;0.0;6.8999999999999995;0.7444444444444445;2.5999999999999996;4.398333333333333;1.0;15.0;0.0
1.0;0.0;7.177777777777778;0.0666666666666666;2.211111111111111;4.135000000000001;1.0;11.0;1.0;0.0;7.655555555555555;0.07777777777777771;2.1999999999999997;3.3516666666666666;1.0;12.0;1.0;0.0;7.0555555555555545;0.0666666666666666;2.1888888888888887;3.233333333333333;1.0;12.0;1.0;0.0;7.877777777777777;0.611111111111111;2.422222222222222;4.743333333333333;1.0;13.0;1.7333333333333334;0.0;23.25555555555555;4.444444444444444;2.6666666666666665;5.583333333333333;1.0;13.0;1.6444444444444442;0.0;10.722222222222221;0.9222222222222224;2.6222222222222222;6.201666666666667;1.0;14.0;1.6555555555555557;0.0;9.866666666666667;0.9333333333333332;2.6555555555555554;6.4366666666666665;1.0;14.0;1.0;0.0;7.98888888888889;0.7999999999999999;2.5555555555555554;3.543333333333333;1.0;15.0;1.0;0.0;6.8999999999999995;0.7444444444444445;2.5999999999999996;4.398333333333333;1.0;15.0;1.0333333333333334;0.0;7.933333333333333;0.7222222222222222;2.611111111111111;3.8850000000000002;1.0;16.0;0.0
1.0;0.0;7.655555555555555;0.07777777777777771;2.1999999999999997;3.3516666666666666;1.0;12.0;1.0;0.0;7.0555555555555545;0.0666666666666666;2.1888888888888887;3.233333333333333;1.0;12.0;1.0;0.0;7.877777777777777;0.611111111111111;2.422222222222222;4.743333333333333;1.0;13.0;1.7333333333333334;0.0;23.25555555555555;4.444444444444444;2.6666666666666665;5.583333333333333;1.0;13.0;1.6444444444444442;0.0;10.722222222222221;0.9222222222222224;2.6222222222222222;6.201666666666667;1.0;14.0;1.6555555555555557;0.0;9.866666666666667;0.9333333333333332;2.6555555555555554;6.4366666666666665;1.0;14.0;1.0;0.0;7.98888888888889;0.7999999999999999;2.5555555555555554;3.543333333333333;1.0;15.0;1.0;0.0;6.8999999999999995;0.7444444444444445;2.5999999999999996;4.398333333333333;1.0;15.0;1.0333333333333334;0.0;7.933333333333333;0.7222222222222222;2.611111111111111;3.8850000000000002;1.0;16.0;1.0;0.0;7.133333333333334;0.6666666666666666;2.522222222222222;3.5866666666666664;1.0;16.0;0.0
1.0;0.0;7.0555555555555545;0.0666666666666666;2.1888888888888887;3.233333333333333;1.0;12.0;1.0;0.0;7.877777777777777;0.611111111111111;2.422222222222222;4.743333333333333;1.0;13.0;1.7333333333333334;0.0;23.25555555555555;4.444444444444444;2.6666666666666665;5.583333333333333;1.0;13.0;1.6444444444444442;0.0;10.722222222222221;0.9222222222222224;2.6222222222222222;6.201666666666667;1.0;14.0;1.6555555555555557;0.0;9.866666666666667;0.9333333333333332;2.6555555555555554;6.4366666666666665;1.0;14.0;1.0;0.0;7.98888888888889;0.7999999999999999;2.5555555555555554;3.543333333333333;1.0;15.0;1.0;0.0;6.8999999999999995;0.7444444444444445;2.5999999999999996;4.398333333333333;1.0;15.0;1.0333333333333334;0.0;7.933333333333333;0.7222222222222222;2.611111111111111;3.8850000000000002;1.0;16.0;1.0;0.0;7.133333333333334;0.6666666666666666;2.522222222222222;3.5866666666666664;1.0;16.0;1.0222222222222221;0.0;7.822222222222223;0.6999999999999998;2.533333333333333;3.53;1.0;17.0;0.0
1.0;0.0;7.877777777777777;0.611111111111111;2.422222222222222;4.743333333333333;1.0;13.0;1.7333333333333334;0.0;23.25555555555555;4.444444444444444;2.6666666666666665;5.583333333333333;1.0;13.0;1.6444444444444442;0.0;10.722222222222221;0.9222222222222224;2.6222222222222222;6.201666666666667;1.0;14.0;1.6555555555555557;0.0;9.866666666666667;0.9333333333333332;2.6555555555555554;6.4366666666666665;1.0;14.0;1.0;0.0;7.98888888888889;0.7999999999999999;2.5555555555555554;3.543333333333333;1.0;15.0;1.0;0.0;6.8999999999999995;0.7444444444444445;2.5999999999999996;4.398333333333333;1.0;15.0;1.0333333333333334;0.0;7.933333333333333;0.7222222222222222;2.611111111111111;3.8850000000000002;1.0;16.0;1.0;0.0;7.133333333333334;0.6666666666666666;2.522222222222222;3.5866666666666664;1.0;16.0;1.0222222222222221;0.0;7.822222222222223;0.6999999999999998;2.533333333333333;3.53;1.0;17.0;1.0;0.0;6.888888888888888;0.6777777777777777;2.577777777777778;4.196666666666666;1.0;17.0;0.0
1.7333333333333334;0.0;23.25555555555555;4.444444444444444;2.6666666666666665;5.583333333333333;1.0;13.0;1.6444444444444442;0.0;10.722222222222221;0.9222222222222224;2.6222222222222222;6.201666666666667;1.0;14.0;1.6555555555555557;0.0;9.866666666666667;0.9333333333333332;2.6555555555555554;6.4366666666666665;1.0;14.0;1.0;0.0;7.98888888888889;0.7999999999999999;2.5555555555555554;3.543333333333333;1.0;15.0;1.0;0.0;6.8999999999999995;0.7444444444444445;2.5999999999999996;4.398333333333333;1.0;15.0;1.0333333333333334;0.0;7.933333333333333;0.7222222222222222;2.611111111111111;3.8850000000000002;1.0;16.0;1.0;0.0;7.133333333333334;0.6666666666666666;2.522222222222222;3.5866666666666664;1.0;16.0;1.0222222222222221;0.0;7.822222222222223;0.6999999999999998;2.533333333333333;3.53;1.0;17.0;1.0;0.0;6.888888888888888;0.6777777777777777;2.577777777777778;4.196666666666666;1.0;17.0;1.1888888888888889;0.0;8.055555555555555;19.400000000000002;19.755555555555553;3.8433333333333337;1.0;18.0;0.0
1.6444444444444442;0.0;10.722222222222221;0.9222222222222224;2.6222222222222222;6.201666666666667;1.0;14.0;1.6555555555555557;0.0;9.866666666666667;0.9333333333333332;2.6555555555555554;6.4366666666666665;1.0;14.0;1.0;0.0;7.98888888888889;0.7999999999999999;2.5555555555555554;3.543333333333333;1.0;15.0;1.0;0.0;6.8999999999999995;0.7444444444444445;2.5999999999999996;4.398333333333333;1.0;15.0;1.0333333333333334;0.0;7.933333333333333;0.7222222222222222;2.611111111111111;3.8850000000000002;1.0;16.0;1.0;0.0;7.133333333333334;0.6666666666666666;2.522222222222222;3.5866666666666664;1.0;16.0;1.0222222222222221;0.0;7.822222222222223;0.6999999999999998;2.533333333333333;3.53;1.0;17.0;1.0;0.0;6.888888888888888;0.6777777777777777;2.577777777777778;4.196666666666666;1.0;17.0;1.1888888888888889;0.0;8.055555555555555;19.400000000000002;19.755555555555553;3.8433333333333337;1.0;18.0;1.0;0.0;6.922222222222222;0.7111111111111111;2.5;3.0883333333333334;1.0;18.0;0.0
1.6555555555555557;0.0;9.866666666666667;0.9333333333333332;2.6555555555555554;6.4366666666666665;1.0;14.0;1.0;0.0;7.98888888888889;0.7999999999999999;2.5555555555555554;3.543333333333333;1.0;15.0;1.0;0.0;6.8999999999999995;0.7444444444444445;2.5999999999999996;4.398333333333333;1.0;15.0;1.0333333333333334;0.0;7.933333333333333;0.7222222222222222;2.611111111111111;3.8850000000000002;1.0;16.0;1.0;0.0;7.133333333333334;0.6666666666666666;2.522222222222222;3.5866666666666664;1.0;16.0;1.0222222222222221;0.0;7.822222222222223;0.6999999999999998;2.533333333333333;3.53;1.0;17.0;1.0;0.0;6.888888888888888;0.6777777777777777;2.577777777777778;4.196666666666666;1.0;17.0;1.1888888888888889;0.0;8.055555555555555;19.400000000000002;19.755555555555553;3.8433333333333337;1.0;18.0;1.0;0.0;6.922222222222222;0.7111111111111111;2.5;3.0883333333333334;1.0;18.0;1.0333333333333334;0.0;7.344444444444445;0.6666666666666666;2.533333333333333;3.4583333333333335;1.0;19.0;0.0
1.0;0.0;7.98888888888889;0.7999999999999999;2.5555555555555554;3.543333333333333;1.0;15.0;1.0;0.0;6.8999999999999995;0.7444444444444445;2.5999999999999996;4.398333333333333;1.0;15.0;1.0333333333333334;0.0;7.933333333333333;0.7222222222222222;2.611111111111111;3.8850000000000002;1.0;16.0;1.0;0.0;7.133333333333334;0.6666666666666666;2.522222222222222;3.5866666666666664;1.0;16.0;1.0222222222222221;0.0;7.822222222222223;0.6999999999999998;2.533333333333333;3.53;1.0;17.0;1.0;0.0;6.888888888888888;0.6777777777777777;2.577777777777778;4.196666666666666;1.0;17.0;1.1888888888888889;0.0;8.055555555555555;19.400000000000002;19.755555555555553;3.8433333333333337;1.0;18.0;1.0;0.0;6.922222222222222;0.7111111111111111;2.5;3.0883333333333334;1.0;18.0;1.0333333333333334;0.0;7.344444444444445;0.6666666666666666;2.533333333333333;3.4583333333333335;1.0;19.0;1.0;0.0;6.944444444444444;0.688888888888889;2.5666666666666664;4.656666666666666;1.0;19.0;0.0
1.0;0.0;6.8999999999999995;0.7444444444444445;2.5999999999999996;4.398333333333333;1.0;15.0;1.0333333333333334;0.0;7.933333333333333;0.7222222222222222;2.611111111111111;3.8850000000000002;1.0;16.0;1.0;0.0;7.133333333333334;0.6666666666666666;2.522222222222222;3.5866666666666664;1.0;16.0;1.0222222222222221;0.0;7.822222222222223;0.6999999999999998;2.533333333333333;3.53;1.0;17.0;1.0;0.0;6.888888888888888;0.6777777777777777;2.577777777777778;4.196666666666666;1.0;17.0;1.1888888888888889;0.0;8.055555555555555;19.400000000000002;19.755555555555553;3.8433333333333337;1.0;18.0;1.0;0.0;6.922222222222222;0.7111111111111111;2.5;3.0883333333333334;1.0;18.0;1.0333333333333334;0.0;7.344444444444445;0.6666666666666666;2.533333333333333;3.4583333333333335;1.0;19.0;1.0;0.0;6.944444444444444;0.688888888888889;2.5666666666666664;4.656666666666666;1.0;19.0;1.0333333333333334;0.0;7.755555555555557;0.7444444444444445;2.5555555555555554;3.516666666666667;1.0;20.0;0.0
1.0333333333333334;0.0;7.933333333333333;0.7222222222222222;2.611111111111111;3.8850000000000002;1.0;16.0;1.0;0.0;7.133333333333334;0.6666666666666666;2.522222222222222;3.5866666666666664;1.0;16.0;1.0222222222222221;0.0;7.822222222222223;0.6999999999999998;2.533333333333333;3.53;1.0;17.0;1.0;0.0;6.888888888888888;0.6777777777777777;2.577777777777778;4.196666666666666;1.0;17.0;1.1888888888888889;0.0;8.055555555555555;19.400000000000002;19.755555555555553;3.8433333333333337;1.0;18.0;1.0;0.0;6.922222222222222;0.7111111111111111;2.5;3.0883333333333334;1.0;18.0;1.0333333333333334;0.0;7.344444444444445;0.6666666666666666;2.533333333333333;3.4583333333333335;1.0;19.0;1.0;0.0;6.944444444444444;0.688888888888889;2.5666666666666664;4.656666666666666;1.0;19.0;1.0333333333333334;0.0;7.755555555555557;0.7444444444444445;2.5555555555555554;3.516666666666667;1.0;20.0;1.0;0.0;6.7444444444444445;0.6777777777777777;2.522222222222222;4.196666666666666;1.0;20.0;0.0
1.0;0.0;7.133333333333334;0.6666666666666666;2.522222222222222;3.5866666666666664;1.0;16.0;1.0222222222222221;0.0;7.822222222222223;0.6999999999999998;2.533333333333333;3.53;1.0;17.0;1.0;0.0;6.888888888888888;0.6777777777777777;2.577777777777778;4.196666666666666;1.0;17.0;1.1888888888888889;0.0;8.055555555555555;19.400000000000002;19.755555555555553;3.8433333333333337;1.0;18.0;1.0;0.0;6.922222222222222;0.7111111111111111;2.5;3.0883333333333334;1.0;18.0;1.0333333333333334;0.0;7.344444444444445;0.6666666666666666;2.533333333333333;3.4583333333333335;1.0;19.0;1.0;0.0;6.944444444444444;0.688888888888889;2.5666666666666664;4.656666666666666;1.0;19.0;1.0333333333333334;0.0;7.755555555555557;0.7444444444444445;2.5555555555555554;3.516666666666667;1.0;20.0;1.0;0.0;6.7444444444444445;0.6777777777777777;2.522222222222222;4.196666666666666;1.0;20.0;1.011111111111111;0.0;7.544444444444444;0.7777777777777778;2.533333333333333;4.17;1.0;21.0;0.0
1.0222222222222221;0.0;7.822222222222223;0.6999999999999998;2.533333333333333;3.53;1.0;17.0;1.0;0.0;6.888888888888888;0.6777777777777777;2.577777777777778;4.196666666666666;1.0;17.0;1.1888888888888889;0.0;8.055555555555555;19.400000000000002;19.755555555555553;3.8433333333333337;1.0;18.0;1.0;0.0;6.922222222222222;0.7111111111111111;2.5;3.0883333333333334;1.0;18.0;1.0333333333333334;0.0;7.344444444444445;0.6666666666666666;2.533333333333333;3.4583333333333335;1.0;19.0;1.0;0.0;6.944444444444444;0.688888888888889;2.5666666666666664;4.656666666666666;1.0;19.0;1.0333333333333334;0.0;7.755555555555557;0.7444444444444445;2.5555555555555554;3.516666666666667;1.0;20.0;1.0;0.0;6.7444444444444445;0.6777777777777777;2.522222222222222;4.196666666666666;1.0;20.0;1.011111111111111;0.0;7.544444444444444;0.7777777777777778;2.533333333333333;4.17;1.0;21.0;1.0;0.0;6.755555555555556;0.7666666666666666;2.5666666666666664;4.283333333333334;1.0;21.0;0.0
1.0;0.0;6.888888888888888;0.6777777777777777;2.577777777777778;4.196666666666666;1.0;17.0;1.1888888888888889;0.0;8.055555555555555;19.400000000000002;19.755555555555553;3.8433333333333337;1.0;18.0;1.0;0.0;6.922222222222222;0.7111111111111111;2.5;3.0883333333333334;1.0;18.0;1.0333333333333334;0.0;7.344444444444445;0.6666666666666666;2.533333333333333;3.4583333333333335;1.0;19.0;1.0;0.0;6.944444444444444;0.688888888888889;2.5666666666666664;4.656666666666666;1.0;19.0;1.0333333333333334;0.0;7.755555555555557;0.7444444444444445;2.5555555555555554;3.516666666666667;1.0;20.0;1.0;0.0;6.7444444444444445;0.6777777777777777;2.522222222222222;4.196666666666666;1.0;20.0;1.011111111111111;0.0;7.544444444444444;0.7777777777777778;2.533333333333333;4.17;1.0;21.0;1.0;0.0;6.755555555555556;0.7666666666666666;2.5666666666666664;4.283333333333334;1.0;21.0;1.0;0.0;7.31111111111111;0.6777777777777777;2.4333333333333336;3.56;1.0;22.0;0.0
1.1888888888888889;0.0;8.055555555555555;19.400000000000002;19.755555555555553;3.8433333333333337;1.0;18.0;1.0;0.0;6.922222222222222;0.7111111111111111;2.5;3.0883333333333334;1.0;18.0;1.0333333333333334;0.0;7.344444444444445;0.6666666666666666;2.533333333333333;3.4583333333333335;1.0;19.0;1.0;0.0;6.944444444444444;0.688888888888889;2.5666666666666664;4.656666666666666;1.0;19.0;1.0333333333333334;0.0;7.755555555555557;0.7444444444444445;2.5555555555555554;3.516666666666667;1.0;20.0;1.0;0.0;6.7444444444444445;0.6777777777777777;2.522222222222222;4.196666666666666;1.0;20.0;1.011111111111111;0.0;7.544444444444444;0.7777777777777778;2.533333333333333;4.17;1.0;21.0;1.0;0.0;6.755555555555556;0.7666666666666666;2.5666666666666664;4.283333333333334;1.0;21.0;1.0;0.0;7.31111111111111;0.6777777777777777;2.4333333333333336;3.56;1.0;22.0;1.0;0.0;6.9111111111111105;0.7333333333333334;2.4888888888888885;4.171666666666667;1.0;22.0;0.0
1.0;0.0;6.922222222222222;0.7111111111111111;2.5;3.0883333333333334;1.0;18.0;1.0333333333333334;0.0;7.344444444444445;0.6666666666666666;2.533333333333333;3.4583333333333335;1.0;19.0;1.0;0.0;6.944444444444444;0.688888888888889;2.5666666666666664;4.656666666666666;1.0;19.0;1.0333333333333334;0.0;7.755555555555557;0.7444444444444445;2.5555555555555554;3.516666666666667;1.0;20.0;1.0;0.0;6.7444444444444445;0.6777777777777777;2.522222222222222;4.196666666666666;1.0;20.0;1.011111111111111;0.0;7.544444444444444;0.7777777777777778;2.533333333333333;4.17;1.0;21.0;1.0;0.0;6.755555555555556;0.7666666666666666;2.5666666666666664;4.283333333333334;1.0;21.0;1.0;0.0;7.31111111111111;0.6777777777777777;2.4333333333333336;3.56;1.0;22.0;1.0;0.0;6.9111111111111105;0.7333333333333334;2.4888888888888885;4.171666666666667;1.0;22.0;1.0;0.0;7.488888888888888;0.7666666666666667;2.5444444444444443;3.9299999999999997;1.0;23.0;0.0
1.0333333333333334;0.0;7.344444444444445;0.6666666666666666;2.533333333333333;3.4583333333333335;1.0;19.0;1.0;0.0;6.944444444444444;0.688888888888889;2.5666666666666664;4.656666666666666;1.0;19.0;1.0333333333333334;0.0;7.755555555555557;0.7444444444444445;2.5555555555555554;3.516666666666667;1.0;20.0;1.0;0.0;6.7444444444444445;0.6777777777777777;2.522222222222222;4.196666666666666;1.0;20.0;1.011111111111111;0.0;7.544444444444444;0.7777777777777778;2.533333333333333;4.17;1.0;21.0;1.0;0.0;6.755555555555556;0.7666666666666666;2.5666666666666664;4.283333333333334;1.0;21.0;1.0;0.0;7.31111111111111;0.6777777777777777;2.4333333333333336;3.56;1.0;22.0;1.0;0.0;6.9111111111111105;0.7333333333333334;2.4888888888888885;4.171666666666667;1.0;22.0;1.0;0.0;7.488888888888888;0.7666666666666667;2.5444444444444443;3.9299999999999997;1.0;23.0;1.0;0.0;6.888888888888889;0.7666666666666666;2.511111111111111;4.113333333333333;1.0;23.0;0.0
1.0;0.0;6.944444444444444;0.688888888888889;2.5666666666666664;4.656666666666666;1.0;19.0;1.0333333333333334;0.0;7.755555555555557;0.7444444444444445;2.5555555555555554;3.516666666666667;1.0;20.0;1.0;0.0;6.7444444444444445;0.6777777777777777;2.522222222222222;4.196666666666666;1.0;20.0;1.011111111111111;0.0;7.544444444444444;0.7777777777777778;2.533333333333333;4.17;1.0;21.0;1.0;0.0;6.755555555555556;0.7666666666666666;2.5666666666666664;4.283333333333334;1.0;21.0;1.0;0.0;7.31111111111111;0.6777777777777777;2.4333333333333336;3.56;1.0;22.0;1.0;0.0;6.9111111111111105;0.7333333333333334;2.4888888888888885;4.171666666666667;1.0;22.0;1.0;0.0;7.488888888888888;0.7666666666666667;2.5444444444444443;3.9299999999999997;1.0;23.0;1.0;0.0;6.888888888888889;0.7666666666666666;2.511111111111111;4.113333333333333;1.0;23.0;1.0;0.0;7.266666666666667;0.7777777777777778;2.5444444444444443;3.316666666666667;2.0;0.0;0.0
1.0333333333333334;0.0;7.755555555555557;0.7444444444444445;2.5555555555555554;3.516666666666667;1.0;20.0;1.0;0.0;6.7444444444444445;0.6777777777777777;2.522222222222222;4.196666666666666;1.0;20.0;1.011111111111111;0.0;7.544444444444444;0.7777777777777778;2.533333333333333;4.17;1.0;21.0;1.0;0.0;6.755555555555556;0.7666666666666666;2.5666666666666664;4.283333333333334;1.0;21.0;1.0;0.0;7.31111111111111;0.6777777777777777;2.4333333333333336;3.56;1.0;22.0;1.0;0.0;6.9111111111111105;0.7333333333333334;2.4888888888888885;4.171666666666667;1.0;22.0;1.0;0.0;7.488888888888888;0.7666666666666667;2.5444444444444443;3.9299999999999997;1.0;23.0;1.0;0.0;6.888888888888889;0.7666666666666666;2.511111111111111;4.113333333333333;1.0;23.0;1.0;0.0;7.266666666666667;0.7777777777777778;2.5444444444444443;3.316666666666667;2.0;0.0;1.0333333333333334;0.0;6.892063492063492;0.7111111111111111;2.5;3.8983333333333334;2.0;0.0;0.0
1.0;0.0;6.7444444444444445;0.6777777777777777;2.522222222222222;4.196666666666666;1.0;20.0;1.011111111111111;0.0;7.544444444444444;0.7777777777777778;2.533333333333333;4.17;1.0;21.0;1.0;0.0;6.755555555555556;0.7666666666666666;2.5666666666666664;4.283333333333334;1.0;21.0;1.0;0.0;7.31111111111111;0.6777777777777777;2.4333333333333336;3.56;1.0;22.0;1.0;0.0;6.9111111111111105;0.7333333333333334;2.4888888888888885;4.171666666666667;1.0;22.0;1.0;0.0;7.488888888888888;0.7666666666666667;2.5444444444444443;3.9299999999999997;1.0;23.0;1.0;0.0;6.888888888888889;0.7666666666666666;2.511111111111111;4.113333333333333;1.0;23.0;1.0;0.0;7.266666666666667;0.7777777777777778;2.5444444444444443;3.316666666666667;2.0;0.0;1.0333333333333334;0.0;6.892063492063492;0.7111111111111111;2.5;3.8983333333333334;2.0;0.0;1.0222222222222221;0.0;7.222222222222221;0.7111111111111111;2.3444444444444446;2.9916666666666667;2.0;1.0;0.0
1.011111111111111;0.0;7.544444444444444;0.7777777777777778;2.533333333333333;4.17;1.0;21.0;1.0;0.0;6.755555555555556;0.7666666666666666;2.5666666666666664;4.283333333333334;1.0;21.0;1.0;0.0;7.31111111111111;0.6777777777777777;2.4333333333333336;3.56;1.0;22.0;1.0;0.0;6.9111111111111105;0.7333333333333334;2.4888888888888885;4.171666666666667;1.0;22.0;1.0;0.0;7.488888888888888;0.7666666666666667;2.5444444444444443;3.9299999999999997;1.0;23.0;1.0;0.0;6.888888888888889;0.7666666666666666;2.511111111111111;4.113333333333333;1.0;23.0;1.0;0.0;7.266666666666667;0.7777777777777778;2.5444444444444443;3.316666666666667;2.0;0.0;1.0333333333333334;0.0;6.892063492063492;0.7111111111111111;2.5;3.8983333333333334;2.0;0.0;1.0222222222222221;0.0;7.222222222222221;0.7111111111111111;2.3444444444444446;2.9916666666666667;2.0;1.0;1.0;0.0;6.866666666666667;0.7777777777777778;2.466666666666667;4.156666666666667;2.0;1.0;0.0
1.0;0.0;6.755555555555556;0.7666666666666666;2.5666666666666664;4.283333333333334;1.0;21.0;1.0;0.0;7.31111111111111;0.6777777777777777;2.4333333333333336;3.56;1.0;22.0;1.0;0.0;6.9111111111111105;0.7333333333333334;2.4888888888888885;4.171666666666667;1.0;22.0;1.0;0.0;7.488888888888888;0.7666666666666667;2.5444444444444443;3.9299999999999997;1.0;23.0;1.0;0.0;6.888888888888889;0.7666666666666666;2.511111111111111;4.113333333333333;1.0;23.0;1.0;0.0;7.266666666666667;0.7777777777777778;2.5444444444444443;3.316666666666667;2.0;0.0;1.0333333333333334;0.0;6.892063492063492;0.7111111111111111;2.5;3.8983333333333334;2.0;0.0;1.0222222222222221;0.0;7.222222222222221;0.7111111111111111;2.3444444444444446;2.9916666666666667;2.0;1.0;1.0;0.0;6.866666666666667;0.7777777777777778;2.466666666666667;4.156666666666667;2.0;1.0;1.2333333333333334;0.0;15.566666666666668;1.7111111111111112;2.611111111111111;4.498333333333334;2.0;2.0;0.0
1.0;0.0;7.31111111111111;0.6777777777777777;2.4333333333333336;3.56;1.0;22.0;1.0;0.0;6.9111111111111105;0.7333333333333334;2.4888888888888885;4.171666666666667;1.0;22.0;1.0;0.0;7.488888888888888;0.7666666666666667;2.5444444444444443;3.9299999999999997;1.0;23.0;1.0;0.0;6.888888888888889;0.7666666666666666;2.511111111111111;4.113333333333333;1.0;23.0;1.0;0.0;7.266666666666667;0.7777777777777778;2.5444444444444443;3.316666666666667;2.0;0.0;1.0333333333333334;0.0;6.892063492063492;0.7111111111111111;2.5;3.8983333333333334;2.0;0.0;1.0222222222222221;0.0;7.222222222222221;0.7111111111111111;2.3444444444444446;2.9916666666666667;2.0;1.0;1.0;0.0;6.866666666666667;0.7777777777777778;2.466666666666667;4.156666666666667;2.0;1.0;1.2333333333333334;0.0;15.566666666666668;1.7111111111111112;2.611111111111111;4.498333333333334;2.0;2.0;1.0;0.0;6.7555555555555555;0.7555555555555555;2.5444444444444443;4.3566666666666665;2.0;2.0;0.0
1.0;0.0;6.9111111111111105;0.7333333333333334;2.4888888888888885;4.171666666666667;1.0;22.0;1.0;0.0;7.488888888888888;0.7666666666666667;2.5444444444444443;3.9299999999999997;1.0;23.0;1.0;0.0;6.888888888888889;0.7666666666666666;2.511111111111111;4.113333333333333;1.0;23.0;1.0;0.0;7.266666666666667;0.7777777777777778;2.5444444444444443;3.316666666666667;2.0;0.0;1.0333333333333334;0.0;6.892063492063492;0.7111111111111111;2.5;3.8983333333333334;2.0;0.0;1.0222222222222221;0.0;7.222222222222221;0.7111111111111111;2.3444444444444446;2.9916666666666667;2.0;1.0;1.0;0.0;6.866666666666667;0.7777777777777778;2.466666666666667;4.156666666666667;2.0;1.0;1.2333333333333334;0.0;15.566666666666668;1.7111111111111112;2.611111111111111;4.498333333333334;2.0;2.0;1.0;0.0;6.7555555555555555;0.7555555555555555;2.5444444444444443;4.3566666666666665;2.0;2.0;1.0;0.0;7.244444444444444;0.888888888888889;2.6444444444444444;2.5500000000000003;2.0;3.0;0.0
1.0;0.0;7.488888888888888;0.7666666666666667;2.5444444444444443;3.9299999999999997;1.0;23.0;1.0;0.0;6.888888888888889;0.7666666666666666;2.511111111111111;4.113333333333333;1.0;23.0;1.0;0.0;7.266666666666667;0.7777777777777778;2.5444444444444443;3.316666666666667;2.0;0.0;1.0333333333333334;0.0;6.892063492063492;0.7111111111111111;2.5;3.8983333333333334;2.0;0.0;1.0222222222222221;0.0;7.222222222222221;0.7111111111111111;2.3444444444444446;2.9916666666666667;2.0;1.0;1.0;0.0;6.866666666666667;0.7777777777777778;2.466666666666667;4.156666666666667;2.0;1.0;1.2333333333333334;0.0;15.566666666666668;1.7111111111111112;2.611111111111111;4.498333333333334;2.0;2.0;1.0;0.0;6.7555555555555555;0.7555555555555555;2.5444444444444443;4.3566666666666665;2.0;2.0;1.0;0.0;7.244444444444444;0.888888888888889;2.6444444444444444;2.5500000000000003;2.0;3.0;1.0;0.0;6.800000000000001;0.8777777777777777;2.5555555555555554;3.401666666666667;2.0;3.0;0.0
1.0;0.0;6.888888888888889;0.7666666666666666;2.511111111111111;4.113333333333333;1.0;23.0;1.0;0.0;7.266666666666667;0.7777777777777778;2.5444444444444443;3.316666666666667;2.0;0.0;1.0333333333333334;0.0;6.892063492063492;0.7111111111111111;2.5;3.8983333333333334;2.0;0.0;1.0222222222222221;0.0;7.222222222222221;0.7111111111111111;2.3444444444444446;2.9916666666666667;2.0;1.0;1.0;0.0;6.866666666666667;0.7777777777777778;2.466666666666667;4.156666666666667;2.0;1.0;1.2333333333333334;0.0;15.566666666666668;1.7111111111111112;2.611111111111111;4.498333333333334;2.0;2.0;1.0;0.0;6.7555555555555555;0.7555555555555555;2.5444444444444443;4.3566666666666665;2.0;2.0;1.0;0.0;7.244444444444444;0.888888888888889;2.6444444444444444;2.5500000000000003;2.0;3.0;1.0;0.0;6.800000000000001;0.8777777777777777;2.5555555555555554;3.401666666666667;2.0;3.0;1.0;0.0;7.51111111111111;0.8555555555555556;2.6333333333333333;3.2466666666666666;2.0;4.0;0.0
1.0;0.0;7.266666666666667;0.7777777777777778;2.5444444444444443;3.316666666666667;2.0;0.0;1.0333333333333334;0.0;6.892063492063492;0.7111111111111111;2.5;3.8983333333333334;2.0;0.0;1.0222222222222221;0.0;7.222222222222221;0.7111111111111111;2.3444444444444446;2.9916666666666667;2.0;1.0;1.0;0.0;6.866666666666667;0.7777777777777778;2.466666666666667;4.156666666666667;2.0;1.0;1.2333333333333334;0.0;15.566666666666668;1.7111111111111112;2.611111111111111;4.498333333333334;2.0;2.0;1.0;0.0;6.7555555555555555;0.7555555555555555;2.5444444444444443;4.3566666666666665;2.0;2.0;1.0;0.0;7.244444444444444;0.888888888888889;2.6444444444444444;2.5500000000000003;2.0;3.0;1.0;0.0;6.800000000000001;0.8777777777777777;2.5555555555555554;3.401666666666667;2.0;3.0;1.0;0.0;7.51111111111111;0.8555555555555556;2.6333333333333333;3.2466666666666666;2.0;4.0;1.0;0.0;6.633333333333333;0.888888888888889;2.5999999999999996;3.401666666666666;2.0;4.0;0.0
1.0333333333333334;0.0;6.892063492063492;0.7111111111111111;2.5;3.8983333333333334;2.0;0.0;1.0222222222222221;0.0;7.222222222222221;0.7111111111111111;2.3444444444444446;2.9916666666666667;2.0;1.0;1.0;0.0;6.866666666666667;0.7777777777777778;2.466666666666667;4.156666666666667;2.0;1.0;1.2333333333333334;0.0;15.566666666666668;1.7111111111111112;2.611111111111111;4.498333333333334;2.0;2.0;1.0;0.0;6.7555555555555555;0.7555555555555555;2.5444444444444443;4.3566666666666665;2.0;2.0;1.0;0.0;7.244444444444444;0.888888888888889;2.6444444444444444;2.5500000000000003;2.0;3.0;1.0;0.0;6.800000000000001;0.8777777777777777;2.5555555555555554;3.401666666666667;2.0;3.0;1.0;0.0;7.51111111111111;0.8555555555555556;2.6333333333333333;3.2466666666666666;2.0;4.0;1.0;0.0;6.633333333333333;0.888888888888889;2.5999999999999996;3.401666666666666;2.0;4.0;1.4666666666666668;0.0;8.799999999999999;8.366666666666667;11.811111111111112;3.2583333333333333;2.0;5.0;0.0
1.0222222222222221;0.0;7.222222222222221;0.7111111111111111;2.3444444444444446;2.9916666666666667;2.0;1.0;1.0;0.0;6.866666666666667;0.7777777777777778;2.466666666666667;4.156666666666667;2.0;1.0;1.2333333333333334;0.0;15.566666666666668;1.7111111111111112;2.611111111111111;4.498333333333334;2.0;2.0;1.0;0.0;6.7555555555555555;0.7555555555555555;2.5444444444444443;4.3566666666666665;2.0;2.0;1.0;0.0;7.244444444444444;0.888888888888889;2.6444444444444444;2.5500000000000003;2.0;3.0;1.0;0.0;6.800000000000001;0.8777777777777777;2.5555555555555554;3.401666666666667;2.0;3.0;1.0;0.0;7.51111111111111;0.8555555555555556;2.6333333333333333;3.2466666666666666;2.0;4.0;1.0;0.0;6.633333333333333;0.888888888888889;2.5999999999999996;3.401666666666666;2.0;4.0;1.4666666666666668;0.0;8.799999999999999;8.366666666666667;11.811111111111112;3.2583333333333333;2.0;5.0;1.4666666666666668;0.0;7.966666666666666;1.388888888888889;3.4555555555555557;3.9;2.0;5.0;0.0
1.0;0.0;6.866666666666667;0.7777777777777778;2.466666666666667;4.156666666666667;2.0;1.0;1.2333333333333334;0.0;15.566666666666668;1.7111111111111112;2.611111111111111;4.498333333333334;2.0;2.0;1.0;0.0;6.7555555555555555;0.7555555555555555;2.5444444444444443;4.3566666666666665;2.0;2.0;1.0;0.0;7.244444444444444;0.888888888888889;2.6444444444444444;2.5500000000000003;2.0;3.0;1.0;0.0;6.800000000000001;0.8777777777777777;2.5555555555555554;3.401666666666667;2.0;3.0;1.0;0.0;7.51111111111111;0.8555555555555556;2.6333333333333333;3.2466666666666666;2.0;4.0;1.0;0.0;6.633333333333333;0.888888888888889;2.5999999999999996;3.401666666666666;2.0;4.0;1.4666666666666668;0.0;8.799999999999999;8.366666666666667;11.811111111111112;3.2583333333333333;2.0;5.0;1.4666666666666668;0.0;7.966666666666666;1.388888888888889;3.4555555555555557;3.9;2.0;5.0;1.0;0.0;7.777777777777778;0.8333333333333334;2.6555555555555554;4.085;2.0;6.0;0.0
1.2333333333333334;0.0;15.566666666666668;1.7111111111111112;2.611111111111111;4.498333333333334;2.0;2.0;1.0;0.0;6.7555555555555555;0.7555555555555555;2.5444444444444443;4.3566666666666665;2.0;2.0;1.0;0.0;7.244444444444444;0.888888888888889;2.6444444444444444;2.5500000000000003;2.0;3.0;1.0;0.0;6.800000000000001;0.8777777777777777;2.5555555555555554;3.401666666666667;2.0;3.0;1.0;0.0;7.51111111111111;0.8555555555555556;2.6333333333333333;3.2466666666666666;2.0;4.0;1.0;0.0;6.633333333333333;0.888888888888889;2.5999999999999996;3.401666666666666;2.0;4.0;1.4666666666666668;0.0;8.799999999999999;8.366666666666667;11.811111111111112;3.2583333333333333;2.0;5.0;1.4666666666666668;0.0;7.966666666666666;1.388888888888889;3.4555555555555557;3.9;2.0;5.0;1.0;0.0;7.777777777777778;0.8333333333333334;2.6555555555555554;4.085;2.0;6.0;7.555555555555556;35.17777777777777;13.144444444444444;59.7888888888889;69.06666666666668;12.881666666666668;2.0;6.0;0.0
1.0;0.0;6.7555555555555555;0.7555555555555555;2.5444444444444443;4.3566666666666665;2.0;2.0;1.0;0.0;7.244444444444444;0.888888888888889;2.6444444444444444;2.5500000000000003;2.0;3.0;1.0;0.0;6.800000000000001;0.8777777777777777;2.5555555555555554;3.401666666666667;2.0;3.0;1.0;0.0;7.51111111111111;0.8555555555555556;2.6333333333333333;3.2466666666666666;2.0;4.0;1.0;0.0;6.633333333333333;0.888888888888889;2.5999999999999996;3.401666666666666;2.0;4.0;1.4666666666666668;0.0;8.799999999999999;8.366666666666667;11.811111111111112;3.2583333333333333;2.0;5.0;1.4666666666666668;0.0;7.966666666666666;1.388888888888889;3.4555555555555557;3.9;2.0;5.0;1.0;0.0;7.777777777777778;0.8333333333333334;2.6555555555555554;4.085;2.0;6.0;7.555555555555556;35.17777777777777;13.144444444444444;59.7888888888889;69.06666666666668;12.881666666666668;2.0;6.0;1.0333333333333334;0.0;7.777777777777778;0.7888888888888889;2.6666666666666665;4.740000000000001;2.0;7.0;0.0
1.0;0.0;7.244444444444444;0.888888888888889;2.6444444444444444;2.5500000000000003;2.0;3.0;1.0;0.0;6.800000000000001;0.8777777777777777;2.5555555555555554;3.401666666666667;2.0;3.0;1.0;0.0;7.51111111111111;0.8555555555555556;2.6333333333333333;3.2466666666666666;2.0;4.0;1.0;0.0;6.633333333333333;0.888888888888889;2.5999999999999996;3.401666666666666;2.0;4.0;1.4666666666666668;0.0;8.799999999999999;8.366666666666667;11.811111111111112;3.2583333333333333;2.0;5.0;1.4666666666666668;0.0;7.966666666666666;1.388888888888889;3.4555555555555557;3.9;2.0;5.0;1.0;0.0;7.777777777777778;0.8333333333333334;2.6555555555555554;4.085;2.0;6.0;7.555555555555556;35.17777777777777;13.144444444444444;59.7888888888889;69.06666666666668;12.881666666666668;2.0;6.0;1.0333333333333334;0.0;7.777777777777778;0.7888888888888889;2.6666666666666665;4.740000000000001;2.0;7.0;1.0;0.0;6.811111111111111;0.811111111111111;2.6888888888888887;3.9433333333333334;2.0;7.0;0.0
1.0;0.0;6.800000000000001;0.8777777777777777;2.5555555555555554;3.401666666666667;2.0;3.0;1.0;0.0;7.51111111111111;0.8555555555555556;2.6333333333333333;3.2466666666666666;2.0;4.0;1.0;0.0;6.633333333333333;0.888888888888889;2.5999999999999996;3.401666666666666;2.0;4.0;1.4666666666666668;0.0;8.799999999999999;8.366666666666667;11.811111111111112;3.2583333333333333;2.0;5.0;1.4666666666666668;0.0;7.966666666666666;1.388888888888889;3.4555555555555557;3.9;2.0;5.0;1.0;0.0;7.777777777777778;0.8333333333333334;2.6555555555555554;4.085;2.0;6.0;7.555555555555556;35.17777777777777;13.144444444444444;59.7888888888889;69.06666666666668;12.881666666666668;2.0;6.0;1.0333333333333334;0.0;7.777777777777778;0.7888888888888889;2.6666666666666665;4.740000000000001;2.0;7.0;1.0;0.0;6.811111111111111;0.811111111111111;2.6888888888888887;3.9433333333333334;2.0;7.0;1.0333333333333334;0.0;7.866666666666667;0.7666666666666666;2.677777777777777;3.84;2.0;8.0;0.0
1.0;0.0;7.51111111111111;0.8555555555555556;2.6333333333333333;3.2466666666666666;2.0;4.0;1.0;0.0;6.633333333333333;0.888888888888889;2.5999999999999996;3.401666666666666;2.0;4.0;1.4666666666666668;0.0;8.799999999999999;8.366666666666667;11.811111111111112;3.2583333333333333;2.0;5.0;1.4666666666666668;0.0;7.966666666666666;1.388888888888889;3.4555555555555557;3.9;2.0;5.0;1.0;0.0;7.777777777777778;0.8333333333333334;2.6555555555555554;4.085;2.0;6.0;7.555555555555556;35.17777777777777;13.144444444444444;59.7888888888889;69.06666666666668;12.881666666666668;2.0;6.0;1.0333333333333334;0.0;7.777777777777778;0.7888888888888889;2.6666666666666665;4.740000000000001;2.0;7.0;1.0;0.0;6.811111111111111;0.811111111111111;2.6888888888888887;3.9433333333333334;2.0;7.0;1.0333333333333334;0.0;7.866666666666667;0.7666666666666666;2.677777777777777;3.84;2.0;8.0;1.0;0.0;6.911111111111111;0.7555555555555555;2.6555555555555554;3.6999999999999993;2.0;8.0;0.0
1.0;0.0;6.633333333333333;0.888888888888889;2.5999999999999996;3.401666666666666;2.0;4.0;1.4666666666666668;0.0;8.799999999999999;8.366666666666667;11.811111111111112;3.2583333333333333;2.0;5.0;1.4666666666666668;0.0;7.966666666666666;1.388888888888889;3.4555555555555557;3.9;2.0;5.0;1.0;0.0;7.777777777777778;0.8333333333333334;2.6555555555555554;4.085;2.0;6.0;7.555555555555556;35.17777777777777;13.144444444444444;59.7888888888889;69.06666666666668;12.881666666666668;2.0;6.0;1.0333333333333334;0.0;7.777777777777778;0.7888888888888889;2.6666666666666665;4.740000000000001;2.0;7.0;1.0;0.0;6.811111111111111;0.811111111111111;2.6888888888888887;3.9433333333333334;2.0;7.0;1.0333333333333334;0.0;7.866666666666667;0.7666666666666666;2.677777777777777;3.84;2.0;8.0;1.0;0.0;6.911111111111111;0.7555555555555555;2.6555555555555554;3.6999999999999993;2.0;8.0;1.0333333333333334;0.0;7.833333333333332;0.7999999999999999;2.6555555555555554;3.5700000000000003;2.0;9.0;0.0
1.4666666666666668;0.0;8.799999999999999;8.366666666666667;11.811111111111112;3.2583333333333333;2.0;5.0;1.4666666666666668;0.0;7.966666666666666;1.388888888888889;3.4555555555555557;3.9;2.0;5.0;1.0;0.0;7.777777777777778;0.8333333333333334;2.6555555555555554;4.085;2.0;6.0;7.555555555555556;35.17777777777777;13.144444444444444;59.7888888888889;69.06666666666668;12.881666666666668;2.0;6.0;1.0333333333333334;0.0;7.777777777777778;0.7888888888888889;2.6666666666666665;4.740000000000001;2.0;7.0;1.0;0.0;6.811111111111111;0.811111111111111;2.6888888888888887;3.9433333333333334;2.0;7.0;1.0333333333333334;0.0;7.866666666666667;0.7666666666666666;2.677777777777777;3.84;2.0;8.0;1.0;0.0;6.911111111111111;0.7555555555555555;2.6555555555555554;3.6999999999999993;2.0;8.0;1.0333333333333334;0.0;7.833333333333332;0.7999999999999999;2.6555555555555554;3.5700000000000003;2.0;9.0;1.0;0.0;6.988888888888888;0.7777777777777777;2.6222222222222222;4.21;2.0;9.0;0.0
1.4666666666666668;0.0;7.966666666666666;1.388888888888889;3.4555555555555557;3.9;2.0;5.0;1.0;0.0;7.777777777777778;0.8333333333333334;2.6555555555555554;4.085;2.0;6.0;7.555555555555556;35.17777777777777;13.144444444444444;59.7888888888889;69.06666666666668;12.881666666666668;2.0;6.0;1.0333333333333334;0.0;7.777777777777778;0.7888888888888889;2.6666666666666665;4.740000000000001;2.0;7.0;1.0;0.0;6.811111111111111;0.811111111111111;2.6888888888888887;3.9433333333333334;2.0;7.0;1.0333333333333334;0.0;7.866666666666667;0.7666666666666666;2.677777777777777;3.84;2.0;8.0;1.0;0.0;6.911111111111111;0.7555555555555555;2.6555555555555554;3.6999999999999993;2.0;8.0;1.0333333333333334;0.0;7.833333333333332;0.7999999999999999;2.6555555555555554;3.5700000000000003;2.0;9.0;1.0;0.0;6.988888888888888;0.7777777777777777;2.6222222222222222;4.21;2.0;9.0;1.0333333333333334;0.0;7.3999999999999995;0.7888888888888889;2.6222222222222222;3.3016666666666663;2.0;10.0;0.0
1.0;0.0;7.777777777777778;0.8333333333333334;2.6555555555555554;4.085;2.0;6.0;7.555555555555556;35.17777777777777;13.144444444444444;59.7888888888889;69.06666666666668;12.881666666666668;2.0;6.0;1.0333333333333334;0.0;7.777777777777778;0.7888888888888889;2.6666666666666665;4.740000000000001;2.0;7.0;1.0;0.0;6.811111111111111;0.811111111111111;2.6888888888888887;3.9433333333333334;2.0;7.0;1.0333333333333334;0.0;7.866666666666667;0.7666666666666666;2.677777777777777;3.84;2.0;8.0;1.0;0.0;6.911111111111111;0.7555555555555555;2.6555555555555554;3.6999999999999993;2.0;8.0;1.0333333333333334;0.0;7.833333333333332;0.7999999999999999;2.6555555555555554;3.5700000000000003;2.0;9.0;1.0;0.0;6.988888888888888;0.7777777777777777;2.6222222222222222;4.21;2.0;9.0;1.0333333333333334;0.0;7.3999999999999995;0.7888888888888889;2.6222222222222222;3.3016666666666663;2.0;10.0;1.0333333333333334;0.0;7.0555555555555545;0.7555555555555555;2.6333333333333333;3.7083333333333335;2.0;10.0;0.0
7.555555555555556;35.17777777777777;13.144444444444444;59.7888888888889;69.06666666666668;12.881666666666668;2.0;6.0;1.0333333333333334;0.0;7.777777777777778;0.7888888888888889;2.6666666666666665;4.740000000000001;2.0;7.0;1.0;0.0;6.811111111111111;0.811111111111111;2.6888888888888887;3.9433333333333334;2.0;7.0;1.0333333333333334;0.0;7.866666666666667;0.7666666666666666;2.677777777777777;3.84;2.0;8.0;1.0;0.0;6.911111111111111;0.7555555555555555;2.6555555555555554;3.6999999999999993;2.0;8.0;1.0333333333333334;0.0;7.833333333333332;0.7999999999999999;2.6555555555555554;3.5700000000000003;2.0;9.0;1.0;0.0;6.988888888888888;0.7777777777777777;2.6222222222222222;4.21;2.0;9.0;1.0333333333333334;0.0;7.3999999999999995;0.7888888888888889;2.6222222222222222;3.3016666666666663;2.0;10.0;1.0333333333333334;0.0;7.0555555555555545;0.7555555555555555;2.6333333333333333;3.7083333333333335;2.0;10.0;1.0333333333333334;0.0;7.5;0.7777777777777777;2.6222222222222222;4.038333333333333;2.0;11.0;0.0
1.0333333333333334;0.0;7.777777777777778;0.7888888888888889;2.6666666666666665;4.740000000000001;2.0;7.0;1.0;0.0;6.811111111111111;0.811111111111111;2.6888888888888887;3.9433333333333334;2.0;7.0;1.0333333333333334;0.0;7.866666666666667;0.7666666666666666;2.677777777777777;3.84;2.0;8.0;1.0;0.0;6.911111111111111;0.7555555555555555;2.6555555555555554;3.6999999999999993;2.0;8.0;1.0333333333333334;0.0;7.833333333333332;0.7999999999999999;2.6555555555555554;3.5700000000000003;2.0;9.0;1.0;0.0;6.988888888888888;0.7777777777777777;2.6222222222222222;4.21;2.0;9.0;1.0333333333333334;0.0;7.3999999999999995;0.7888888888888889;2.6222222222222222;3.3016666666666663;2.0;10.0;1.0333333333333334;0.0;7.0555555555555545;0.7555555555555555;2.6333333333333333;3.7083333333333335;2.0;10.0;1.0333333333333334;0.0;7.5;0.7777777777777777;2.6222222222222222;4.038333333333333;2.0;11.0;1.0;0.0;6.922222222222223;0.7888888888888889;2.6;3.936666666666667;2.0;11.0;0.0
1.0;0.0;6.811111111111111;0.811111111111111;2.6888888888888887;3.9433333333333334;2.0;7.0;1.0333333333333334;0.0;7.866666666666667;0.7666666666666666;2.677777777777777;3.84;2.0;8.0;1.0;0.0;6.911111111111111;0.7555555555555555;2.6555555555555554;3.6999999999999993;2.0;8.0;1.0333333333333334;0.0;7.833333333333332;0.7999999999999999;2.6555555555555554;3.5700000000000003;2.0;9.0;1.0;0.0;6.988888888888888;0.7777777777777777;2.6222222222222222;4.21;2.0;9.0;1.0333333333333334;0.0;7.3999999999999995;0.7888888888888889;2.6222222222222222;3.3016666666666663;2.0;10.0;1.0333333333333334;0.0;7.0555555555555545;0.7555555555555555;2.6333333333333333;3.7083333333333335;2.0;10.0;1.0333333333333334;0.0;7.5;0.7777777777777777;2.6222222222222222;4.038333333333333;2.0;11.0;1.0;0.0;6.922222222222223;0.7888888888888889;2.6;3.936666666666667;2.0;11.0;1.7;0.0111111111111111;10.188888888888888;0.9555555555555556;2.733333333333333;5.411666666666666;2.0;12.0;0.0
1.0333333333333334;0.0;7.866666666666667;0.7666666666666666;2.677777777777777;3.84;2.0;8.0;1.0;0.0;6.911111111111111;0.7555555555555555;2.6555555555555554;3.6999999999999993;2.0;8.0;1.0333333333333334;0.0;7.833333333333332;0.7999999999999999;2.6555555555555554;3.5700000000000003;2.0;9.0;1.0;0.0;6.988888888888888;0.7777777777777777;2.6222222222222222;4.21;2.0;9.0;1.0333333333333334;0.0;7.3999999999999995;0.7888888888888889;2.6222222222222222;3.3016666666666663;2.0;10.0;1.0333333333333334;0.0;7.0555555555555545;0.7555555555555555;2.6333333333333333;3.7083333333333335;2.0;10.0;1.0333333333333334;0.0;7.5;0.7777777777777777;2.6222222222222222;4.038333333333333;2.0;11.0;1.0;0.0;6.922222222222223;0.7888888888888889;2.6;3.936666666666667;2.0;11.0;1.7;0.0111111111111111;10.188888888888888;0.9555555555555556;2.733333333333333;5.411666666666666;2.0;12.0;1.0;0.0;6.8;0.7999999999999999;2.6555555555555554;4.25;2.0;12.0;0.0
1.0;0.0;6.911111111111111;0.7555555555555555;2.6555555555555554;3.6999999999999993;2.0;8.0;1.0333333333333334;0.0;7.833333333333332;0.7999999999999999;2.6555555555555554;3.5700000000000003;2.0;9.0;1.0;0.0;6.988888888888888;0.7777777777777777;2.6222222222222222;4.21;2.0;9.0;1.0333333333333334;0.0;7.3999999999999995;0.7888888888888889;2.6222222222222222;3.3016666666666663;2.0;10.0;1.0333333333333334;0.0;7.0555555555555545;0.7555555555555555;2.6333333333333333;3.7083333333333335;2.0;10.0;1.0333333333333334;0.0;7.5;0.7777777777777777;2.6222222222222222;4.038333333333333;2.0;11.0;1.0;0.0;6.922222222222223;0.7888888888888889;2.6;3.936666666666667;2.0;11.0;1.7;0.0111111111111111;10.188888888888888;0.9555555555555556;2.733333333333333;5.411666666666666;2.0;12.0;1.0;0.0;6.8;0.7999999999999999;2.6555555555555554;4.25;2.0;12.0;1.0333333333333334;0.0;7.744444444444444;0.7666666666666666;2.588888888888889;3.7716666666666665;2.0;13.0;0.0
1.0333333333333334;0.0;7.833333333333332;0.7999999999999999;2.6555555555555554;3.5700000000000003;2.0;9.0;1.0;0.0;6.988888888888888;0.7777777777777777;2.6222222222222222;4.21;2.0;9.0;1.0333333333333334;0.0;7.3999999999999995;0.7888888888888889;2.6222222222222222;3.3016666666666663;2.0;10.0;1.0333333333333334;0.0;7.0555555555555545;0.7555555555555555;2.6333333333333333;3.7083333333333335;2.0;10.0;1.0333333333333334;0.0;7.5;0.7777777777777777;2.6222222222222222;4.038333333333333;2.0;11.0;1.0;0.0;6.922222222222223;0.7888888888888889;2.6;3.936666666666667;2.0;11.0;1.7;0.0111111111111111;10.188888888888888;0.9555555555555556;2.733333333333333;5.411666666666666;2.0;12.0;1.0;0.0;6.8;0.7999999999999999;2.6555555555555554;4.25;2.0;12.0;1.0333333333333334;0.0;7.744444444444444;0.7666666666666666;2.588888888888889;3.7716666666666665;2.0;13.0;1.8111111111111111;0.0;9.966666666666667;0.9;2.733333333333334;5.078333333333333;2.0;13.0;0.0
1.0;0.0;6.988888888888888;0.7777777777777777;2.6222222222222222;4.21;2.0;9.0;1.0333333333333334;0.0;7.3999999999999995;0.7888888888888889;2.6222222222222222;3.3016666666666663;2.0;10.0;1.0333333333333334;0.0;7.0555555555555545;0.7555555555555555;2.6333333333333333;3.7083333333333335;2.0;10.0;1.0333333333333334;0.0;7.5;0.7777777777777777;2.6222222222222222;4.038333333333333;2.0;11.0;1.0;0.0;6.922222222222223;0.7888888888888889;2.6;3.936666666666667;2.0;11.0;1.7;0.0111111111111111;10.188888888888888;0.9555555555555556;2.733333333333333;5.411666666666666;2.0;12.0;1.0;0.0;6.8;0.7999999999999999;2.6555555555555554;4.25;2.0;12.0;1.0333333333333334;0.0;7.744444444444444;0.7666666666666666;2.588888888888889;3.7716666666666665;2.0;13.0;1.8111111111111111;0.0;9.966666666666667;0.9;2.733333333333334;5.078333333333333;2.0;13.0;1.0333333333333334;0.0;7.888888888888889;0.7777777777777777;2.577777777777778;3.9066666666666663;2.0;14.0;0.0
